100,78652,1,0
100,78648,2,0
100,78443,3,0
100,78712,4,0
100,78662,5,0
100,78655,6,0
100,78713,7,0
100,78714,8,0
100,78663,9,0
100,78715,10,0
100,78664,11,0
100,78433,12,0
100,78650,13,0
100,78409,14,0
100,78716,15,0
100,78415,16,0
100,78417,17,0
100,78419,18,0
100,78717,19,0
100,78423,20,0
100,78427,21,0
100,78718,22,0
100,78435,23,0
100,78658,24,0
100,78384,25,0
100,78640,26,0
100,78407,27,0
100,78366,28,0
100,78413,29,0
100,78395,30,0
100,78822,31,0
100,78755,32,0
100,78642,33,0
100,78638,34,0
100,78372,35,0
100,78374,36,0
100,78376,37,0
100,78378,38,0
100,78720,39,0
100,78381,40,0
100,78380,41,0
100,78397,42,0
100,78389,43,0
100,78644,44,0
100,78391,45,0
100,78393,46,0
100,78399,47,0
100,78324,48,0
100,78326,49,0
100,78328,50,0
100,78330,51,0
100,78332,52,0
100,78334,53,0
100,78336,54,0
100,78338,55,0
100,78322,56,0
100,78318,57,0
100,78320,58,0
100,78448,59,0
100,78721,60,0
100,78722,61,0
100,78724,62,0
100,78725,63,0
100,78726,64,0
100,78002,65,0
100,78356,66,0
100,78342,67,0
100,78350,68,0
100,78352,69,0
100,78354,70,0
100,78344,71,0
100,78358,72,0
100,78360,73,0
100,78362,74,0
100,78723,75,0
100,78289,76,0
100,78292,77,0
100,78284,78,0
100,78608,79,0
100,78296,80,0
100,78282,81,0
100,78298,82,0
100,78300,83,0
100,78728,84,0
100,78729,85,0
100,78245,86,0
100,78244,87,0
100,78243,88,0
100,78070,89,0
100,78217,90,0
100,78145,91,0
100,78024,92,0
100,78131,93,0
100,78162,94,0
100,78172,95,0
100,78176,96,0
100,78157,97,0
100,78124,98,0
100,78171,99,0
100,78178,100,0
100,78160,101,0
100,78132,102,0
100,78179,103,0
100,78136,104,0
100,78125,105,0
100,78730,106,0
100,78731,107,0
100,78734,108,0
100,78275,109,0
100,78274,110,0
100,77655,111,0
100,77501,112,0
100,77657,113,0
100,77503,114,0
100,77504,115,0
100,77505,116,0
100,77506,117,0
100,77509,118,0
100,77507,119,0
100,77508,120,0
100,78364,121,1
101,78364,1,0
101,78561,2,0
101,78564,3,0
101,78568,4,0
101,78565,5,0
101,78567,6,0
101,78559,7,0
101,78569,8,0
101,78563,9,0
101,76557,10,0
101,78315,11,0
101,78606,12,0
101,78898,13,0
101,78126,14,0
101,78135,15,0
101,78180,16,0
101,78137,17,0
101,78138,18,0
101,78177,19,0
101,78121,20,0
101,78123,21,0
101,78155,22,0
101,78174,23,0
101,78158,24,0
101,78173,25,0
101,78184,26,0
101,78130,27,0
101,78023,28,0
101,78144,29,0
101,78215,30,0
101,78216,31,0
101,78069,32,0
101,78233,33,0
101,78245,34,0
101,78244,35,0
101,78285,36,0
101,78611,37,0
101,78607,38,0
101,78297,39,0
101,78299,40,0
101,78295,41,0
101,78294,42,0
101,78283,43,0
101,78291,44,0
101,78290,45,0
101,78339,46,0
101,78361,47,0
101,78347,48,0
101,78357,49,0
101,78355,50,0
101,78343,51,0
101,78353,52,0
101,78351,53,0
101,78341,54,0
101,78345,55,0
101,78588,56,0
101,78586,57,0
101,78700,58,0
101,78587,59,0
101,78701,60,0
101,78702,61,0
101,78623,62,0
101,78348,63,0
101,78317,64,0
101,78321,65,0
101,78337,66,0
101,78335,67,0
101,78333,68,0
101,78331,69,0
101,78329,70,0
101,78327,71,0
101,78325,72,0
101,78323,73,0
101,78398,74,0
101,78392,75,0
101,78390,76,0
101,78643,77,0
101,78388,78,0
101,78396,79,0
101,78379,80,0
101,78400,81,0
101,78704,82,0
101,78377,83,0
101,78375,84,0
101,78373,85,0
101,78371,86,0
101,78369,87,0
101,78641,88,0
101,78754,89,0
101,78821,90,0
101,78394,91,0
101,78367,92,0
101,78365,93,0
101,78406,94,0
101,78639,95,0
101,78382,96,0
101,78659,97,0
101,78660,98,0
101,78434,99,0
101,78706,100,0
101,78426,101,0
101,78422,102,0
101,78661,103,0
101,78418,104,0
101,78416,105,0
101,78414,106,0
101,78651,107,0
101,78707,108,0
101,78708,109,0
101,78652,110,0
101,78892,111,0
101,78605,112,0
101,78710,113,0
101,78711,114,0
101,78647,115,0
101,78648,116,0
101,78443,117,0
101,78712,118,0
101,78662,119,0
101,78655,120,0
101,78713,121,0
101,78714,122,0
101,78663,123,0
101,78715,124,0
101,78664,125,0
101,78650,126,0
101,78433,127,1
2000,78324,1,0
2000,78326,2,0
2000,78328,3,0
2000,78330,4,0
2000,78332,5,0
2000,78334,6,0
2000,78336,7,0
2000,78596,8,0
2000,78597,9,0
2000,78530,10,0
2000,78599,11,0
2000,78600,12,0
2000,78601,13,0
2000,78602,14,0
2000,78448,15,0
2000,78721,16,0
2000,78722,17,0
2000,78724,18,0
2000,78725,19,0
2000,78726,20,0
2000,78002,21,0
2000,78356,22,0
2000,78509,23,0
2000,78510,24,0
2000,78511,25,0
2000,78512,26,0
2000,78513,27,0
2000,78514,28,0
2000,78501,29,0
2000,78515,30,0
2000,78516,31,0
2000,78517,32,0
2000,78518,33,0
2000,78519,34,0
2000,78520,35,0
2000,78521,36,0
2000,78522,37,0
2000,78523,38,0
2000,78524,39,0
2000,78525,40,0
2000,78526,41,0
2000,78449,42,0
2000,78527,43,0
2000,78528,44,0
2000,78529,45,0
2000,78342,46,0
2000,78350,47,0
2000,78352,48,0
2000,78354,49,0
2000,78344,50,0
2000,78358,51,0
2000,78570,52,0
2000,78571,53,0
2000,78572,54,0
2000,78573,55,0
2000,78574,56,0
2000,78575,57,0
2000,78598,58,1
2001,78531,1,0
2001,78532,2,0
2001,78533,3,0
2001,78534,4,0
2001,78535,5,0
2001,78536,6,0
2001,78537,7,0
2001,78357,8,0
2001,78355,9,0
2001,78343,10,0
2001,78353,11,0
2001,78351,12,0
2001,78341,13,0
2001,78345,14,0
2001,78588,15,0
2001,78586,16,0
2001,78700,17,0
2001,78587,18,0
2001,78538,19,0
2001,78539,20,0
2001,78540,21,0
2001,78450,22,0
2001,78541,23,0
2001,78546,24,0
2001,78547,25,0
2001,78521,26,0
2001,78522,27,0
2001,78523,28,0
2001,78524,29,0
2001,78548,30,0
2001,78549,31,0
2001,78550,32,0
2001,78551,33,0
2001,78552,34,0
2001,78500,35,0
2001,78553,36,0
2001,78554,37,0
2001,78555,38,0
2001,78556,39,0
2001,78557,40,0
2001,78558,41,0
2001,78560,42,0
2001,78701,43,0
2001,78702,44,0
2001,78623,45,0
2001,78589,46,0
2001,78590,47,0
2001,78591,48,0
2001,78592,49,0
2001,78593,50,0
2001,78594,51,0
2001,78595,52,0
2001,78335,53,0
2001,78333,54,0
2001,78331,55,0
2001,78329,56,0
2001,78327,57,0
2001,78325,58,0
2001,78323,59,1
2100,78135,1,0
2100,78180,2,0
2100,78137,3,0
2100,78138,4,0
2100,78177,5,0
2100,78121,6,0
2100,78123,7,0
2100,78753,8,0
2100,78161,9,0
2100,78156,10,0
2100,78543,11,0
2100,78545,12,0
2100,78109,13,0
2100,78147,14,0
2100,78149,15,0
2100,78107,16,0
2100,78105,17,0
2100,78103,18,0
2100,78076,19,0
2100,78101,20,0
2100,78115,21,0
2100,78057,22,0
2100,78116,23,0
2100,78117,24,0
2100,78045,25,0
2100,78046,26,0
2100,78132,27,0
2100,78179,28,0
2100,78136,29,0
2100,78125,30,0
2100,78730,31,0
2100,78731,32,0
2100,78734,33,0
2100,78275,34,0
2100,78274,35,0
2100,77655,36,0
2100,77501,37,0
2100,77657,38,0
2100,77503,39,0
2100,77504,40,0
2100,77505,41,0
2100,77506,42,0
2100,77509,43,0
2100,77507,44,0
2100,77508,45,0
2100,78364,46,1
2101,78364,1,0
2101,78561,2,0
2101,78564,3,0
2101,78568,4,0
2101,78565,5,0
2101,78567,6,0
2101,78559,7,0
2101,78569,8,0
2101,78563,9,0
2101,76557,10,0
2101,78315,11,0
2101,78606,12,0
2101,78898,13,0
2101,78126,14,0
2101,78135,15,0
2101,78180,16,0
2101,78137,17,0
2101,78138,18,0
2101,78177,19,0
2101,78121,20,0
2101,78123,21,0
2101,78753,22,0
2101,78161,23,0
2101,78156,24,0
2101,78543,25,0
2101,78545,26,0
2101,78109,27,0
2101,78147,28,0
2101,78149,29,0
2101,78107,30,0
2101,78105,31,0
2101,78103,32,0
2101,78076,33,0
2101,78101,34,0
2101,78115,35,0
2101,78057,36,0
2101,78116,37,0
2101,78117,38,0
2101,78045,39,0
2101,78046,40,0
2101,78132,41,0
2101,78179,42,0
2101,78136,43,1
2200,78055,1,0
2200,78042,2,0
2200,78151,3,0
2200,78040,4,0
2200,78038,5,0
2200,78036,6,0
2200,78033,7,0
2200,78031,8,0
2200,78029,9,0
2200,78028,10,0
2200,78025,11,0
2200,78020,12,0
2200,78018,13,0
2200,78016,14,0
2200,78014,15,0
2200,78013,16,0
2200,78508,17,0
2200,78136,18,0
2200,78125,19,0
2200,78730,20,0
2200,78731,21,0
2200,78734,22,0
2200,78275,23,0
2200,78274,24,0
2200,77655,25,0
2200,77501,26,0
2200,77657,27,0
2200,77503,28,0
2200,77504,29,0
2200,77505,30,0
2200,77506,31,0
2200,77509,32,0
2200,77507,33,0
2200,77508,34,0
2200,78364,35,1
2201,78364,1,0
2201,78561,2,0
2201,78564,3,0
2201,78568,4,0
2201,78565,5,0
2201,78567,6,0
2201,78559,7,0
2201,78569,8,0
2201,78563,9,0
2201,76557,10,0
2201,78315,11,0
2201,78606,12,0
2201,78898,13,0
2201,78126,14,0
2201,78135,15,0
2201,78152,16,0
2201,78015,17,0
2201,78017,18,0
2201,78019,19,0
2201,78021,20,0
2201,78026,21,0
2201,78027,22,0
2201,78030,23,0
2201,78032,24,0
2201,78034,25,0
2201,78035,26,0
2201,78037,27,0
2201,78039,28,0
2201,78150,29,0
2201,78041,30,0
2201,78055,31,1
2300,78047,1,0
2300,78048,2,0
2300,78050,3,0
2300,78269,4,0
2300,78052,5,0
2300,78054,6,0
2300,78059,7,0
2300,78061,8,0
2300,78063,9,0
2300,78065,10,0
2300,78153,11,0
2300,78068,12,0
2300,78232,13,0
2300,78070,14,0
2300,78217,15,0
2300,78145,16,0
2300,78024,17,0
2300,78131,18,0
2300,78162,19,0
2300,78172,20,0
2300,78176,21,0
2300,78157,22,0
2300,78071,23,0
2300,78202,24,0
2300,78074,25,0
2300,78078,26,0
2300,78080,27,0
2300,78081,28,0
2300,78083,29,0
2300,78085,30,0
2300,78127,31,0
2300,78730,32,0
2300,78731,33,0
2300,78734,34,0
2300,78275,35,0
2300,78274,36,0
2300,77655,37,0
2300,77501,38,0
2300,77657,39,0
2300,77503,40,0
2300,77504,41,0
2300,77505,42,0
2300,77506,43,0
2300,77509,44,0
2300,77507,45,0
2300,77508,46,0
2300,78364,47,1
2301,78364,1,0
2301,78561,2,0
2301,78564,3,0
2301,78568,4,0
2301,78565,5,0
2301,78567,6,0
2301,78559,7,0
2301,78569,8,0
2301,78563,9,0
2301,76557,10,0
2301,78315,11,0
2301,78606,12,0
2301,78898,13,0
2301,78128,14,0
2301,78089,15,0
2301,78084,16,0
2301,78082,17,0
2301,78079,18,0
2301,78077,19,0
2301,78073,20,0
2301,78203,21,0
2301,78072,22,0
2301,78155,23,0
2301,78174,24,0
2301,78158,25,0
2301,78173,26,0
2301,78184,27,0
2301,78130,28,0
2301,78023,29,0
2301,78144,30,0
2301,78215,31,0
2301,78216,32,0
2301,78069,33,0
2301,78233,34,0
2301,78067,35,0
2301,78154,36,0
2301,78066,37,0
2301,78064,38,0
2301,78062,39,0
2301,78060,40,0
2301,78058,41,0
2301,78053,42,0
2301,78270,43,0
2301,78051,44,0
2301,78049,45,0
2301,78254,46,1
2400,78239,1,0
2400,78447,2,0
2400,78242,3,0
2400,78185,4,0
2400,78246,5,0
2400,78879,6,0
2400,78197,7,0
2400,78199,8,0
2400,78201,9,0
2400,78250,10,0
2400,78897,11,0
2400,78251,12,0
2400,78024,13,0
2400,78131,14,0
2400,78162,15,0
2400,78172,16,0
2400,78176,17,0
2400,78157,18,0
2400,78071,19,0
2400,78202,20,0
2400,78183,21,0
2400,78142,22,0
2400,78122,23,0
2400,78092,24,0
2400,78086,25,0
2400,78127,26,0
2400,78730,27,0
2400,78731,28,0
2400,78734,29,0
2400,78275,30,0
2400,78274,31,0
2400,77655,32,0
2400,77501,33,0
2400,77657,34,0
2400,77503,35,0
2400,77504,36,0
2400,77505,37,0
2400,77506,38,0
2400,77509,39,0
2400,77507,40,0
2400,77508,41,0
2400,78364,42,1
2401,78364,1,0
2401,78561,2,0
2401,78564,3,0
2401,78568,4,0
2401,78565,5,0
2401,78567,6,0
2401,78559,7,0
2401,78569,8,0
2401,78563,9,0
2401,76557,10,0
2401,78315,11,0
2401,78606,12,0
2401,78898,13,0
2401,78128,14,0
2401,78089,15,0
2401,78091,16,0
2401,78090,17,0
2401,78141,18,0
2401,78181,19,0
2401,78204,20,0
2401,78072,21,0
2401,78155,22,0
2401,78174,23,0
2401,78158,24,0
2401,78173,25,0
2401,78184,26,0
2401,78130,27,0
2401,78023,28,0
2401,78144,29,0
2401,78249,30,0
2401,78248,31,0
2401,78198,32,0
2401,78247,33,0
2401,78505,34,0
2401,78871,35,0
2401,78872,36,0
2401,78873,37,0
2401,78874,38,1
2500,78874,1,0
2500,78875,2,0
2500,78876,3,0
2500,78752,4,0
2500,78235,5,0
2500,78234,6,0
2500,78229,7,0
2500,78258,8,0
2500,78231,9,0
2500,78256,10,0
2500,78140,11,0
2500,78189,12,0
2500,78098,13,0
2500,78096,14,0
2500,78094,15,0
2500,78267,16,0
2500,78264,17,0
2500,78183,18,0
2500,78142,19,0
2500,78122,20,0
2500,78092,21,0
2500,78086,22,0
2500,78127,23,0
2500,78730,24,0
2500,78731,25,0
2500,78734,26,0
2500,78275,27,0
2500,78274,28,0
2500,77655,29,0
2500,77501,30,0
2500,77657,31,0
2500,77503,32,0
2500,77504,33,0
2500,77505,34,0
2500,77506,35,0
2500,77509,36,0
2500,77507,37,0
2500,77508,38,0
2500,78364,39,1
2501,78364,1,0
2501,78561,2,0
2501,78564,3,0
2501,78568,4,0
2501,78565,5,0
2501,78567,6,0
2501,78559,7,0
2501,78569,8,0
2501,78563,9,0
2501,76557,10,0
2501,78315,11,0
2501,78606,12,0
2501,78898,13,0
2501,78128,14,0
2501,78089,15,0
2501,78091,16,0
2501,78090,17,0
2501,78141,18,0
2501,78181,19,0
2501,78265,20,0
2501,78266,21,0
2501,78093,22,0
2501,78095,23,0
2501,78097,24,0
2501,78190,25,0
2501,78139,26,0
2501,78255,27,0
2501,78230,28,0
2501,78257,29,0
2501,78228,30,0
2501,78235,31,0
2501,78234,32,0
2501,78877,33,0
2501,78193,34,0
2501,78194,35,0
2501,78239,36,0
2501,78447,37,0
2501,78242,38,0
2501,78185,39,0
2501,78246,40,0
2501,78879,41,0
2501,78197,42,0
2501,78199,43,0
2501,78201,44,0
2501,78250,45,0
2501,78897,46,0
2501,78251,47,1
2600,78235,1,0
2600,78234,2,0
2600,78163,3,0
2600,78237,4,0
2600,78186,5,0
2600,78239,6,0
2600,78447,7,0
2600,78242,8,0
2600,78185,9,0
2600,78246,10,0
2600,78879,11,0
2600,78197,12,0
2600,78199,13,0
2600,78201,14,0
2600,78250,15,0
2600,78897,16,0
2600,78251,17,0
2600,78024,18,0
2600,78131,19,0
2600,78162,20,0
2600,78112,21,0
2600,78252,22,0
2600,78253,23,0
2600,78191,24,0
2600,78139,25,0
2600,78255,26,0
2600,78230,27,0
2600,78257,28,0
2600,78259,29,0
2600,78209,30,0
2600,78206,31,0
2600,78261,32,0
2600,78263,33,0
2600,78182,34,0
2600,78265,35,0
2600,78266,36,0
2600,78268,37,0
2600,78005,38,0
2600,78006,39,0
2600,78175,40,0
2600,78157,41,0
2600,78124,42,0
2600,78171,43,0
2600,78178,44,0
2600,78132,45,0
2600,78179,46,0
2600,78136,47,0
2600,78125,48,0
2600,78730,49,0
2600,78731,50,0
2600,78734,51,0
2600,78275,52,0
2600,78274,53,0
2600,77655,54,0
2600,77501,55,0
2600,77657,56,0
2600,77503,57,0
2600,77504,58,0
2600,77505,59,0
2600,77506,60,0
2600,77509,61,0
2600,77507,62,0
2600,77508,63,0
2600,78364,64,1
2700,78223,1,0
2700,78225,2,0
2700,78221,3,0
2700,78008,4,0
2700,78227,5,0
2700,78229,6,0
2700,78881,7,0
2700,78213,8,0
2700,78165,9,0
2700,78010,10,0
2700,78211,11,0
2700,78012,12,0
2700,78208,13,0
2700,78206,14,0
2700,78261,15,0
2700,78263,16,0
2700,78182,17,0
2700,78142,18,0
2700,78122,19,0
2700,78092,20,0
2700,78086,21,0
2700,78084,22,0
2700,78082,23,0
2700,78136,24,1
2701,78136,1,0
2701,78128,2,0
2701,78089,3,0
2701,78091,4,0
2701,78090,5,0
2701,78141,6,0
2701,78181,7,0
2701,78262,8,0
2701,78260,9,0
2701,78205,10,0
2701,78207,11,0
2701,78011,12,0
2701,78210,13,0
2701,78009,14,0
2701,78164,15,0
2701,78212,16,0
2701,78867,17,0
2701,78228,18,0
2701,78226,19,0
2701,78007,20,0
2701,78143,21,0
2701,78224,22,0
2701,78223,23,1
2800,78433,1,0
2800,78435,2,0
2800,78640,3,0
2800,78413,4,0
2800,78755,5,0
2800,78374,6,0
2800,78380,7,0
2800,78326,8,0
2800,78320,9,0
2800,78724,10,0
2800,78725,11,0
2800,78726,12,0
2800,78002,13,0
2800,78356,14,0
2800,78342,15,0
2800,78350,16,0
2800,78352,17,0
2800,78354,18,0
2800,78344,19,0
2800,78358,20,0
2800,78360,21,0
2800,78362,22,0
2800,78723,23,0
2800,78289,24,0
2800,78292,25,0
2800,78284,26,0
2800,78608,27,0
2800,78296,28,0
2800,78282,29,0
2800,78298,30,0
2800,78300,31,0
2800,78729,32,0
2800,78214,33,0
2800,78145,34,0
2800,78024,35,0
2800,78131,36,0
2800,78162,37,0
2800,78172,38,0
2800,78176,39,0
2800,78157,40,0
2800,78124,41,0
2800,78171,42,0
2800,78178,43,0
2800,78160,44,0
2800,78132,45,0
2800,78179,46,0
2800,78168,47,0
2800,78125,48,0
2800,78730,49,0
2800,78731,50,0
2800,78734,51,0
2800,78275,52,0
2800,78274,53,0
2800,16000,54,1
2801,16000,1,0
2801,78606,2,0
2801,78898,3,0
2801,78126,4,0
2801,78168,5,0
2801,78180,6,0
2801,78137,7,0
2801,78138,8,0
2801,78177,9,0
2801,78121,10,0
2801,78123,11,0
2801,78155,12,0
2801,78174,13,0
2801,78158,14,0
2801,78173,15,0
2801,78184,16,0
2801,78130,17,0
2801,78023,18,0
2801,78144,19,0
2801,78215,20,0
2801,78285,21,0
2801,78611,22,0
2801,78607,23,0
2801,78297,24,0
2801,78299,25,0
2801,78295,26,0
2801,78294,27,0
2801,78283,28,0
2801,78291,29,0
2801,78290,30,0
2801,78339,31,0
2801,78361,32,0
2801,78347,33,0
2801,78357,34,0
2801,78355,35,0
2801,78343,36,0
2801,78353,37,0
2801,78351,38,0
2801,78341,39,0
2801,78345,40,0
2801,78588,41,0
2801,78586,42,0
2801,78700,43,0
2801,78587,44,0
2801,78348,45,0
2801,78325,46,0
2801,78379,47,0
2801,78373,48,0
2801,78754,49,0
2801,78367,50,0
2801,78639,51,0
2801,78434,52,0
2801,78433,53,1
2900,78856,1,0
2900,78857,2,0
2900,78858,3,0
2900,78859,4,0
2900,78860,5,0
2900,78870,6,0
2900,78861,7,0
2900,78862,8,0
2900,78863,9,0
2900,78864,10,0
2900,78865,11,0
2900,78866,12,0
2900,78678,13,0
2900,78679,14,0
2900,78680,15,0
2900,78681,16,0
2900,78682,17,0
2900,78869,18,0
2900,78125,19,0
2900,78730,20,0
2900,78731,21,0
2900,78734,22,0
2900,78275,23,0
2900,78274,24,0
2900,77655,25,0
2900,77501,26,0
2900,77657,27,0
2900,77503,28,0
2900,77504,29,0
2900,77505,30,0
2900,77506,31,0
2900,77509,32,0
2900,77507,33,0
2900,77508,34,0
2900,78364,35,1
2901,78364,1,0
2901,78561,2,0
2901,78564,3,0
2901,78568,4,0
2901,78565,5,0
2901,78567,6,0
2901,78559,7,0
2901,78569,8,0
2901,78563,9,0
2901,76557,10,0
2901,78315,11,0
2901,78606,12,0
2901,78898,13,0
2901,78856,14,0
2901,78857,15,0
2901,78858,16,0
2901,78859,17,0
2901,78860,18,0
2901,78870,19,0
2901,78861,20,0
2901,78862,21,0
2901,78863,22,0
2901,78864,23,0
2901,78865,24,0
2901,78866,25,0
2901,78678,26,0
2901,78679,27,0
2901,78680,28,0
2901,78681,29,0
2901,78682,30,0
2901,78869,31,1
3100,78364,1,0
3100,78561,2,0
3100,78564,3,0
3100,78568,4,0
3100,78565,5,0
3100,78567,6,0
3100,78559,7,0
3100,78569,8,0
3100,78563,9,0
3100,76557,10,0
3100,78315,11,0
3100,78606,12,0
3100,78898,13,0
3100,78126,14,0
3100,78135,15,0
3100,78180,16,0
3100,78445,17,0
3100,78087,18,0
3100,78088,19,0
3100,78056,20,0
3100,78099,21,0
3100,78100,22,0
3100,78075,23,0
3100,78169,24,0
3100,78113,25,0
3100,78118,26,0
3100,78133,27,0
3100,78043,28,1
3101,78043,1,0
3101,78120,2,0
3101,78123,3,0
3101,78071,4,0
3101,78202,5,0
3101,78183,6,0
3101,78142,7,0
3101,78122,8,0
3101,78092,9,0
3101,78086,10,0
3101,78127,11,0
3101,78730,12,0
3101,78731,13,0
3101,78734,14,0
3101,78275,15,0
3101,78274,16,0
3101,77655,17,0
3101,77501,18,0
3101,77657,19,0
3101,77503,20,0
3101,77504,21,0
3101,77505,22,0
3101,77506,23,0
3101,77509,24,0
3101,77507,25,0
3101,77508,26,0
3101,78364,27,1
3200,78364,1,0
3200,78561,2,0
3200,78564,3,0
3200,78568,4,0
3200,78565,5,0
3200,78567,6,0
3200,78559,7,0
3200,78569,8,0
3200,78563,9,0
3200,76557,10,0
3200,78315,11,0
3200,78606,12,0
3200,78898,13,0
3200,78128,14,0
3200,78089,15,0
3200,78091,16,0
3200,78090,17,0
3200,78141,18,0
3200,78181,19,0
3200,78204,20,0
3200,78072,21,0
3200,78171,22,1
3201,78171,1,0
3201,78044,2,0
3201,78134,3,0
3201,78119,4,0
3201,78114,5,0
3201,78170,6,0
3201,78076,7,0
3201,78101,8,0
3201,78115,9,0
3201,78057,10,0
3201,78116,11,0
3201,78117,12,0
3201,78045,13,0
3201,78046,14,0
3201,78132,15,0
3201,78179,16,0
3201,78136,17,0
3201,78125,18,0
3201,78730,19,0
3201,78731,20,0
3201,78734,21,0
3201,78275,22,0
3201,78274,23,0
3201,77655,24,0
3201,77501,25,0
3201,77657,26,0
3201,77503,27,0
3201,77504,28,0
3201,77505,29,0
3201,77506,30,0
3201,77509,31,0
3201,77507,32,0
3201,77508,33,0
3201,78364,34,1
3300,78885,1,0
3300,78003,2,0
3300,78047,3,0
3300,78048,4,0
3300,78050,5,0
3300,78269,6,0
3300,78052,7,0
3300,78054,8,0
3300,78022,9,0
3300,78131,10,0
3300,78162,11,0
3300,78172,12,0
3300,78176,13,0
3300,78157,14,0
3300,78753,15,0
3300,78161,16,0
3300,78899,17,0
3300,78893,18,0
3300,78043,19,1
3301,78043,1,0
3301,78120,2,0
3301,78123,3,0
3301,78155,4,0
3301,78174,5,0
3301,78158,6,0
3301,78173,7,0
3301,78184,8,0
3301,78130,9,0
3301,78023,10,0
3301,78144,11,0
3301,78215,12,0
3301,78506,13,0
3301,78507,14,0
3301,78216,15,0
3301,78069,16,0
3301,78233,17,0
3301,78245,18,0
3301,78244,19,0
3301,78885,20,1
9800,78364,1,0
9800,78561,2,0
9800,78564,3,0
9800,78568,4,0
9800,78565,5,0
9800,78567,6,0
9800,78559,7,0
9800,78569,8,0
9800,78563,9,0
9800,76557,10,0
9800,78315,11,0
9800,1002038,12,1
9801,1002038,1,0
9801,1001039,2,0
9801,1001041,3,0
9801,1004043,4,0
9801,1004045,5,0
9801,1004046,6,0
9801,1004047,7,0
9801,1004048,8,0
9801,1002058,9,0
9801,1002049,10,0
9801,1002066,11,0
9801,1002083,12,0
9801,1002085,13,0
9801,1003091,14,0
9801,1003092,15,0
9801,1003093,16,0
9801,78734,17,0
9801,78275,18,0
9801,78274,19,0
9801,77655,20,0
9801,77501,21,0
9801,77657,22,0
9801,77503,23,0
9801,77504,24,0
9801,77505,25,0
9801,77506,26,0
9801,77509,27,0
9801,77507,28,0
9801,77508,29,0
9801,78364,30,1
