'SO-H24-SOGTFS-Dimanche-01',100,63530,4,'',0,17000,4,'',0,13000,4,'',0,17000,4,'',0,13000,4,'',0,17000,4,'',0,13000,4,'',0,17000,4,'',0,13000,4,'',0,16900,4,'',0,13000,4,'',0,17000,4,'',0
'SO-H24-SOGTFS-Fête-1-01',100,63530,4,'',0,17000,4,'',0,13000,4,'',0,17000,4,'',0,13000,4,'',0,17000,4,'',0,13000,4,'',0,17000,4,'',0,13000,4,'',0,16900,4,'',0,13000,4,'',0,17000,4,'',0
'SO-H24-SOGTFS-Samedi-01',100,63530,4,'',0,17000,4,'',0,13000,4,'',0,17000,4,'',0,13000,4,'',0,17000,4,'',0,13000,4,'',0,17000,4,'',0,13000,4,'',0,16900,4,'',0,13000,4,'',0,17000,4,'',0
'SO-H24-SOGTFS-Semaine-01',100,54630,4,'',0,10300,4,'',0,6500,4,'',0,8620,4,'',0,11400,4,'',0,9500,4,'',0,10000,4,'',0,10000,4,'',0,10000,4,'',0,10000,4,'',0,10170,4,'',0,10000,4,'',0,10100,4,'',0,2500,4,'',0,10630,4,'',0,9100,4,'',0,12500,4,'',0,17900,4,'',0
'SO-H24-SOGTFS-Semaine-01',2100,60030,4,'',0,3100,4,'',0,7100,4,'',0,3870,4,'',0,7200,4,'',0,3300,4,'',0
'SO-H24-SOGTFS-Semaine-01',2200,63030,4,'',0,2500,4,'',0,7600,4,'',0,7070,4,'',0
'SO-H24-SOGTFS-Semaine-01',2300,55930,4,'',0,6700,4,'',0,2700,4,'',0,6570,4,'',0,2500,4,'',0,6400,4,'',0,1800,4,'',0,2000,4,'',0
'SO-H24-SOGTFS-Semaine-01',2400,65730,4,'',0,7170,4,'',0,2500,4,'',0,7600,4,'',0
'SO-H24-SOGTFS-Semaine-01',2500,62430,4,'',0,2400,4,'',0,6100,4,'',0,2400,4,'',0,2300,4,'',0,7500,4,'',0
'SO-H24-SOGTFS-Semaine-01',2600,51550,4,'',0,1680,4,'',0
'SO-H24-SOGTFS-Semaine-01',2900,160200,4,'',0,3000,4,'',0,7000,4,'',0,3000,4,'',0
'SO-H24-SOGTFS-Dimanche-01',3100,65830,4,'',0,26570,4,'',0,22000,4,'',0,26000,4,'',0,22000,4,'',0,11000,4,'',0,11000,4,'',0,11000,4,'',0,14750,4,'',0,21000,4,'',0,20780,4,'',0
'SO-H24-SOGTFS-Fête-1-01',3100,65830,4,'',0,7500,4,'',0,11370,4,'',0,15700,4,'',0,12000,4,'',0,11500,4,'',0,11500,4,'',0,15500,4,'',0,11500,4,'',0,11500,4,'',0,11500,4,'',0,15500,4,'',0,11250,4,'',0,10500,4,'',0,19000,4,'',0
'SO-H24-SOGTFS-Samedi-01',3100,65830,4,'',0,7500,4,'',0,11370,4,'',0,15700,4,'',0,12000,4,'',0,11500,4,'',0,11500,4,'',0,15500,4,'',0,11500,4,'',0,11500,4,'',0,11500,4,'',0,15500,4,'',0,11250,4,'',0,10500,4,'',0,19000,4,'',0
'SO-H24-SOGTFS-Semaine-01',3100,63550,4,'',0,7000,4,'',0,3300,4,'',0,7150,4,'',0,3900,4,'',0,9500,4,'',0,8200,4,'',0,9300,4,'',0,9300,4,'',0,3500,4,'',0,9500,4,'',0,9500,4,'',0,7800,4,'',0,8600,4,'',0,2500,4,'',0,2500,4,'',0,8400,4,'',0,7000,4,'',0,3750,4,'',0,6180,4,'',0,3500,4,'',0,6720,4,'',0,3600,4,'',0,7400,4,'',0,3500,4,'',0,7580,4,'',0,10200,4,'',0,10400,4,'',0
'SO-H24-SOGTFS-Dimanche-01',3200,55230,4,'',0,26070,4,'',0,22200,4,'',0,22000,4,'',0,26000,4,'',0,18500,4,'',0,11500,4,'',0,11000,4,'',0,10730,4,'',0,17500,4,'',0,21000,4,'',0
'SO-H24-SOGTFS-Fête-1-01',3200,55230,4,'',0,25570,4,'',0,11500,4,'',0,11700,4,'',0,16000,4,'',0,11500,4,'',0,11500,4,'',0,11500,4,'',0,15500,4,'',0,11500,4,'',0,11500,4,'',0,11230,4,'',0,11000,4,'',0,15500,4,'',0,21500,4,'',0
'SO-H24-SOGTFS-Samedi-01',3200,55230,4,'',0,25570,4,'',0,11500,4,'',0,11700,4,'',0,16000,4,'',0,11500,4,'',0,11500,4,'',0,11500,4,'',0,15500,4,'',0,11500,4,'',0,11500,4,'',0,11230,4,'',0,11000,4,'',0,15500,4,'',0,21500,4,'',0
'SO-H24-SOGTFS-Semaine-01',3200,64450,4,'',0,7850,4,'',0,3500,4,'',0,6700,4,'',0,9100,4,'',0,8900,4,'',0,5000,4,'',0,8000,4,'',0,9500,4,'',0,9100,4,'',0,8000,4,'',0,5000,4,'',0,7720,4,'',0,1500,4,'',0,7200,4,'',0,2500,4,'',0,8480,4,'',0,2800,4,'',0,7300,4,'',0,2900,4,'',0,6200,4,'',0,3630,4,'',0,6900,4,'',0,3400,4,'',0,7500,4,'',0,7000,4,'',0,10000,4,'',0,10200,4,'',0,10500,4,'',0
'SO-H24-SOGTFS-Semaine-01',9800,70020,4,'',0,10180,4,'',0,10340,4,'',0,9610,4,'',0,52150,4,'',0,9720,4,'',0,10200,4,'',0,10000,4,'',0,9920,4,'',0,9760,4,'',0,9050,4,'',0,5000,4,'',0
