'SO-H24-SOGTFS-Dimanche-01',100,64050,4,'',0,17000,4,'',0,13000,4,'',0,17000,4,'',0,13000,4,'',0,17000,4,'',0,13000,4,'',0,17000,4,'',0,13000,4,'',0,16900,4,'',0,13000,4,'',0,17000,4,'',0
'SO-H24-SOGTFS-Fête-1-01',100,64050,4,'',0,17000,4,'',0,13000,4,'',0,17000,4,'',0,13000,4,'',0,17000,4,'',0,13000,4,'',0,17000,4,'',0,13000,4,'',0,16900,4,'',0,13000,4,'',0,17000,4,'',0
'SO-H24-SOGTFS-Samedi-01',100,64050,4,'',0,17000,4,'',0,13000,4,'',0,17000,4,'',0,13000,4,'',0,17000,4,'',0,13000,4,'',0,17000,4,'',0,13000,4,'',0,16900,4,'',0,13000,4,'',0,17000,4,'',0
'SO-H24-SOGTFS-Semaine-01',100,55150,4,'',0,10300,4,'',0,6500,4,'',0,8680,4,'',0,11400,4,'',0,9500,4,'',0,10000,4,'',0,10000,4,'',0,10000,4,'',0,10000,4,'',0,10270,4,'',0,10000,4,'',0,10100,4,'',0,2500,4,'',0,10530,4,'',0,9100,4,'',0,16500,4,'',0,13900,4,'',0
'SO-H24-SOGTFS-Semaine-01',2100,60540,4,'',0,3100,4,'',0,7100,4,'',0,3980,4,'',0,7200,4,'',0,3300,4,'',0
'SO-H24-SOGTFS-Semaine-01',2200,63540,4,'',0,6500,4,'',0,3600,4,'',0,7180,4,'',0
'SO-H24-SOGTFS-Semaine-01',2300,60440,4,'',0,2700,4,'',0,2700,4,'',0,6680,4,'',0,2500,4,'',0,6400,4,'',0,1800,4,'',0,2000,4,'',0
'SO-H24-SOGTFS-Semaine-01',2400,70240,4,'',0,3280,4,'',0,6500,4,'',0,3600,4,'',0
'SO-H24-SOGTFS-Semaine-01',2500,62940,4,'',0,2400,4,'',0,6100,4,'',0,2400,4,'',0,6300,4,'',0,3500,4,'',0
'SO-H24-SOGTFS-Semaine-01',2600,52130,4,'',0,1620,4,'',0
'SO-H24-SOGTFS-Semaine-01',2900,160820,4,'',0,3000,4,'',0,7000,4,'',0,3000,4,'',0
'SO-H24-SOGTFS-Dimanche-01',3100,70340,4,'',0,22680,4,'',0,22000,4,'',0,26000,4,'',0,22000,4,'',0,11000,4,'',0,11000,4,'',0,15000,4,'',0,10710,4,'',0,21000,4,'',0,20710,4,'',0
'SO-H24-SOGTFS-Fête-1-01',3100,70340,4,'',0,3500,4,'',0,11480,4,'',0,15700,4,'',0,12000,4,'',0,11500,4,'',0,15500,4,'',0,11500,4,'',0,11500,4,'',0,11500,4,'',0,15500,4,'',0,11500,4,'',0,11210,4,'',0,10500,4,'',0,19000,4,'',0
'SO-H24-SOGTFS-Samedi-01',3100,70340,4,'',0,3500,4,'',0,11480,4,'',0,15700,4,'',0,12000,4,'',0,11500,4,'',0,15500,4,'',0,11500,4,'',0,11500,4,'',0,11500,4,'',0,15500,4,'',0,11500,4,'',0,11210,4,'',0,10500,4,'',0,19000,4,'',0
'SO-H24-SOGTFS-Semaine-01',3100,64130,4,'',0,7000,4,'',0,3300,4,'',0,7190,4,'',0,3900,4,'',0,9500,4,'',0,8200,4,'',0,9300,4,'',0,9300,4,'',0,3500,4,'',0,9500,4,'',0,9500,4,'',0,7800,4,'',0,8600,4,'',0,2500,4,'',0,2500,4,'',0,8400,4,'',0,7000,4,'',0,3710,4,'',0,6110,4,'',0,3500,4,'',0,6790,4,'',0,3600,4,'',0,7400,4,'',0,3500,4,'',0,7510,4,'',0,10200,4,'',0,10400,4,'',0
'SO-H24-SOGTFS-Dimanche-01',3200,55740,4,'',0,26180,4,'',0,22200,4,'',0,26000,4,'',0,22000,4,'',0,18500,4,'',0,11500,4,'',0,11000,4,'',0,10620,4,'',0,17500,4,'',0,21000,4,'',0
'SO-H24-SOGTFS-Fête-1-01',3200,55740,4,'',0,25680,4,'',0,11500,4,'',0,11700,4,'',0,16000,4,'',0,11500,4,'',0,11500,4,'',0,11500,4,'',0,15500,4,'',0,11500,4,'',0,11500,4,'',0,11120,4,'',0,11000,4,'',0,15500,4,'',0,21500,4,'',0
'SO-H24-SOGTFS-Samedi-01',3200,55740,4,'',0,25680,4,'',0,11500,4,'',0,11700,4,'',0,16000,4,'',0,11500,4,'',0,11500,4,'',0,11500,4,'',0,15500,4,'',0,11500,4,'',0,11500,4,'',0,11120,4,'',0,11000,4,'',0,15500,4,'',0,21500,4,'',0
'SO-H24-SOGTFS-Semaine-01',3200,65030,4,'',0,7890,4,'',0,7500,4,'',0,2700,4,'',0,9100,4,'',0,8900,4,'',0,9000,4,'',0,4000,4,'',0,9500,4,'',0,9100,4,'',0,8000,4,'',0,5000,4,'',0,7780,4,'',0,1500,4,'',0,7200,4,'',0,2500,4,'',0,8420,4,'',0,2800,4,'',0,7300,4,'',0,6900,4,'',0,2200,4,'',0,3520,4,'',0,6900,4,'',0,7400,4,'',0,3500,4,'',0,7000,4,'',0,10000,4,'',0,10200,4,'',0,10500,4,'',0
'SO-H24-SOGTFS-Semaine-01',9800,70500,4,'',0,10240,4,'',0,10310,4,'',0,9480,4,'',0,52180,4,'',0,9790,4,'',0,10200,4,'',0,10000,4,'',0,9910,4,'',0,9700,4,'',0,9020,4,'',0,9000,4,'',0
