'SO-H24-SOGTFS-Dimanche-01',100,63450,4,'',0,17000,4,'',0,13000,4,'',0,17000,4,'',0,13000,4,'',0,17000,4,'',0,13000,4,'',0,17000,4,'',0,13000,4,'',0,16900,4,'',0,13000,4,'',0,17000,4,'',0
'SO-H24-SOGTFS-Dimanche-02',100,65250,4,'',0,17000,4,'',0,12900,4,'',0,17000,4,'',0,13000,4,'',0,17000,4,'',0,13000,4,'',0,17000,4,'',0,13000,4,'',0,16900,4,'',0,13000,4,'',0,16500,4,'',0
'SO-H24-SOGTFS-Fête-1-01',100,63450,4,'',0,17000,4,'',0,13000,4,'',0,17000,4,'',0,13000,4,'',0,17000,4,'',0,13000,4,'',0,17000,4,'',0,13000,4,'',0,16900,4,'',0,13000,4,'',0,17000,4,'',0
'SO-H24-SOGTFS-Fête-1-03',100,65250,4,'',0,17000,4,'',0,12900,4,'',0,17000,4,'',0,13000,4,'',0,17000,4,'',0,13000,4,'',0,17000,4,'',0,13000,4,'',0,16900,4,'',0,13000,4,'',0,16500,4,'',0
'SO-H24-SOGTFS-Samedi-01',100,63450,4,'',0,17000,4,'',0,13000,4,'',0,17000,4,'',0,13000,4,'',0,17000,4,'',0,13000,4,'',0,17000,4,'',0,13000,4,'',0,16900,4,'',0,13000,4,'',0,17000,4,'',0
'SO-H24-SOGTFS-Samedi-02',100,65250,4,'',0,17000,4,'',0,12900,4,'',0,17000,4,'',0,13000,4,'',0,17000,4,'',0,13000,4,'',0,17000,4,'',0,13000,4,'',0,16900,4,'',0,13000,4,'',0,16500,4,'',0
'SO-H24-SOGTFS-Semaine-01',100,54550,4,'',0,10300,4,'',0,6500,4,'',0,8650,4,'',0,11400,4,'',0,9500,4,'',0,10000,4,'',0,10000,4,'',0,10000,4,'',0,10000,4,'',0,10120,4,'',0,10000,4,'',0,10100,4,'',0,2500,4,'',0,10680,4,'',0,9100,4,'',0,12500,4,'',0,17900,4,'',0
'SO-H24-SOGTFS-Semaine-02',100,54350,4,'',0,10600,4,'',0,6500,4,'',0,8650,4,'',0,10400,4,'',0,10700,4,'',0,10000,4,'',0,10000,4,'',0,10000,4,'',0,10000,4,'',0,9920,4,'',0,10000,4,'',0,10100,4,'',0,2500,4,'',0,10680,4,'',0,9000,4,'',0,16600,4,'',0,13900,4,'',0
'SO-H24-SOGTFS-Semaine-01',2100,55950,4,'',0,7100,4,'',0,7100,4,'',0,3860,4,'',0,7200,4,'',0,3300,4,'',0
'SO-H24-SOGTFS-Semaine-02',2100,60250,4,'',0,3100,4,'',0,7100,4,'',0,3660,4,'',0,7100,4,'',0,3600,4,'',0
'SO-H24-SOGTFS-Semaine-01',2200,62950,4,'',0,2500,4,'',0,7600,4,'',0,7060,4,'',0
'SO-H24-SOGTFS-Semaine-01',2300,55850,4,'',0,6700,4,'',0,2700,4,'',0,6560,4,'',0,2500,4,'',0,6400,4,'',0,1800,4,'',0,2000,4,'',0
'SO-H24-SOGTFS-Semaine-02',2300,55950,4,'',0,6600,4,'',0,2700,4,'',0,6560,4,'',0,2000,4,'',0,7200,4,'',0,2000,4,'',0,1000,4,'',0
'SO-H24-SOGTFS-Semaine-01',2400,65650,4,'',0,7160,4,'',0,2500,4,'',0,7600,4,'',0
'SO-H24-SOGTFS-Semaine-01',2500,62350,4,'',0,2400,4,'',0,6100,4,'',0,2400,4,'',0,2300,4,'',0,7500,4,'',0
'SO-H24-SOGTFS-Semaine-02',2500,61850,4,'',0,2400,4,'',0,6600,4,'',0,2400,4,'',0,2100,4,'',0,7700,4,'',0
'SO-H24-SOGTFS-Semaine-01',2600,51500,4,'',0,1650,4,'',0
'SO-H24-SOGTFS-Semaine-02',2600,51500,4,'',0,1650,4,'',0
'SO-H24-SOGTFS-Semaine-01',2900,160110,4,'',0,3000,4,'',0,7000,4,'',0,3000,4,'',0
'SO-H24-SOGTFS-Dimanche-01',3100,65750,4,'',0,26560,4,'',0,22000,4,'',0,26000,4,'',0,22000,4,'',0,11000,4,'',0,11000,4,'',0,11000,4,'',0,14790,4,'',0,21000,4,'',0,20750,4,'',0
'SO-H24-SOGTFS-Dimanche-02',3100,65550,4,'',0,26860,4,'',0,22500,4,'',0,27500,4,'',0,19800,4,'',0,11700,4,'',0,16500,4,'',0,11200,4,'',0,10890,4,'',0,27900,4,'',0
'SO-H24-SOGTFS-Fête-1-01',3100,65750,4,'',0,7500,4,'',0,11360,4,'',0,15700,4,'',0,12000,4,'',0,11500,4,'',0,11500,4,'',0,15500,4,'',0,11500,4,'',0,11500,4,'',0,11500,4,'',0,15500,4,'',0,11290,4,'',0,10500,4,'',0,19000,4,'',0
'SO-H24-SOGTFS-Fête-1-03',3100,65550,4,'',0,9700,4,'',0,17160,4,'',0,10600,4,'',0,11900,4,'',0,29000,4,'',0,17000,4,'',0,13000,4,'',0,17000,4,'',0,13000,4,'',0,8290,4,'',0,28200,4,'',0
'SO-H24-SOGTFS-Samedi-01',3100,65750,4,'',0,7500,4,'',0,11360,4,'',0,15700,4,'',0,12000,4,'',0,11500,4,'',0,11500,4,'',0,15500,4,'',0,11500,4,'',0,11500,4,'',0,11500,4,'',0,15500,4,'',0,11290,4,'',0,10500,4,'',0,19000,4,'',0
'SO-H24-SOGTFS-Samedi-02',3100,65550,4,'',0,9700,4,'',0,17160,4,'',0,10600,4,'',0,11900,4,'',0,29000,4,'',0,17000,4,'',0,13000,4,'',0,17000,4,'',0,13000,4,'',0,8290,4,'',0,28200,4,'',0
'SO-H24-SOGTFS-Semaine-01',3100,63500,4,'',0,7000,4,'',0,3300,4,'',0,7110,4,'',0,3900,4,'',0,9500,4,'',0,8200,4,'',0,9300,4,'',0,9300,4,'',0,3500,4,'',0,9500,4,'',0,9500,4,'',0,7800,4,'',0,8600,4,'',0,2500,4,'',0,2500,4,'',0,8400,4,'',0,7000,4,'',0,3790,4,'',0,6150,4,'',0,3500,4,'',0,6750,4,'',0,3600,4,'',0,7400,4,'',0,3500,4,'',0,7550,4,'',0,10200,4,'',0,10400,4,'',0
'SO-H24-SOGTFS-Semaine-02',3100,63000,4,'',0,1800,4,'',0,6800,4,'',0,8810,4,'',0,4500,4,'',0,8500,4,'',0,7400,4,'',0,4600,4,'',0,8900,4,'',0,9400,4,'',0,8500,4,'',0,3500,4,'',0,8500,4,'',0,8300,4,'',0,8500,4,'',0,4700,4,'',0,9300,4,'',0,9290,4,'',0,7400,4,'',0,3800,4,'',0,7800,4,'',0,7400,4,'',0,4600,4,'',0,7750,4,'',0,8000,4,'',0,4000,4,'',0,7800,4,'',0
'SO-H24-SOGTFS-Dimanche-01',3200,55150,4,'',0,26060,4,'',0,22200,4,'',0,22000,4,'',0,26000,4,'',0,14500,4,'',0,15500,4,'',0,11000,4,'',0,10740,4,'',0,17500,4,'',0,21000,4,'',0
'SO-H24-SOGTFS-Dimanche-02',3200,54910,4,'',0,25600,4,'',0,23300,4,'',0,26900,4,'',0,23100,4,'',0,11300,4,'',0,15700,4,'',0,13000,4,'',0,30440,4,'',0,27200,4,'',0
'SO-H24-SOGTFS-Fête-1-01',3200,55150,4,'',0,25560,4,'',0,11500,4,'',0,11700,4,'',0,12000,4,'',0,15500,4,'',0,11500,4,'',0,11500,4,'',0,11500,4,'',0,15500,4,'',0,11500,4,'',0,11240,4,'',0,11000,4,'',0,15500,4,'',0,21500,4,'',0
'SO-H24-SOGTFS-Fête-1-03',3200,54910,4,'',0,25600,4,'',0,10000,4,'',0,13300,4,'',0,16900,4,'',0,10000,4,'',0,3100,4,'',0,16900,4,'',0,13100,4,'',0,16900,4,'',0,13100,4,'',0,29940,4,'',0,27700,4,'',0
'SO-H24-SOGTFS-Samedi-01',3200,55150,4,'',0,25560,4,'',0,11500,4,'',0,11700,4,'',0,12000,4,'',0,15500,4,'',0,11500,4,'',0,11500,4,'',0,11500,4,'',0,15500,4,'',0,11500,4,'',0,11240,4,'',0,11000,4,'',0,15500,4,'',0,21500,4,'',0
'SO-H24-SOGTFS-Samedi-02',3200,54910,4,'',0,25600,4,'',0,10000,4,'',0,13300,4,'',0,16900,4,'',0,10000,4,'',0,3100,4,'',0,16900,4,'',0,13100,4,'',0,16900,4,'',0,13100,4,'',0,29940,4,'',0,27700,4,'',0
'SO-H24-SOGTFS-Semaine-01',3200,64400,4,'',0,7810,4,'',0,3500,4,'',0,6700,4,'',0,9100,4,'',0,8900,4,'',0,5000,4,'',0,8000,4,'',0,9500,4,'',0,9100,4,'',0,8000,4,'',0,5000,4,'',0,7710,4,'',0,1500,4,'',0,7200,4,'',0,2500,4,'',0,8490,4,'',0,2800,4,'',0,7300,4,'',0,2900,4,'',0,6200,4,'',0,3640,4,'',0,6900,4,'',0,3400,4,'',0,7500,4,'',0,7000,4,'',0,10000,4,'',0,10200,4,'',0,10500,4,'',0
'SO-H24-SOGTFS-Semaine-02',3200,70000,4,'',0,4610,4,'',0,6100,4,'',0,2600,4,'',0,8500,4,'',0,3800,4,'',0,7600,4,'',0,8900,4,'',0,8600,4,'',0,5200,4,'',0,8100,4,'',0,8100,4,'',0,8500,4,'',0,3010,4,'',0,8800,4,'',0,2000,4,'',0,8290,4,'',0,8800,4,'',0,9200,4,'',0,3200,4,'',0,7940,4,'',0,4000,4,'',0,7600,4,'',0,8400,4,'',0,4000,4,'',0,7800,4,'',0,8000,4,'',0,4200,4,'',0
'SO-H24-SOGTFS-Semaine-01',9800,65950,4,'',0,14170,4,'',0,10380,4,'',0,9620,4,'',0,52110,4,'',0,9720,4,'',0,10200,4,'',0,10000,4,'',0,9960,4,'',0,9720,4,'',0,9090,4,'',0,5000,4,'',0
'SO-H24-SOGTFS-Semaine-02',9800,65950,4,'',0,14170,4,'',0,9880,4,'',0,10120,4,'',0,52110,4,'',0,9720,4,'',0,10200,4,'',0,10000,4,'',0,9960,4,'',0,9720,4,'',0,9090,4,'',0,5000,4,'',0
