'SO-A23-SOGTFS-Dimanche-02',100,51500,,'',0,13000,,'',0,17000,,'',0,13000,,'',0,17000,,'',0,13000,,'',0,17000,,'',0,13000,,'',0,17000,,'',0,13000,,'',0,17000,,'',0,13000,,'',0
'SO-A23-SOGTFS-Dimanche-02',101,81000,4,'',0,13000,4,'',0,17100,4,'',0,13100,4,'',0,17000,4,'',0,13000,4,'',0,17000,4,'',0,13000,4,'',0,16900,4,'',0,13000,4,'',0,17000,4,'',0,13000,4,'',0
'SO-A23-SOGTFS-Fête-1-01',100,51500,,'',0,13000,,'',0,17000,,'',0,13000,,'',0,17000,,'',0,13000,,'',0,17000,,'',0,13000,,'',0,17000,,'',0,13000,,'',0,17000,,'',0,13000,,'',0
'SO-A23-SOGTFS-Fête-1-01',101,81000,4,'',0,13000,4,'',0,17100,4,'',0,13100,4,'',0,17000,4,'',0,13000,4,'',0,17000,4,'',0,13000,4,'',0,16900,4,'',0,13000,4,'',0,17000,4,'',0,13000,4,'',0
'SO-A23-SOGTFS-Fête-2-04',100,42000,,'',0,10000,,'',0,2500,,'',0,8500,,'',0,11500,,'',0,10000,,'',0,10000,,'',0,10000,,'',0,10000,,'',0,10000,,'',0,10000,,'',0,10000,,'',0,10000,,'',0,6500,,'',0,11000,,'',0,9500,,'',0,12500,,'',0,18500,,'',0
'SO-A23-SOGTFS-Fête-2-04',101,73100,4,'',0,10000,4,'',0,2500,4,'',0,9000,4,'',0,10900,4,'',0,10000,4,'',0,10000,4,'',0,10000,4,'',0,10400,4,'',0,9600,4,'',0,15000,4,'',0,9900,4,'',0,9700,4,'',0,2900,4,'',0,9700,4,'',0,9100,4,'',0,12000,4,'',0,17500,4,'',0
'SO-A23-SOGTFS-Samedi-02',100,51500,,'',0,13000,,'',0,17000,,'',0,13000,,'',0,17000,,'',0,13000,,'',0,17000,,'',0,13000,,'',0,17000,,'',0,13000,,'',0,17000,,'',0,13000,,'',0
'SO-A23-SOGTFS-Samedi-02',101,81000,4,'',0,13000,4,'',0,17100,4,'',0,13100,4,'',0,17000,4,'',0,13000,4,'',0,17000,4,'',0,13000,4,'',0,16900,4,'',0,13000,4,'',0,17000,4,'',0,13000,4,'',0
'SO-A23-SOGTFS-Semaine-02',100,42000,,'',0,10000,,'',0,2500,,'',0,8500,,'',0,11500,,'',0,10000,,'',0,10000,,'',0,10000,,'',0,10000,,'',0,10000,,'',0,10000,,'',0,10000,,'',0,10000,,'',0,6500,,'',0,11000,,'',0,9500,,'',0,12500,,'',0,18500,,'',0
'SO-A23-SOGTFS-Semaine-02',101,73100,4,'',0,10000,4,'',0,2500,4,'',0,9000,4,'',0,10900,4,'',0,10000,4,'',0,10000,4,'',0,10000,4,'',0,10400,4,'',0,9600,4,'',0,15000,4,'',0,9900,4,'',0,9700,4,'',0,2900,4,'',0,9700,4,'',0,9100,4,'',0,12000,4,'',0,17500,4,'',0
'SO-A23-SOGTFS-Semaine-03',100,42000,,'',0,10000,,'',0,2500,,'',0,8500,,'',0,11500,,'',0,10000,,'',0,10000,,'',0,10000,,'',0,10000,,'',0,10000,,'',0,10000,,'',0,10000,,'',0,10000,,'',0,6500,,'',0,11000,,'',0,9500,,'',0,12500,,'',0,18500,,'',0
'SO-A23-SOGTFS-Semaine-03',101,73100,4,'',0,10000,4,'',0,2500,4,'',0,9000,4,'',0,10900,4,'',0,10000,4,'',0,10000,4,'',0,10000,4,'',0,10400,4,'',0,9600,4,'',0,15000,4,'',0,9900,4,'',0,9700,4,'',0,2900,4,'',0,9700,4,'',0,9100,4,'',0,12000,4,'',0,17500,4,'',0
