'SO-H23-SOGTFS-Dimanche-01',101,72840,,'',0,13000,,'',0,17100,,'',0,17100,,'',0,13000,,'',0,17000,,'',0,13000,,'',0,17000,,'',0,12900,,'',0,13000,,'',0,17000,,'',0,13000,,'',0
'SO-H23-SOGTFS-Fête-1-01',101,72840,,'',0,13000,,'',0,17100,,'',0,17100,,'',0,13000,,'',0,17000,,'',0,13000,,'',0,17000,,'',0,12900,,'',0,13000,,'',0,17000,,'',0,13000,,'',0
'SO-H23-SOGTFS-Samedi-01',101,72840,,'',0,13000,,'',0,17100,,'',0,17100,,'',0,13000,,'',0,17000,,'',0,13000,,'',0,17000,,'',0,12900,,'',0,13000,,'',0,17000,,'',0,13000,,'',0
'SO-H23-SOGTFS-Semaine-01',101,64900,,'',0,9500,,'',0,7000,,'',0,8600,,'',0,11500,,'',0,9500,,'',0,10000,,'',0,10000,,'',0,10000,,'',0,10000,,'',0,10300,,'',0,10100,,'',0,10000,,'',0,3000,,'',0,9600,,'',0,9900,,'',0,12000,,'',0,17900,,'',0
'SO-H23-SOGTFS-Semaine-02',101,64900,,'',0,9500,,'',0,7000,,'',0,8600,,'',0,11500,,'',0,9500,,'',0,10000,,'',0,10000,,'',0,10000,,'',0,10000,,'',0,10300,,'',0,10100,,'',0,10000,,'',0,3000,,'',0,9600,,'',0,9900,,'',0,12000,,'',0,17900,,'',0
'SO-H23-SOGTFS-Semaine-01',2801,165520,,'',0,8730,,'',0,6900,,'',0
'SO-H23-SOGTFS-Semaine-02',2801,165520,,'',0,8730,,'',0,6900,,'',0
'SO-H23-SOGTFS-Dimanche-01',2000000100,55300,4,'',0,17000,4,'',0,13000,4,'',0,17000,4,'',0,13000,4,'',0,17000,4,'',0,13000,4,'',0,17000,4,'',0,13000,4,'',0,17000,4,'',0,13000,4,'',0,17000,4,'',0
'SO-H23-SOGTFS-Fête-1-01',2000000100,55300,4,'',0,17000,4,'',0,13000,4,'',0,17000,4,'',0,13000,4,'',0,17000,4,'',0,13000,4,'',0,17000,4,'',0,13000,4,'',0,17000,4,'',0,13000,4,'',0,17000,4,'',0
'SO-H23-SOGTFS-Samedi-01',2000000100,55300,4,'',0,17000,4,'',0,13000,4,'',0,17000,4,'',0,13000,4,'',0,17000,4,'',0,13000,4,'',0,17000,4,'',0,13000,4,'',0,17000,4,'',0,13000,4,'',0,17000,4,'',0
'SO-H23-SOGTFS-Semaine-01',2000000100,45900,4,'',0,10000,4,'',0,7000,4,'',0,10000,4,'',0,10000,4,'',0,10100,4,'',0,9000,4,'',0,10500,4,'',0,10000,4,'',0,10000,4,'',0,10000,4,'',0,10000,4,'',0,10000,4,'',0,3400,4,'',0,10000,4,'',0,9000,4,'',0,17100,4,'',0,18400,4,'',0
'SO-H23-SOGTFS-Semaine-02',2000000100,45900,4,'',0,10000,4,'',0,7000,4,'',0,10000,4,'',0,10000,4,'',0,10100,4,'',0,9000,4,'',0,10500,4,'',0,10000,4,'',0,10000,4,'',0,10000,4,'',0,10000,4,'',0,10000,4,'',0,3400,4,'',0,10000,4,'',0,9000,4,'',0,17100,4,'',0,18400,4,'',0
