'SO-H23-SOGTFS-Dimanche-01',100,64300,4,'',0,17000,4,'',0,13000,4,'',0,17000,4,'',0,13000,4,'',0,17000,4,'',0,13000,4,'',0,17000,4,'',0,13000,4,'',0,16900,4,'',0,13000,4,'',0,17000,4,'',0
'SO-H23-SOGTFS-Dimanche-01',101,65000,,'',0,17000,,'',0,13000,,'',0,17000,,'',0,13000,,'',0,17000,,'',0,13000,,'',0,17000,,'',0,13000,,'',0,17000,,'',0,13000,,'',0,17000,,'',0
'SO-H23-SOGTFS-Fête-1-01',100,64300,4,'',0,17000,4,'',0,13000,4,'',0,17000,4,'',0,13000,4,'',0,17000,4,'',0,13000,4,'',0,17000,4,'',0,13000,4,'',0,16900,4,'',0,13000,4,'',0,17000,4,'',0
'SO-H23-SOGTFS-Fête-1-01',101,65000,,'',0,17000,,'',0,13000,,'',0,17000,,'',0,13000,,'',0,17000,,'',0,13000,,'',0,17000,,'',0,13000,,'',0,17000,,'',0,13000,,'',0,17000,,'',0
'SO-H23-SOGTFS-Samedi-01',100,64300,4,'',0,17000,4,'',0,13000,4,'',0,17000,4,'',0,13000,4,'',0,17000,4,'',0,13000,4,'',0,17000,4,'',0,13000,4,'',0,16900,4,'',0,13000,4,'',0,17000,4,'',0
'SO-H23-SOGTFS-Samedi-01',101,65000,,'',0,17000,,'',0,13000,,'',0,17000,,'',0,13000,,'',0,17000,,'',0,13000,,'',0,17000,,'',0,13000,,'',0,17000,,'',0,13000,,'',0,17000,,'',0
'SO-H23-SOGTFS-Semaine-01',100,55600,4,'',0,10000,4,'',0,7000,4,'',0,8500,4,'',0,11500,4,'',0,9600,4,'',0,9400,4,'',0,10000,4,'',0,10000,4,'',0,10000,4,'',0,10100,4,'',0,10000,4,'',0,10000,4,'',0,3300,4,'',0,9900,4,'',0,9500,4,'',0,16500,4,'',0,14600,4,'',0
'SO-H23-SOGTFS-Semaine-01',101,61000,,'',0,9500,,'',0,3000,,'',0,8500,,'',0,11500,,'',0,9500,,'',0,10000,,'',0,10000,,'',0,10000,,'',0,10000,,'',0,10000,,'',0,10000,,'',0,10000,,'',0,7000,,'',0,10000,,'',0,10000,,'',0,12000,,'',0,18000,,'',0
'SO-H23-SOGTFS-Semaine-02',100,55600,4,'',0,10000,4,'',0,7000,4,'',0,8500,4,'',0,11500,4,'',0,9600,4,'',0,9400,4,'',0,10000,4,'',0,10000,4,'',0,10000,4,'',0,10100,4,'',0,10000,4,'',0,10000,4,'',0,3300,4,'',0,9900,4,'',0,9500,4,'',0,16500,4,'',0,14600,4,'',0
'SO-H23-SOGTFS-Semaine-02',101,61000,,'',0,9500,,'',0,3000,,'',0,8500,,'',0,11500,,'',0,9500,,'',0,10000,,'',0,10000,,'',0,10000,,'',0,10000,,'',0,10000,,'',0,10000,,'',0,10000,,'',0,7000,,'',0,10000,,'',0,10000,,'',0,12000,,'',0,18000,,'',0
'SO-H23-SOGTFS-Semaine-01',2600,52400,4,'',0,1600,4,'',0
'SO-H23-SOGTFS-Semaine-02',2600,52400,4,'',0,1600,4,'',0
