'SO-A23-SOGTFS-Dimanche-01',100,64150,4,'',0,17000,4,'',0,13000,4,'',0,17000,4,'',0,13000,4,'',0,17000,4,'',0,13000,4,'',0,17000,4,'',0,13000,4,'',0,16900,4,'',0,13000,4,'',0,17000,4,'',0
'SO-A23-SOGTFS-Fête-1-01',100,64150,4,'',0,17000,4,'',0,13000,4,'',0,17000,4,'',0,13000,4,'',0,17000,4,'',0,13000,4,'',0,17000,4,'',0,13000,4,'',0,16900,4,'',0,13000,4,'',0,17000,4,'',0
'SO-A23-SOGTFS-Fête-2-01',100,55430,4,'',0,10000,4,'',0,7000,4,'',0,8500,4,'',0,11500,4,'',0,9610,4,'',0,9400,4,'',0,10000,4,'',0,10000,4,'',0,10000,4,'',0,10100,4,'',0,10000,4,'',0,10000,4,'',0,3300,4,'',0,9900,4,'',0,9510,4,'',0,16500,4,'',0,14650,4,'',0
'SO-A23-SOGTFS-Samedi-01',100,64150,4,'',0,17000,4,'',0,13000,4,'',0,17000,4,'',0,13000,4,'',0,17000,4,'',0,13000,4,'',0,17000,4,'',0,13000,4,'',0,16900,4,'',0,13000,4,'',0,17000,4,'',0
'SO-A23-SOGTFS-Semaine-01',100,55250,4,'',0,10300,4,'',0,6500,4,'',0,8690,4,'',0,11400,4,'',0,9500,4,'',0,10000,4,'',0,10000,4,'',0,10000,4,'',0,10000,4,'',0,10290,4,'',0,10000,4,'',0,10100,4,'',0,2500,4,'',0,10510,4,'',0,9100,4,'',0,16500,4,'',0,13900,4,'',0
'SO-A23-SOGTFS-Fête-2-01',2100,55650,4,'',0,9100,4,'',0,9880,4,'',0,8700,4,'',0
'SO-A23-SOGTFS-Semaine-01',2100,60650,4,'',0,3100,4,'',0,7100,4,'',0,3980,4,'',0,7200,4,'',0,3300,4,'',0
'SO-A23-SOGTFS-Semaine-01',2200,63650,4,'',0,6500,4,'',0,3600,4,'',0,7190,4,'',0
'SO-A23-SOGTFS-Fête-2-01',2300,61150,4,'',0,4800,4,'',0,8690,4,'',0,8700,4,'',0
'SO-A23-SOGTFS-Semaine-01',2300,60650,4,'',0,2600,4,'',0,2700,4,'',0,6690,4,'',0,2500,4,'',0,6400,4,'',0,1800,4,'',0,2000,4,'',0
'SO-A23-SOGTFS-Semaine-01',2400,70350,4,'',0,3290,4,'',0,6500,4,'',0,3600,4,'',0
'SO-A23-SOGTFS-Fête-2-01',2500,61450,4,'',0,4500,4,'',0,8500,4,'',0,8500,4,'',0
'SO-A23-SOGTFS-Semaine-01',2500,63050,4,'',0,2400,4,'',0,6100,4,'',0,2400,4,'',0,6300,4,'',0,3500,4,'',0
'SO-A23-SOGTFS-Fête-2-01',2600,52240,4,'',0,1610,4,'',0
'SO-A23-SOGTFS-Semaine-01',2600,52240,4,'',0,1610,4,'',0
'SO-A23-SOGTFS-Fête-2-01',2900,160940,4,'',0,5000,4,'',0,8000,4,'',0
'SO-A23-SOGTFS-Semaine-01',2900,160940,4,'',0,3000,4,'',0,7000,4,'',0,3000,4,'',0
'SO-A23-SOGTFS-Dimanche-01',3100,70450,4,'',0,22680,4,'',0,22000,4,'',0,26000,4,'',0,22000,4,'',0,11000,4,'',0,11000,4,'',0,15000,4,'',0,10710,4,'',0,21000,4,'',0,20710,4,'',0
'SO-A23-SOGTFS-Fête-1-01',3100,70450,4,'',0,3500,4,'',0,11480,4,'',0,15700,4,'',0,12000,4,'',0,11500,4,'',0,15500,4,'',0,11500,4,'',0,11500,4,'',0,11500,4,'',0,15500,4,'',0,11500,4,'',0,11210,4,'',0,10500,4,'',0,19000,4,'',0
'SO-A23-SOGTFS-Fête-2-01',3100,64550,4,'',0,7000,4,'',0,3380,4,'',0,7100,4,'',0,3900,4,'',0,9300,4,'',0,7700,4,'',0,9500,4,'',0,9000,4,'',0,3500,4,'',0,9500,4,'',0,9500,4,'',0,7600,4,'',0,8600,4,'',0,2900,4,'',0,2400,4,'',0,8600,4,'',0,7000,4,'',0,3820,4,'',0,6000,4,'',0,3500,4,'',0,7000,4,'',0,3500,4,'',0,7400,4,'',0,3350,4,'',0,7000,4,'',0,11000,4,'',0,10500,4,'',0
'SO-A23-SOGTFS-Samedi-01',3100,70450,4,'',0,3500,4,'',0,11480,4,'',0,15700,4,'',0,12000,4,'',0,11500,4,'',0,15500,4,'',0,11500,4,'',0,11500,4,'',0,11500,4,'',0,15500,4,'',0,11500,4,'',0,11210,4,'',0,10500,4,'',0,19000,4,'',0
'SO-A23-SOGTFS-Semaine-01',3100,64550,4,'',0,7000,4,'',0,3380,4,'',0,7100,4,'',0,3900,4,'',0,9300,4,'',0,7700,4,'',0,9500,4,'',0,9000,4,'',0,3500,4,'',0,9500,4,'',0,9500,4,'',0,7600,4,'',0,8600,4,'',0,2400,4,'',0,2900,4,'',0,8600,4,'',0,7000,4,'',0,3820,4,'',0,6000,4,'',0,3500,4,'',0,7000,4,'',0,3500,4,'',0,7400,4,'',0,3350,4,'',0,7000,4,'',0,11000,4,'',0,10500,4,'',0
'SO-A23-SOGTFS-Dimanche-01',3200,55850,4,'',0,26180,4,'',0,22200,4,'',0,26000,4,'',0,22000,4,'',0,18500,4,'',0,11500,4,'',0,11000,4,'',0,10620,4,'',0,17500,4,'',0,21000,4,'',0
'SO-A23-SOGTFS-Fête-1-01',3200,55850,4,'',0,25680,4,'',0,11500,4,'',0,11700,4,'',0,16000,4,'',0,11500,4,'',0,11500,4,'',0,11500,4,'',0,15500,4,'',0,11500,4,'',0,11500,4,'',0,11120,4,'',0,11000,4,'',0,15500,4,'',0,21500,4,'',0
'SO-A23-SOGTFS-Fête-2-01',3200,65350,4,'',0,7600,4,'',0,7980,4,'',0,2600,4,'',0,8700,4,'',0,9200,4,'',0,8800,4,'',0,3900,4,'',0,9500,4,'',0,9000,4,'',0,8000,4,'',0,5100,4,'',0,7500,4,'',0,1500,4,'',0,7000,4,'',0,2700,4,'',0,8500,4,'',0,3000,4,'',0,7300,4,'',0,2620,4,'',0,6200,4,'',0,3800,4,'',0,7000,4,'',0,7500,4,'',0,3400,4,'',0,6850,4,'',0,10000,4,'',0,10500,4,'',0,10500,4,'',0
'SO-A23-SOGTFS-Samedi-01',3200,55850,4,'',0,25680,4,'',0,11500,4,'',0,11700,4,'',0,16000,4,'',0,11500,4,'',0,11500,4,'',0,11500,4,'',0,15500,4,'',0,11500,4,'',0,11500,4,'',0,11120,4,'',0,11000,4,'',0,15500,4,'',0,21500,4,'',0
'SO-A23-SOGTFS-Semaine-01',3200,65450,4,'',0,7500,4,'',0,7980,4,'',0,2600,4,'',0,8700,4,'',0,9200,4,'',0,8800,4,'',0,3900,4,'',0,9500,4,'',0,9000,4,'',0,8000,4,'',0,5100,4,'',0,7500,4,'',0,1500,4,'',0,7000,4,'',0,2700,4,'',0,8500,4,'',0,3000,4,'',0,7300,4,'',0,2620,4,'',0,6200,4,'',0,3800,4,'',0,7000,4,'',0,7500,4,'',0,3400,4,'',0,6850,4,'',0,10000,4,'',0,10500,4,'',0,10500,4,'',0
'SO-A23-SOGTFS-Fête-2-01',9800,70600,4,'',0,10240,4,'',0,10310,4,'',0,9460,4,'',0,52190,4,'',0,9800,4,'',0,10200,4,'',0,10000,4,'',0,9900,4,'',0,9700,4,'',0,9010,4,'',0,9000,4,'',0
'SO-A23-SOGTFS-Semaine-01',9800,70600,4,'',0,10240,4,'',0,10310,4,'',0,9460,4,'',0,52190,4,'',0,9800,4,'',0,10200,4,'',0,10000,4,'',0,9900,4,'',0,9700,4,'',0,9010,4,'',0,9000,4,'',0
