'SO-H24-SOGTFS-Dimanche-01',3100,63900,,'',0,26400,,'',0,22000,,'',0,22000,,'',0,26000,,'',0,11000,,'',0,11000,,'',0,11000,,'',0,10800,,'',0,21000,,'',0,24900,,'',0
'SO-H24-SOGTFS-Dimanche-02',3100,63700,,'',0,26700,,'',0,22500,,'',0,27500,,'',0,19800,,'',0,11700,,'',0,12500,,'',0,11200,,'',0,14900,,'',0,23900,,'',0
'SO-H24-SOGTFS-Fête-1-01',3100,63900,,'',0,7500,,'',0,11200,,'',0,11700,,'',0,16000,,'',0,11500,,'',0,11500,,'',0,11500,,'',0,15500,,'',0,11500,,'',0,11500,,'',0,11500,,'',0,15300,,'',0,10500,,'',0,15000,,'',0,24800,4,'',0
'SO-H24-SOGTFS-Fête-1-03',3100,63700,,'',0,9700,,'',0,17000,,'',0,10600,,'',0,11900,,'',0,29000,,'',0,13000,,'',0,17000,,'',0,13000,,'',0,17000,,'',0,8300,,'',0,24200,,'',0
'SO-H24-SOGTFS-Samedi-01',3100,63900,,'',0,7500,,'',0,11200,,'',0,11700,,'',0,16000,,'',0,11500,,'',0,11500,,'',0,11500,,'',0,15500,,'',0,11500,,'',0,11500,,'',0,11500,,'',0,15300,,'',0,10500,,'',0,15000,,'',0,24800,4,'',0
'SO-H24-SOGTFS-Samedi-02',3100,63700,,'',0,9700,,'',0,17000,,'',0,10600,,'',0,11900,,'',0,29000,,'',0,13000,,'',0,17000,,'',0,13000,,'',0,17000,,'',0,8300,,'',0,24200,,'',0
'SO-H24-SOGTFS-Semaine-01',3100,61000,,'',0,3000,,'',0,7100,,'',0,3100,,'',0,7900,,'',0,9500,,'',0,8500,,'',0,5500,,'',0,9100,,'',0,7500,,'',0,9500,,'',0,9500,,'',0,3600,,'',0,8600,,'',0,6600,,'',0,2500,,'',0,8600,,'',0,3000,,'',0,7800,,'',0,2300,,'',0,7500,,'',0,2700,,'',0,7600,,'',0,3400,,'',0,7500,,'',0,7800,,'',0,10200,,'',0,10400,,'',0,10100,4,'',0
'SO-H24-SOGTFS-Semaine-02',3100,60500,,'',0,1800,,'',0,2600,,'',0,8800,,'',0,8500,,'',0,8500,,'',0,3700,,'',0,8800,,'',0,8900,,'',0,9200,,'',0,4500,,'',0,7500,,'',0,8500,,'',0,4100,,'',0,8500,,'',0,8800,,'',0,9300,,'',0,9500,,'',0,3500,,'',0,7800,,'',0,7800,,'',0,3400,,'',0,8600,,'',0,8000,,'',0,4000,,'',0,8000,,'',0,7800,,'',0,10500,4,'',0
'SO-H24-SOGTFS-Dimanche-01',3300,50200,,'',0,2600,4,'',0,8200,,'',0,2600,4,'',0,700,,'',0,6600,4,'',0,1100,,'',0,2700,4,'',0,800,,'',0,6700,4,'',0,800,,'',0,2700,4,'',0,4800,,'',0,2700,4,'',0,800,,'',0,6700,4,'',0,800,,'',0,2700,4,'',0,800,,'',0,6700,4,'',0,800,,'',0,2700,4,'',0,4800,,'',0,2700,4,'',0,800,,'',0,6700,4,'',0,800,,'',0,2700,4,'',0,800,,'',0,6700,4,'',0,800,,'',0,2700,4,'',0,800,,'',0,6700,4,'',0,800,,'',0,2700,4,'',0,4800,,'',0,2700,4,'',0,800,,'',0,6700,4,'',0,1100,,'',0,2700,4,'',0,800,,'',0,6700,4,'',0,1000,,'',0,2700,4,'',0,4700,,'',0,2700,4,'',0,400,,'',0,6700,4,'',0,1000,,'',0,2700,4,'',0,600,,'',0,6500,4,'',0,500,,'',0,2500,4,'',0,1000,,'',0,6500,4,'',0,700,,'',0,2500,4,'',0,800,,'',0,6500,4,'',0,700,,'',0,2500,4,'',0,700,,'',0,6500,4,'',0,800,,'',0,2500,4,'',0,4800,,'',0,2500,4,'',0,2500,0,'Principale<>Faubourg Châteauguay',0
'SO-H24-SOGTFS-Dimanche-02',3300,52900,4,'',0,9800,4,'',0,8500,4,'',0,8800,4,'',0,4500,4,'',0,8500,4,'',0,8500,4,'',0,8500,4,'',0,4500,4,'',0,8400,4,'',0,8500,4,'',0,4500,4,'',0,8600,4,'',0,8500,4,'',0,8500,4,'',0,8500,4,'',0,4500,4,'',0,8500,4,'',0,8500,4,'',0,8500,4,'',0,4500,4,'',0,8200,4,'',0,8500,4,'',0,4000,4,'',0,8000,4,'',0,8000,4,'',0,4000,4,'',0,8600,4,'',0
'SO-H24-SOGTFS-Fête-1-01',3300,50200,,'',0,2600,4,'',0,8200,,'',0,2600,4,'',0,600,,'',0,6600,4,'',0,700,,'',0,2700,4,'',0,1300,,'',0,6700,4,'',0,800,,'',0,2700,4,'',0,5300,,'',0,2700,4,'',0,800,,'',0,6700,4,'',0,1800,,'',0,2700,4,'',0,4800,,'',0,2700,4,'',0,1300,,'',0,6700,4,'',0,800,,'',0,2700,4,'',0,5300,,'',0,2700,4,'',0,800,,'',0,6700,4,'',0,800,,'',0,2700,4,'',0,1300,,'',0,6700,4,'',0,800,,'',0,2700,4,'',0,5300,,'',0,2700,4,'',0,800,,'',0,6700,4,'',0,1300,,'',0,2700,4,'',0,800,,'',0,6700,4,'',0,1300,,'',0,6700,4,'',0,800,,'',0,2700,4,'',0,1300,,'',0,6700,4,'',0,800,,'',0,2700,4,'',0,5100,,'',0,2500,4,'',0,700,,'',0,6500,4,'',0,1500,,'',0,2500,4,'',0,1000,,'',0,6500,4,'',0,1000,,'',0,2500,4,'',0,800,,'',0,6500,4,'',0,700,,'',0,2500,4,'',0,5000,,'',0,2500,4,'',0,7400,0,'Principale<>Faubourg Châteauguay',0
'SO-H24-SOGTFS-Fête-1-03',3300,52900,4,'',0,9800,4,'',0,8000,4,'',0,9300,4,'',0,4500,4,'',0,8500,4,'',0,8500,4,'',0,8500,4,'',0,4500,4,'',0,8400,4,'',0,8500,4,'',0,4500,4,'',0,8600,4,'',0,8500,4,'',0,8500,4,'',0,8500,4,'',0,4500,4,'',0,8500,4,'',0,8500,4,'',0,8500,4,'',0,4500,4,'',0,8200,4,'',0,8500,4,'',0,4500,4,'',0,8000,4,'',0,8000,4,'',0,4000,4,'',0,8100,4,'',0
'SO-H24-SOGTFS-Samedi-01',3300,50200,,'',0,2600,4,'',0,8200,,'',0,2600,4,'',0,600,,'',0,6600,4,'',0,700,,'',0,2700,4,'',0,1300,,'',0,6700,4,'',0,800,,'',0,2700,4,'',0,5300,,'',0,2700,4,'',0,800,,'',0,6700,4,'',0,1800,,'',0,2700,4,'',0,4800,,'',0,2700,4,'',0,1300,,'',0,6700,4,'',0,800,,'',0,2700,4,'',0,5300,,'',0,2700,4,'',0,800,,'',0,6700,4,'',0,800,,'',0,2700,4,'',0,1300,,'',0,6700,4,'',0,800,,'',0,2700,4,'',0,5300,,'',0,2700,4,'',0,800,,'',0,6700,4,'',0,1300,,'',0,2700,4,'',0,800,,'',0,6700,4,'',0,1300,,'',0,6700,4,'',0,800,,'',0,2700,4,'',0,1300,,'',0,6700,4,'',0,800,,'',0,2700,4,'',0,5100,,'',0,2500,4,'',0,700,,'',0,6500,4,'',0,1500,,'',0,2500,4,'',0,1000,,'',0,6500,4,'',0,1000,,'',0,2500,4,'',0,800,,'',0,6500,4,'',0,700,,'',0,2500,4,'',0,5000,,'',0,2500,4,'',0,7400,0,'Principale<>Faubourg Châteauguay',0
'SO-H24-SOGTFS-Samedi-02',3300,52900,4,'',0,9800,4,'',0,8000,4,'',0,9300,4,'',0,4500,4,'',0,8500,4,'',0,8500,4,'',0,8500,4,'',0,4500,4,'',0,8400,4,'',0,8500,4,'',0,4500,4,'',0,8600,4,'',0,8500,4,'',0,8500,4,'',0,8500,4,'',0,4500,4,'',0,8500,4,'',0,8500,4,'',0,8500,4,'',0,4500,4,'',0,8200,4,'',0,8500,4,'',0,4500,4,'',0,8000,4,'',0,8000,4,'',0,4000,4,'',0,8100,4,'',0
'SO-H24-SOGTFS-Semaine-01',3300,60800,,'',0,2900,4,'',0,200,,'',0,6900,4,'',0,1000,,'',0,3100,4,'',0,6100,,'',0,3100,,'',0,7000,4,'',0,900,,'',0,2900,4,'',0,600,,'',0,6900,4,'',0,1000,,'',0,7000,4,'',0,800,,'',0,3000,4,'',0,700,,'',0,7000,4,'',0,300,,'',0,3000,4,'',0,4800,,'',0,3000,4,'',0,800,,'',0,7000,4,'',0,600,,'',0,3100,4,'',0,800,,'',0,7300,4,'',0,1100,,'',0,7500,4,'',0,500,,'',0,3500,4,'',0,5000,,'',0,3300,4,'',0,900,,'',0,7200,4,'',0,800,,'',0,2900,4,'',0,400,,'',0,6800,4,'',0,700,,'',0,6800,4,'',0,300,,'',0,2700,4,'',0,800,,'',0,6700,4,'',0,800,,'',0,2700,4,'',0,300,,'',0,6600,4,'',0,300,,'',0,2500,4,'',0,400,,'',0,6500,4,'',0,800,,'',0,2500,4,'',0,600,,'',0,6500,4,'',0,800,,'',0,2400,4,'',0,800,,'',0,6300,4,'',0,100,0,'Principale<>Faubourg Châteauguay',0,3900,0,'Principale<>Faubourg Châteauguay',0
'SO-H24-SOGTFS-Semaine-02',3300,63300,4,'',0,8500,4,'',0,8700,4,'',0,4500,4,'',0,8300,4,'',0,8000,4,'',0,4500,4,'',0,8600,4,'',0,9000,4,'',0,8300,4,'',0,4100,4,'',0,8500,4,'',0,8400,4,'',0,8600,4,'',0,9000,4,'',0,4900,4,'',0,8400,4,'',0,8100,4,'',0,4000,4,'',0,7900,4,'',0,8000,4,'',0,4000,4,'',0,7900,4,'',0,8000,4,'',0,4000,4,'',0,8000,4,'',0,7900,4,'',0
'SO-H24-SOGTFS-Dimanche-01',2000002201,52800,4,'',0,8200,,'',0,2600,4,'',0,700,,'',0,6600,4,'',0,1100,,'',0,2600,4,'',0,900,,'',0,6600,4,'',0,900,,'',0,2600,4,'',0,4900,,'',0,2600,4,'',0,900,,'',0,6600,4,'',0,900,,'',0,2600,4,'',0,900,,'',0,6600,4,'',0,900,,'',0,2600,4,'',0,4900,,'',0,2600,4,'',0,900,,'',0,6600,4,'',0,900,,'',0,2600,4,'',0,900,,'',0,6600,4,'',0,900,,'',0,2600,4,'',0,900,,'',0,6600,4,'',0,900,,'',0,2600,4,'',0,4900,,'',0,2600,4,'',0,900,,'',0,6600,4,'',0,1200,,'',0,2600,4,'',0,900,,'',0,6600,4,'',0,1100,,'',0,2600,4,'',0,4800,,'',0,2600,4,'',0,500,,'',0,6600,4,'',0,1100,,'',0,2600,4,'',0,700,,'',0,6600,4,'',0,400,,'',0,2600,4,'',0,900,,'',0,6600,4,'',0,600,,'',0,2600,4,'',0,700,,'',0,6600,4,'',0,600,,'',0,2600,4,'',0,600,,'',0,6600,4,'',0,700,,'',0,2600,4,'',0,4700,,'',0,2600,4,'',0,2400,,'',0
'SO-H24-SOGTFS-Fête-1-01',2000002201,52800,4,'',0,8200,,'',0,2600,4,'',0,600,,'',0,6600,4,'',0,800,,'',0,2600,4,'',0,1300,,'',0,6600,4,'',0,900,,'',0,2600,4,'',0,5400,,'',0,2600,4,'',0,900,,'',0,6600,4,'',0,1900,,'',0,2600,4,'',0,4900,,'',0,2600,4,'',0,1400,,'',0,6600,4,'',0,900,,'',0,2600,4,'',0,5400,,'',0,2600,4,'',0,900,,'',0,6600,4,'',0,900,,'',0,2600,4,'',0,1400,,'',0,6600,4,'',0,900,,'',0,2600,4,'',0,5400,,'',0,2600,4,'',0,900,,'',0,6600,4,'',0,1400,,'',0,2600,4,'',0,900,,'',0,6600,4,'',0,1400,,'',0,6600,4,'',0,900,,'',0,2600,4,'',0,1400,,'',0,6600,4,'',0,900,,'',0,2600,4,'',0,5200,,'',0,2600,4,'',0,600,,'',0,6600,4,'',0,1400,,'',0,2600,4,'',0,900,,'',0,6600,4,'',0,900,,'',0,2600,4,'',0,700,,'',0,6600,4,'',0,600,,'',0,2600,4,'',0,4900,,'',0,2600,4,'',0,7300,,'',0
'SO-H24-SOGTFS-Samedi-01',2000002201,52800,4,'',0,8200,,'',0,2600,4,'',0,600,,'',0,6600,4,'',0,800,,'',0,2600,4,'',0,1300,,'',0,6600,4,'',0,900,,'',0,2600,4,'',0,5400,,'',0,2600,4,'',0,900,,'',0,6600,4,'',0,1900,,'',0,2600,4,'',0,4900,,'',0,2600,4,'',0,1400,,'',0,6600,4,'',0,900,,'',0,2600,4,'',0,5400,,'',0,2600,4,'',0,900,,'',0,6600,4,'',0,900,,'',0,2600,4,'',0,1400,,'',0,6600,4,'',0,900,,'',0,2600,4,'',0,5400,,'',0,2600,4,'',0,900,,'',0,6600,4,'',0,1400,,'',0,2600,4,'',0,900,,'',0,6600,4,'',0,1400,,'',0,6600,4,'',0,900,,'',0,2600,4,'',0,1400,,'',0,6600,4,'',0,900,,'',0,2600,4,'',0,5200,,'',0,2600,4,'',0,600,,'',0,6600,4,'',0,1400,,'',0,2600,4,'',0,900,,'',0,6600,4,'',0,900,,'',0,2600,4,'',0,700,,'',0,6600,4,'',0,600,,'',0,2600,4,'',0,4900,,'',0,2600,4,'',0,7300,,'',0
'SO-H24-SOGTFS-Semaine-01',2000002201,60700,4,'',0,300,,'',0,2800,4,'',0,300,,'',0,7400,4,'',0,300,,'',0,8900,4,'',0,300,,'',0,3300,4,'',0,400,,'',0,6600,4,'',0,2000,,'',0,2600,4,'',0,4300,,'',0,2600,4,'',0,900,,'',0,6600,4,'',0,1100,,'',0,2600,4,'',0,800,,'',0,6600,4,'',0,800,,'',0,2600,4,'',0,5200,,'',0,2600,4,'',0,1200,,'',0,6600,4,'',0,1000,,'',0,2600,4,'',0,900,,'',0,7900,,'',0,8400,4,'',0,3900,4,'',0,8500,4,'',0,8300,4,'',0,3500,4,'',0,300,,'',0,6600,4,'',0,900,,'',0,2600,4,'',0,4700,,'',0,2600,4,'',0,1000,,'',0,6600,4,'',0,300,,'',0,2600,4,'',0,400,,'',0,6600,4,'',0,700,,'',0,2600,4,'',0,200,,'',0,6600,4,'',0,700,,'',0,2600,4,'',0,600,,'',0,6600,4,'',0,700,,'',0,2600,4,'',0,600,,'',0,6600,4,'',0,3800,,'',0
'SO-H24-SOGTFS-Dimanche-01',2000002300,60800,4,'',0,300,0,'Haute-Riv',0,3000,4,'',0,300,0,'Haute-Riv',0,7400,4,'',0,300,0,'Haute-Riv',0,3200,4,'',0,300,0,'Haute-Riv',0,7200,4,'',0,300,0,'Haute-Riv',0,7200,4,'',0,300,0,'Haute-Riv',0,3200,4,'',0,300,0,'Haute-Riv',0,7200,4,'',0,300,0,'Haute-Riv',0,3200,4,'',0,300,0,'Haute-Riv',0,7200,4,'',0,300,0,'Haute-Riv',0,3200,4,'',0,4300,0,'Haute-Riv',0,3200,4,'',0,300,0,'Haute-Riv',0,7200,4,'',0,300,0,'Haute-Riv',0,3200,4,'',0,300,0,'Haute-Riv',0,7200,4,'',0,300,0,'Haute-Riv',0,3200,4,'',0,300,0,'Haute-Riv',0,7200,4,'',0,300,0,'Haute-Riv',0,7200,4,'',0,300,0,'Haute-Riv',0,3200,4,'',0,300,0,'Haute-Riv',0,7500,4,'',0,300,0,'Haute-Riv',0,3200,4,'',0,300,0,'Haute-Riv',0,7400,4,'',0,300,0,'Haute-Riv',0,7100,4,'',0,300,0,'Haute-Riv',0,2800,4,'',0,300,0,'Haute-Riv',0,7400,4,'',0,300,0,'Haute-Riv',0,3000,4,'',0,300,0,'Haute-Riv',0,6700,4,'',0,300,0,'Haute-Riv',0,3200,4,'',0,300,0,'Haute-Riv',0,6900,4,'',0,300,0,'Haute-Riv',0,3000,4,'',0,300,0,'Haute-Riv',0,6900,4,'',0,300,0,'Haute-Riv',0,2900,4,'',0,4300,0,'Haute-Riv',0,3000,4,'',0,300,0,'Haute-Riv',0,7000,4,'',0,300,0,'Haute-Riv',0,5000,0,'Haute-Riv',0
'SO-H24-SOGTFS-Dimanche-02',2000002300,50000,4,'',0,10000,0,'Haute-Riv',0,3300,4,'',0,700,0,'Haute-Riv',0,9400,4,'',0,800,0,'Haute-Riv',0,7100,4,'',0,400,0,'Haute-Riv',0,8400,4,'',0,600,0,'Haute-Riv',0,2500,4,'',0,500,0,'Haute-Riv',0,7200,4,'',0,600,0,'Haute-Riv',0,8600,4,'',0,600,0,'Haute-Riv',0,1900,4,'',0,600,0,'Haute-Riv',0,2500,4,'',0,4600,0,'Haute-Riv',0,3500,4,'',0,600,0,'Haute-Riv',0,5600,0,'Haute-Riv',0,2700,4,'',0,600,0,'Haute-Riv',0,6800,4,'',0,600,0,'Haute-Riv',0,10300,4,'',0,400,0,'Haute-Riv',0,1700,4,'',0,600,0,'Haute-Riv',0,2200,4,'',0,4500,0,'Haute-Riv',0,1800,4,'',0,600,0,'Haute-Riv',0,8800,4,'',0,600,0,'Haute-Riv',0,3600,4,'',0,4300,0,'Haute-Riv',0,3000,4,'',0,600,0,'Haute-Riv',0,7200,4,'',0,600,0,'Haute-Riv',0,3800,4,'',0,600,0,'Haute-Riv',0,6300,4,'',0,600,0,'Haute-Riv',0,7400,4,'',0,600,0,'Haute-Riv',0,2300,4,'',0,600,0,'Haute-Riv',0,7800,4,'',0,600,0,'Haute-Riv',0,3500,4,'',0,4600,0,'Haute-Riv',0,3900,4,'',0,600,0,'Haute-Riv',0,10000,4,'',0,600,0,'Haute-Riv',0
'SO-H24-SOGTFS-Fête-1-01',2000002300,60800,4,'',0,300,0,'Haute-Riv',0,2900,4,'',0,300,0,'Haute-Riv',0,7000,4,'',0,300,0,'Haute-Riv',0,3700,4,'',0,300,0,'Haute-Riv',0,7200,4,'',0,300,0,'Haute-Riv',0,7700,4,'',0,300,0,'Haute-Riv',0,3200,4,'',0,300,0,'Haute-Riv',0,8200,4,'',0,300,0,'Haute-Riv',0,7200,4,'',0,300,0,'Haute-Riv',0,3700,4,'',0,300,0,'Haute-Riv',0,7300,4,'',0,200,0,'Haute-Riv',0,3700,4,'',0,4300,0,'Haute-Riv',0,3200,4,'',0,300,0,'Haute-Riv',0,7200,4,'',0,300,0,'Haute-Riv',0,3700,4,'',0,300,0,'Haute-Riv',0,7200,4,'',0,300,0,'Haute-Riv',0,7700,4,'',0,300,0,'Haute-Riv',0,3200,4,'',0,300,0,'Haute-Riv',0,7700,4,'',0,300,0,'Haute-Riv',0,3200,4,'',0,300,0,'Haute-Riv',0,7700,4,'',0,300,0,'Haute-Riv',0,7200,4,'',0,300,0,'Haute-Riv',0,3700,4,'',0,300,0,'Haute-Riv',0,7200,4,'',0,300,0,'Haute-Riv',0,7500,4,'',0,300,0,'Haute-Riv',0,2900,4,'',0,300,0,'Haute-Riv',0,7700,4,'',0,300,0,'Haute-Riv',0,3200,4,'',0,300,0,'Haute-Riv',0,7200,4,'',0,300,0,'Haute-Riv',0,3000,4,'',0,300,0,'Haute-Riv',0,6900,4,'',0,300,0,'Haute-Riv',0,7200,4,'',0,300,0,'Haute-Riv',0,9600,4,'',0,300,0,'Haute-Riv',0
'SO-H24-SOGTFS-Fête-1-03',2000002300,54300,4,'',0,5700,0,'Haute-Riv',0,3400,4,'',0,600,0,'Haute-Riv',0,9100,4,'',0,1100,0,'Haute-Riv',0,9400,4,'',0,600,0,'Haute-Riv',0,5900,4,'',0,600,0,'Haute-Riv',0,2400,4,'',0,600,0,'Haute-Riv',0,7000,4,'',0,800,0,'Haute-Riv',0,8600,4,'',0,600,0,'Haute-Riv',0,3100,4,'',0,600,0,'Haute-Riv',0,8600,4,'',0,1500,0,'Haute-Riv',0,6400,4,'',0,600,0,'Haute-Riv',0,8500,4,'',0,800,0,'Haute-Riv',0,2900,4,'',0,800,0,'Haute-Riv',0,8600,4,'',0,600,0,'Haute-Riv',0,7200,4,'',0,600,0,'Haute-Riv',0,8600,4,'',0,600,0,'Haute-Riv',0,3100,4,'',0,600,0,'Haute-Riv',0,8700,4,'',0,600,0,'Haute-Riv',0,7200,4,'',0,600,0,'Haute-Riv',0,10100,4,'',0,600,0,'Haute-Riv',0,3700,4,'',0,4600,0,'Haute-Riv',0,2100,4,'',0,600,0,'Haute-Riv',0,7800,4,'',0,600,0,'Haute-Riv',0,4000,4,'',0,4600,0,'Haute-Riv',0,3900,4,'',0,600,0,'Haute-Riv',0,10000,4,'',0,600,0,'Haute-Riv',0,14700,4,'',0,400,0,'Haute-Riv',0
'SO-H24-SOGTFS-Samedi-01',2000002300,60800,4,'',0,300,0,'Haute-Riv',0,2900,4,'',0,300,0,'Haute-Riv',0,7000,4,'',0,300,0,'Haute-Riv',0,3700,4,'',0,300,0,'Haute-Riv',0,7200,4,'',0,300,0,'Haute-Riv',0,7700,4,'',0,300,0,'Haute-Riv',0,3200,4,'',0,300,0,'Haute-Riv',0,8200,4,'',0,300,0,'Haute-Riv',0,7200,4,'',0,300,0,'Haute-Riv',0,3700,4,'',0,300,0,'Haute-Riv',0,7300,4,'',0,200,0,'Haute-Riv',0,3700,4,'',0,4300,0,'Haute-Riv',0,3200,4,'',0,300,0,'Haute-Riv',0,7200,4,'',0,300,0,'Haute-Riv',0,3700,4,'',0,300,0,'Haute-Riv',0,7200,4,'',0,300,0,'Haute-Riv',0,7700,4,'',0,300,0,'Haute-Riv',0,3200,4,'',0,300,0,'Haute-Riv',0,7700,4,'',0,300,0,'Haute-Riv',0,3200,4,'',0,300,0,'Haute-Riv',0,7700,4,'',0,300,0,'Haute-Riv',0,7200,4,'',0,300,0,'Haute-Riv',0,3700,4,'',0,300,0,'Haute-Riv',0,7200,4,'',0,300,0,'Haute-Riv',0,7500,4,'',0,300,0,'Haute-Riv',0,2900,4,'',0,300,0,'Haute-Riv',0,7700,4,'',0,300,0,'Haute-Riv',0,3200,4,'',0,300,0,'Haute-Riv',0,7200,4,'',0,300,0,'Haute-Riv',0,3000,4,'',0,300,0,'Haute-Riv',0,6900,4,'',0,300,0,'Haute-Riv',0,7200,4,'',0,300,0,'Haute-Riv',0,9600,4,'',0,300,0,'Haute-Riv',0
'SO-H24-SOGTFS-Samedi-02',2000002300,54300,4,'',0,5700,0,'Haute-Riv',0,3400,4,'',0,600,0,'Haute-Riv',0,9100,4,'',0,1100,0,'Haute-Riv',0,9400,4,'',0,600,0,'Haute-Riv',0,5900,4,'',0,600,0,'Haute-Riv',0,2400,4,'',0,600,0,'Haute-Riv',0,7000,4,'',0,800,0,'Haute-Riv',0,8600,4,'',0,600,0,'Haute-Riv',0,3100,4,'',0,600,0,'Haute-Riv',0,8600,4,'',0,1500,0,'Haute-Riv',0,6400,4,'',0,600,0,'Haute-Riv',0,8500,4,'',0,800,0,'Haute-Riv',0,2900,4,'',0,800,0,'Haute-Riv',0,8600,4,'',0,600,0,'Haute-Riv',0,7200,4,'',0,600,0,'Haute-Riv',0,8600,4,'',0,600,0,'Haute-Riv',0,3100,4,'',0,600,0,'Haute-Riv',0,8700,4,'',0,600,0,'Haute-Riv',0,7200,4,'',0,600,0,'Haute-Riv',0,10100,4,'',0,600,0,'Haute-Riv',0,3700,4,'',0,4600,0,'Haute-Riv',0,2100,4,'',0,600,0,'Haute-Riv',0,7800,4,'',0,600,0,'Haute-Riv',0,4000,4,'',0,4600,0,'Haute-Riv',0,3900,4,'',0,600,0,'Haute-Riv',0,10000,4,'',0,600,0,'Haute-Riv',0,14700,4,'',0,400,0,'Haute-Riv',0
'SO-H24-SOGTFS-Semaine-01',2000002300,60900,4,'',0,200,0,'Haute-Riv',0,3000,4,'',0,200,0,'Haute-Riv',0,7200,4,'',0,400,0,'Haute-Riv',0,3000,4,'',0,6000,4,'',0,200,0,'Haute-Riv',0,3200,4,'',0,400,0,'Haute-Riv',0,7100,4,'',0,400,0,'Haute-Riv',0,3700,4,'',0,4300,0,'Haute-Riv',0,3300,4,'',0,300,0,'Haute-Riv',0,7400,4,'',0,300,0,'Haute-Riv',0,3100,4,'',0,300,0,'Haute-Riv',0,7100,4,'',0,400,0,'Haute-Riv',0,3300,4,'',0,4500,0,'Haute-Riv',0,3300,4,'',0,500,0,'Haute-Riv',0,7200,4,'',0,400,0,'Haute-Riv',0,3400,4,'',0,600,0,'Haute-Riv',0,7700,4,'',0,600,0,'Haute-Riv',0,7300,4,'',0,700,0,'Haute-Riv',0,3800,4,'',0,4600,0,'Haute-Riv',0,3700,4,'',0,700,0,'Haute-Riv',0,7200,4,'',0,600,0,'Haute-Riv',0,3000,4,'',0,300,0,'Haute-Riv',0,7100,4,'',0,400,0,'Haute-Riv',0,7000,4,'',0,300,0,'Haute-Riv',0,3300,4,'',0,400,0,'Haute-Riv',0,7000,4,'',0,100,0,'Haute-Riv',0,3000,4,'',0,6900,4,'',0,2800,4,'',0,7100,4,'',0,200,0,'Haute-Riv',0,3100,4,'',0,100,0,'Haute-Riv',0,7100,4,'',0,200,0,'Haute-Riv',0,3100,4,'',0,100,0,'Haute-Riv',0,6500,4,'',0,200,0,'Haute-Riv',0,3700,0,'Haute-Riv',0
'SO-H24-SOGTFS-Semaine-02',2000002300,60200,4,'',0,600,0,'Haute-Riv',0,3800,4,'',0,600,0,'Haute-Riv',0,5900,4,'',0,600,0,'Haute-Riv',0,3200,4,'',0,6000,4,'',0,200,0,'Haute-Riv',0,3200,4,'',0,600,0,'Haute-Riv',0,7600,4,'',0,600,0,'Haute-Riv',0,7000,4,'',0,600,0,'Haute-Riv',0,2200,4,'',0,600,0,'Haute-Riv',0,8300,4,'',0,600,0,'Haute-Riv',0,1200,4,'',0,600,0,'Haute-Riv',0,6800,4,'',0,600,0,'Haute-Riv',0,3900,4,'',0,4600,0,'Haute-Riv',0,2900,4,'',0,600,0,'Haute-Riv',0,7900,4,'',0,600,0,'Haute-Riv',0,3500,4,'',0,4600,0,'Haute-Riv',0,3900,4,'',0,600,0,'Haute-Riv',0,6400,4,'',0,600,0,'Haute-Riv',0,3800,4,'',0,4600,0,'Haute-Riv',0,4300,4,'',0,600,0,'Haute-Riv',0,6700,4,'',0,600,0,'Haute-Riv',0,2900,4,'',0,600,0,'Haute-Riv',0,7200,4,'',0,600,0,'Haute-Riv',0,7200,4,'',0,500,0,'Haute-Riv',0,3000,4,'',0,500,0,'Haute-Riv',0,5800,4,'',0,600,0,'Haute-Riv',0,3800,4,'',0,600,0,'Haute-Riv',0,5200,4,'',0,600,0,'Haute-Riv',0,1600,4,'',0,600,0,'Haute-Riv',0,7200,4,'',0,600,0,'Haute-Riv',0,3400,4,'',0,600,0,'Haute-Riv',0,5200,4,'',0,600,0,'Haute-Riv',0,1800,4,'',0,600,0,'Haute-Riv',0,8100,0,'Haute-Riv',0,3100,0,'Haute-Riv',0
'SO-H24-SOGTFS-Dimanche-01',2000002500,52800,4,'',0,8200,,'',0,2600,4,'',0,700,,'',0,6600,4,'',0,1100,,'',0,2600,4,'',0,900,,'',0,6600,4,'',0,900,,'',0,2600,4,'',0,4900,,'',0,2600,4,'',0,900,,'',0,6600,4,'',0,900,,'',0,2600,4,'',0,900,,'',0,6600,4,'',0,900,,'',0,2600,4,'',0,4900,,'',0,2600,4,'',0,900,,'',0,6600,4,'',0,900,,'',0,2600,4,'',0,900,,'',0,6600,4,'',0,900,,'',0,2600,4,'',0,900,,'',0,6600,4,'',0,900,,'',0,2600,4,'',0,4900,,'',0,2600,4,'',0,900,,'',0,6600,4,'',0,1200,,'',0,2600,4,'',0,900,,'',0,6600,4,'',0,1100,,'',0,2600,4,'',0,4800,,'',0,2600,4,'',0,500,,'',0,6600,4,'',0,1100,,'',0,2600,4,'',0,700,,'',0,6600,4,'',0,400,,'',0,2600,4,'',0,900,,'',0,6600,4,'',0,600,,'',0,2600,4,'',0,700,,'',0,6600,4,'',0,600,,'',0,2600,4,'',0,600,,'',0,6600,4,'',0,700,,'',0,2600,4,'',0,4700,,'',0,2600,4,'',0,2400,,'',0
'SO-H24-SOGTFS-Dimanche-02',2000002500,50000,,'',0,2600,4,'',0,7900,,'',0,2600,4,'',0,900,,'',0,6600,4,'',0,400,,'',0,2600,4,'',0,600,,'',0,6600,4,'',0,2700,,'',0,6600,4,'',0,600,,'',0,2600,4,'',0,700,,'',0,6600,4,'',0,900,,'',0,2600,4,'',0,900,,'',0,6600,4,'',0,1600,,'',0,2600,4,'',0,4700,,'',0,2600,4,'',0,1300,,'',0,6600,4,'',0,2500,,'',0,6600,4,'',0,600,,'',0,2600,4,'',0,700,,'',0,6600,4,'',0,900,,'',0,2600,4,'',0,1300,,'',0,6600,4,'',0,1000,,'',0,2600,4,'',0,5400,,'',0,2600,4,'',0,1700,,'',0,6600,4,'',0,1100,,'',0,2600,4,'',0,4800,,'',0,2600,4,'',0,500,,'',0,6600,4,'',0,600,,'',0,2600,4,'',0,200,,'',0,6600,4,'',0,700,,'',0,2600,4,'',0,600,,'',0,6600,4,'',0,1600,,'',0,2600,4,'',0,5400,,'',0,2600,4,'',0,1900,,'',0,6600,4,'',0,700,,'',0,2600,4,'',0,900,,'',0,6600,4,'',0,8600,,'',0
'SO-H24-SOGTFS-Fête-1-01',2000002500,52800,4,'',0,8200,,'',0,2600,4,'',0,600,,'',0,6600,4,'',0,800,,'',0,2600,4,'',0,1300,,'',0,6600,4,'',0,900,,'',0,2600,4,'',0,5400,,'',0,2600,4,'',0,900,,'',0,6600,4,'',0,1900,,'',0,2600,4,'',0,4900,,'',0,2600,4,'',0,1400,,'',0,6600,4,'',0,900,,'',0,2600,4,'',0,5400,,'',0,2600,4,'',0,900,,'',0,6600,4,'',0,900,,'',0,2600,4,'',0,1400,,'',0,6600,4,'',0,900,,'',0,2600,4,'',0,5400,,'',0,2600,4,'',0,900,,'',0,6600,4,'',0,1400,,'',0,2600,4,'',0,900,,'',0,6600,4,'',0,1400,,'',0,6600,4,'',0,900,,'',0,2600,4,'',0,1400,,'',0,6600,4,'',0,900,,'',0,2600,4,'',0,5200,,'',0,2600,4,'',0,600,,'',0,6600,4,'',0,1400,,'',0,2600,4,'',0,900,,'',0,6600,4,'',0,900,,'',0,2600,4,'',0,700,,'',0,6600,4,'',0,600,,'',0,2600,4,'',0,4900,,'',0,2600,4,'',0,7300,,'',0
'SO-H24-SOGTFS-Fête-1-03',2000002500,55700,4,'',0,4300,,'',0,2600,4,'',0,1400,,'',0,6600,4,'',0,200,,'',0,2600,4,'',0,900,,'',0,6600,4,'',0,100,,'',0,2600,4,'',0,600,,'',0,6600,4,'',0,200,,'',0,2600,4,'',0,100,,'',0,6600,4,'',0,1300,,'',0,2600,4,'',0,1400,,'',0,6600,4,'',0,2300,,'',0,6600,4,'',0,400,,'',0,2600,4,'',0,300,,'',0,6600,4,'',0,1000,,'',0,2600,4,'',0,6400,,'',0,2600,4,'',0,1400,,'',0,6600,4,'',0,2400,,'',0,6600,4,'',0,1300,,'',0,2600,4,'',0,6600,,'',0,2600,4,'',0,1000,,'',0,6600,4,'',0,700,,'',0,2600,4,'',0,800,,'',0,6600,,'',0,2600,4,'',0,400,,'',0,6600,4,'',0,900,,'',0,2600,4,'',0,5400,,'',0,2600,4,'',0,600,,'',0,6600,4,'',0,1400,,'',0,2600,4,'',0,6000,,'',0,2600,4,'',0,1900,,'',0,6600,4,'',0,600,,'',0,2600,4,'',0,800,,'',0,6600,4,'',0
'SO-H24-SOGTFS-Samedi-01',2000002500,52800,4,'',0,8200,,'',0,2600,4,'',0,600,,'',0,6600,4,'',0,800,,'',0,2600,4,'',0,1300,,'',0,6600,4,'',0,900,,'',0,2600,4,'',0,5400,,'',0,2600,4,'',0,900,,'',0,6600,4,'',0,1900,,'',0,2600,4,'',0,4900,,'',0,2600,4,'',0,1400,,'',0,6600,4,'',0,900,,'',0,2600,4,'',0,5400,,'',0,2600,4,'',0,900,,'',0,6600,4,'',0,900,,'',0,2600,4,'',0,1400,,'',0,6600,4,'',0,900,,'',0,2600,4,'',0,5400,,'',0,2600,4,'',0,900,,'',0,6600,4,'',0,1400,,'',0,2600,4,'',0,900,,'',0,6600,4,'',0,1400,,'',0,6600,4,'',0,900,,'',0,2600,4,'',0,1400,,'',0,6600,4,'',0,900,,'',0,2600,4,'',0,5200,,'',0,2600,4,'',0,600,,'',0,6600,4,'',0,1400,,'',0,2600,4,'',0,900,,'',0,6600,4,'',0,900,,'',0,2600,4,'',0,700,,'',0,6600,4,'',0,600,,'',0,2600,4,'',0,4900,,'',0,2600,4,'',0,7300,,'',0
'SO-H24-SOGTFS-Samedi-02',2000002500,55700,4,'',0,4300,,'',0,2600,4,'',0,1400,,'',0,6600,4,'',0,200,,'',0,2600,4,'',0,900,,'',0,6600,4,'',0,100,,'',0,2600,4,'',0,600,,'',0,6600,4,'',0,200,,'',0,2600,4,'',0,100,,'',0,6600,4,'',0,1300,,'',0,2600,4,'',0,1400,,'',0,6600,4,'',0,2300,,'',0,6600,4,'',0,400,,'',0,2600,4,'',0,300,,'',0,6600,4,'',0,1000,,'',0,2600,4,'',0,6400,,'',0,2600,4,'',0,1400,,'',0,6600,4,'',0,2400,,'',0,6600,4,'',0,1300,,'',0,2600,4,'',0,6600,,'',0,2600,4,'',0,1000,,'',0,6600,4,'',0,700,,'',0,2600,4,'',0,800,,'',0,6600,,'',0,2600,4,'',0,400,,'',0,6600,4,'',0,900,,'',0,2600,4,'',0,5400,,'',0,2600,4,'',0,600,,'',0,6600,4,'',0,1400,,'',0,2600,4,'',0,6000,,'',0,2600,4,'',0,1900,,'',0,6600,4,'',0,600,,'',0,2600,4,'',0,800,,'',0,6600,4,'',0
'SO-H24-SOGTFS-Semaine-01',2000002500,60700,4,'',0,400,,'',0,2600,4,'',0,500,,'',0,6600,4,'',0,1100,,'',0,2600,4,'',0,6600,,'',0,2600,4,'',0,1000,,'',0,6600,4,'',0,2000,,'',0,2600,4,'',0,4300,,'',0,2600,4,'',0,900,,'',0,6600,4,'',0,1100,,'',0,2600,4,'',0,800,,'',0,6600,4,'',0,800,,'',0,2600,4,'',0,5200,,'',0,2600,4,'',0,1200,,'',0,6600,4,'',0,1000,,'',0,2600,4,'',0,1300,,'',0,6600,4,'',0,1800,,'',0,6600,4,'',0,1300,,'',0,2600,4,'',0,5800,,'',0,2600,4,'',0,1800,,'',0,6600,4,'',0,1500,,'',0,2600,4,'',0,600,,'',0,6600,4,'',0,900,,'',0,2600,4,'',0,4700,,'',0,2600,4,'',0,1000,,'',0,6600,4,'',0,300,,'',0,2600,4,'',0,400,,'',0,6600,4,'',0,700,,'',0,2600,4,'',0,200,,'',0,6600,4,'',0,700,,'',0,2600,4,'',0,600,,'',0,6600,4,'',0,700,,'',0,2600,4,'',0,600,,'',0,6600,,'',0,3800,,'',0
'SO-H24-SOGTFS-Semaine-02',2000002500,60100,4,'',0,2600,4,'',0,1700,,'',0,6600,4,'',0,2200,,'',0,2600,4,'',0,5900,,'',0,2600,4,'',0,1500,,'',0,6600,4,'',0,1000,,'',0,6600,4,'',0,400,,'',0,2600,4,'',0,600,,'',0,6600,4,'',0,800,,'',0,2600,4,'',0,800,,'',0,6600,4,'',0,1900,,'',0,2600,4,'',0,4600,,'',0,2600,4,'',0,900,,'',0,6600,4,'',0,1900,,'',0,2600,4,'',0,5500,,'',0,2600,4,'',0,1900,,'',0,6600,4,'',0,400,,'',0,2600,4,'',0,5800,,'',0,2600,4,'',0,2300,,'',0,6600,4,'',0,700,,'',0,2600,4,'',0,900,,'',0,6600,4,'',0,1200,,'',0,6600,4,'',0,1100,,'',0,2600,4,'',0,200,,'',0,6600,4,'',0,500,,'',0,2600,4,'',0,300,,'',0,6600,4,'',0,700,,'',0,2600,4,'',0,300,,'',0,6600,4,'',0,500,,'',0,2100,,'',0,500,4,'',0,6100,4,'',0,300,,'',0,2600,4,'',0,600,,'',0,6600,4,'',0,1400,,'',0,3100,,'',0
'SO-H24-SOGTFS-Dimanche-01',2000002700,52800,4,'',0,8200,0,'Châteauguay Nord',0,2600,4,'',0,700,0,'Châteauguay Nord',0,6600,4,'',0,1100,0,'Châteauguay Nord',0,2600,4,'',0,900,0,'Châteauguay Nord',0,6600,4,'',0,900,0,'Châteauguay Nord',0,2600,4,'',0,4900,0,'Châteauguay Nord',0,2600,4,'',0,900,0,'Châteauguay Nord',0,6600,4,'',0,900,0,'Châteauguay Nord',0,2600,4,'',0,900,0,'Châteauguay Nord',0,6600,4,'',0,900,0,'Châteauguay Nord',0,2600,4,'',0,4900,0,'Châteauguay Nord',0,2600,4,'',0,900,0,'Châteauguay Nord',0,6600,4,'',0,900,0,'Châteauguay Nord',0,2600,4,'',0,900,0,'Châteauguay Nord',0,6600,4,'',0,900,0,'Châteauguay Nord',0,2600,4,'',0,900,0,'Châteauguay Nord',0,6600,4,'',0,900,0,'Châteauguay Nord',0,2600,4,'',0,4900,0,'Châteauguay Nord',0,2600,4,'',0,900,0,'Châteauguay Nord',0,6600,4,'',0,1200,0,'Châteauguay Nord',0,2600,4,'',0,900,0,'Châteauguay Nord',0,6600,4,'',0,1100,0,'Châteauguay Nord',0,2600,4,'',0,4800,0,'Châteauguay Nord',0,2600,4,'',0,500,0,'Châteauguay Nord',0,6600,4,'',0,1100,0,'Châteauguay Nord',0,2600,4,'',0,700,0,'Châteauguay Nord',0,6600,4,'',0,400,0,'Châteauguay Nord',0,2600,4,'',0,900,0,'Châteauguay Nord',0,6600,4,'',0,600,0,'Châteauguay Nord',0,2600,4,'',0,700,0,'Châteauguay Nord',0,6600,4,'',0,600,0,'Châteauguay Nord',0,2600,4,'',0,600,0,'Châteauguay Nord',0,6600,4,'',0,700,0,'Châteauguay Nord',0,2600,4,'',0,4700,0,'Châteauguay Nord',0,5000,0,'Châteauguay Nord',0
'SO-H24-SOGTFS-Fête-1-01',2000002700,52800,4,'',0,8200,0,'Châteauguay Nord',0,2600,4,'',0,600,0,'Châteauguay Nord',0,6600,4,'',0,800,0,'Châteauguay Nord',0,2600,4,'',0,1300,0,'Châteauguay Nord',0,6600,4,'',0,900,0,'Châteauguay Nord',0,2600,4,'',0,5400,0,'Châteauguay Nord',0,2600,4,'',0,900,0,'Châteauguay Nord',0,6600,4,'',0,1900,0,'Châteauguay Nord',0,2600,4,'',0,4900,0,'Châteauguay Nord',0,2600,4,'',0,1400,0,'Châteauguay Nord',0,6600,4,'',0,900,0,'Châteauguay Nord',0,2600,4,'',0,5400,0,'Châteauguay Nord',0,2600,4,'',0,900,0,'Châteauguay Nord',0,6600,4,'',0,900,0,'Châteauguay Nord',0,2600,4,'',0,1400,0,'Châteauguay Nord',0,6600,4,'',0,900,0,'Châteauguay Nord',0,2600,4,'',0,5400,0,'Châteauguay Nord',0,2600,4,'',0,900,0,'Châteauguay Nord',0,6600,4,'',0,1400,0,'Châteauguay Nord',0,2600,4,'',0,900,0,'Châteauguay Nord',0,6600,4,'',0,1400,0,'Châteauguay Nord',0,6600,4,'',0,900,0,'Châteauguay Nord',0,2600,4,'',0,1400,0,'Châteauguay Nord',0,6600,4,'',0,900,0,'Châteauguay Nord',0,2600,4,'',0,5200,0,'Châteauguay Nord',0,2600,4,'',0,600,0,'Châteauguay Nord',0,6600,4,'',0,1400,0,'Châteauguay Nord',0,2600,4,'',0,900,0,'Châteauguay Nord',0,6600,4,'',0,900,0,'Châteauguay Nord',0,2600,4,'',0,700,0,'Châteauguay Nord',0,6600,4,'',0,600,0,'Châteauguay Nord',0,2600,4,'',0,4900,0,'Châteauguay Nord',0,2600,4,'',0,7300,0,'Châteauguay Nord',0
'SO-H24-SOGTFS-Samedi-01',2000002700,52800,4,'',0,8200,0,'Châteauguay Nord',0,2600,4,'',0,600,0,'Châteauguay Nord',0,6600,4,'',0,800,0,'Châteauguay Nord',0,2600,4,'',0,1300,0,'Châteauguay Nord',0,6600,4,'',0,900,0,'Châteauguay Nord',0,2600,4,'',0,5400,0,'Châteauguay Nord',0,2600,4,'',0,900,0,'Châteauguay Nord',0,6600,4,'',0,1900,0,'Châteauguay Nord',0,2600,4,'',0,4900,0,'Châteauguay Nord',0,2600,4,'',0,1400,0,'Châteauguay Nord',0,6600,4,'',0,900,0,'Châteauguay Nord',0,2600,4,'',0,5400,0,'Châteauguay Nord',0,2600,4,'',0,900,0,'Châteauguay Nord',0,6600,4,'',0,900,0,'Châteauguay Nord',0,2600,4,'',0,1400,0,'Châteauguay Nord',0,6600,4,'',0,900,0,'Châteauguay Nord',0,2600,4,'',0,5400,0,'Châteauguay Nord',0,2600,4,'',0,900,0,'Châteauguay Nord',0,6600,4,'',0,1400,0,'Châteauguay Nord',0,2600,4,'',0,900,0,'Châteauguay Nord',0,6600,4,'',0,1400,0,'Châteauguay Nord',0,6600,4,'',0,900,0,'Châteauguay Nord',0,2600,4,'',0,1400,0,'Châteauguay Nord',0,6600,4,'',0,900,0,'Châteauguay Nord',0,2600,4,'',0,5200,0,'Châteauguay Nord',0,2600,4,'',0,600,0,'Châteauguay Nord',0,6600,4,'',0,1400,0,'Châteauguay Nord',0,2600,4,'',0,900,0,'Châteauguay Nord',0,6600,4,'',0,900,0,'Châteauguay Nord',0,2600,4,'',0,700,0,'Châteauguay Nord',0,6600,4,'',0,600,0,'Châteauguay Nord',0,2600,4,'',0,4900,0,'Châteauguay Nord',0,2600,4,'',0,7300,0,'Châteauguay Nord',0
'SO-H24-SOGTFS-Semaine-01',2000002700,60700,4,'',0,300,0,'Châteauguay Nord',0,2800,4,'',0,300,0,'Châteauguay Nord',0,7400,4,'',0,300,0,'Châteauguay Nord',0,8900,4,'',0,300,0,'Châteauguay Nord',0,3300,4,'',0,400,0,'Châteauguay Nord',0,6600,4,'',0,2000,0,'Châteauguay Nord',0,2600,4,'',0,4300,0,'Châteauguay Nord',0,2600,4,'',0,900,0,'Châteauguay Nord',0,6600,4,'',0,1100,0,'Châteauguay Nord',0,2600,4,'',0,800,0,'Châteauguay Nord',0,6600,4,'',0,800,0,'Châteauguay Nord',0,2600,4,'',0,5200,0,'Châteauguay Nord',0,2600,4,'',0,1200,0,'Châteauguay Nord',0,6600,4,'',0,1000,0,'Châteauguay Nord',0,2600,4,'',0,1300,0,'Châteauguay Nord',0,8000,4,'',0,400,0,'Châteauguay Nord',0,7500,4,'',0,400,0,'Châteauguay Nord',0,4100,4,'',0,4300,0,'Châteauguay Nord',0,4000,4,'',0,400,0,'Châteauguay Nord',0,7500,4,'',0,600,0,'Châteauguay Nord',0,2900,4,'',0,300,0,'Châteauguay Nord',0,6600,4,'',0,900,0,'Châteauguay Nord',0,2600,4,'',0,4700,0,'Châteauguay Nord',0,2600,4,'',0,1000,0,'Châteauguay Nord',0,6600,4,'',0,300,0,'Châteauguay Nord',0,2600,4,'',0,400,0,'Châteauguay Nord',0,6600,4,'',0,700,0,'Châteauguay Nord',0,2600,4,'',0,200,0,'Châteauguay Nord',0,6600,4,'',0,700,0,'Châteauguay Nord',0,2600,4,'',0,600,0,'Châteauguay Nord',0,6600,4,'',0,700,0,'Châteauguay Nord',0,2600,4,'',0,600,0,'Châteauguay Nord',0,6600,4,'',0,3800,0,'Châteauguay Nord',0
'SO-H24-SOGTFS-Dimanche-01',2000002900,52800,4,'',0,8200,,'',0,2600,4,'',0,700,,'',0,6600,4,'',0,1100,,'',0,2600,4,'',0,900,,'',0,6600,4,'',0,900,,'',0,2600,4,'',0,4900,,'',0,2600,4,'',0,900,,'',0,6600,4,'',0,900,,'',0,2600,4,'',0,900,,'',0,6600,4,'',0,900,,'',0,2600,4,'',0,4900,,'',0,2600,4,'',0,900,,'',0,6600,4,'',0,900,,'',0,2600,4,'',0,900,,'',0,6600,4,'',0,900,,'',0,2600,4,'',0,900,,'',0,6600,4,'',0,900,,'',0,2600,4,'',0,4900,,'',0,2600,4,'',0,900,,'',0,6600,4,'',0,1200,,'',0,2600,4,'',0,900,,'',0,6600,4,'',0,1100,,'',0,2600,4,'',0,4800,,'',0,2600,4,'',0,500,,'',0,6600,4,'',0,1100,,'',0,2600,4,'',0,700,,'',0,6600,4,'',0,400,,'',0,2600,4,'',0,900,,'',0,6600,4,'',0,600,,'',0,2600,4,'',0,700,,'',0,6600,4,'',0,600,,'',0,2600,4,'',0,600,,'',0,6600,4,'',0,700,,'',0,2600,4,'',0,4700,,'',0,2600,4,'',0,2400,,'',0
'SO-H24-SOGTFS-Fête-1-01',2000002900,52800,4,'',0,8200,,'',0,2600,4,'',0,600,,'',0,6600,4,'',0,800,,'',0,2600,4,'',0,1300,,'',0,6600,4,'',0,900,,'',0,2600,4,'',0,5400,,'',0,2600,4,'',0,900,,'',0,6600,4,'',0,1900,,'',0,2600,4,'',0,4900,,'',0,2600,4,'',0,1400,,'',0,6600,4,'',0,900,,'',0,2600,4,'',0,5400,,'',0,2600,4,'',0,900,,'',0,6600,4,'',0,900,,'',0,2600,4,'',0,1400,,'',0,6600,4,'',0,900,,'',0,2600,4,'',0,5400,,'',0,2600,4,'',0,900,,'',0,6600,4,'',0,1400,,'',0,2600,4,'',0,900,,'',0,6600,4,'',0,1400,,'',0,6600,4,'',0,900,,'',0,2600,4,'',0,1400,,'',0,6600,4,'',0,900,,'',0,2600,4,'',0,5200,,'',0,2600,4,'',0,600,,'',0,6600,4,'',0,1400,,'',0,2600,4,'',0,900,,'',0,6600,4,'',0,900,,'',0,2600,4,'',0,700,,'',0,6600,4,'',0,600,,'',0,2600,4,'',0,4900,,'',0,2600,4,'',0,7300,,'',0
'SO-H24-SOGTFS-Samedi-01',2000002900,52800,4,'',0,8200,,'',0,2600,4,'',0,600,,'',0,6600,4,'',0,800,,'',0,2600,4,'',0,1300,,'',0,6600,4,'',0,900,,'',0,2600,4,'',0,5400,,'',0,2600,4,'',0,900,,'',0,6600,4,'',0,1900,,'',0,2600,4,'',0,4900,,'',0,2600,4,'',0,1400,,'',0,6600,4,'',0,900,,'',0,2600,4,'',0,5400,,'',0,2600,4,'',0,900,,'',0,6600,4,'',0,900,,'',0,2600,4,'',0,1400,,'',0,6600,4,'',0,900,,'',0,2600,4,'',0,5400,,'',0,2600,4,'',0,900,,'',0,6600,4,'',0,1400,,'',0,2600,4,'',0,900,,'',0,6600,4,'',0,1400,,'',0,6600,4,'',0,900,,'',0,2600,4,'',0,1400,,'',0,6600,4,'',0,900,,'',0,2600,4,'',0,5200,,'',0,2600,4,'',0,600,,'',0,6600,4,'',0,1400,,'',0,2600,4,'',0,900,,'',0,6600,4,'',0,900,,'',0,2600,4,'',0,700,,'',0,6600,4,'',0,600,,'',0,2600,4,'',0,4900,,'',0,2600,4,'',0,7300,,'',0
'SO-H24-SOGTFS-Semaine-01',2000002900,61200,,'',0,2600,4,'',0,300,,'',0,6600,4,'',0,1100,,'',0,2600,4,'',0,6600,,'',0,2600,4,'',0,1100,,'',0,6600,4,'',0,2000,,'',0,2600,4,'',0,4300,,'',0,2600,4,'',0,900,,'',0,6600,4,'',0,1100,,'',0,2600,4,'',0,800,,'',0,6600,4,'',0,800,,'',0,2600,4,'',0,5200,,'',0,2600,4,'',0,1200,,'',0,6600,4,'',0,1000,,'',0,2600,4,'',0,1300,,'',0,6600,4,'',0,1800,,'',0,6600,4,'',0,1300,,'',0,2600,4,'',0,5800,,'',0,2600,4,'',0,1800,,'',0,6600,4,'',0,1500,,'',0,2600,4,'',0,600,,'',0,6600,4,'',0,900,,'',0,2600,4,'',0,4700,,'',0,2600,4,'',0,1000,,'',0,6600,4,'',0,300,,'',0,2600,4,'',0,400,,'',0,6600,4,'',0,700,,'',0,2600,4,'',0,200,,'',0,6600,4,'',0,700,,'',0,2600,4,'',0,600,,'',0,6600,4,'',0,700,,'',0,2600,4,'',0,600,,'',0,6600,,'',0,3800,,'',0
