100,78433,1,0
100,78662,2,0
100,78655,3,0
100,78714,4,0
100,78324,5,0
100,78326,6,0
100,78328,7,0
100,78330,8,0
100,78332,9,0
100,78334,10,0
100,78336,11,0
100,78338,12,0
100,78322,13,0
100,78318,14,0
100,78320,15,0
100,78448,16,0
100,78721,17,0
100,78722,18,0
100,78724,19,0
100,78725,20,0
100,78726,21,0
100,78002,22,0
100,78356,23,0
100,78342,24,0
100,78350,25,0
100,78352,26,0
100,78354,27,0
100,78344,28,0
100,78358,29,0
100,78360,30,0
100,78362,31,0
100,78723,32,0
100,78289,33,0
100,78292,34,0
100,78284,35,0
100,78608,36,0
100,78296,37,0
100,78282,38,0
100,78298,39,0
100,78300,40,0
100,78728,41,0
100,78729,42,0
100,78689,43,0
100,78690,44,0
100,78691,45,0
100,78692,46,0
100,78243,47,0
100,78070,48,0
100,78217,49,0
100,78214,50,0
100,78921,51,0
100,78145,52,0
100,78024,53,0
100,78131,54,0
100,78162,55,0
100,78172,56,0
100,78176,57,0
100,78157,58,0
100,78124,59,0
100,78171,60,0
100,78178,61,0
100,78160,62,0
100,78132,63,0
100,78179,64,0
100,78136,65,0
100,78125,66,0
100,78730,67,0
100,78731,68,0
100,78734,69,0
100,78275,70,0
100,78274,71,0
100,77655,72,0
100,77501,73,0
100,77657,74,0
100,77503,75,0
100,77504,76,0
100,77505,77,0
100,77506,78,0
100,77509,79,0
100,77507,80,0
100,77508,81,0
100,78364,82,1
101,78364,1,0
101,78564,2,0
101,78568,3,0
101,78565,4,0
101,78567,5,0
101,78559,6,0
101,78569,7,0
101,78563,8,0
101,76557,9,0
101,78315,10,0
101,78606,11,0
101,78898,12,0
101,78126,13,0
101,78135,14,0
101,78180,15,0
101,78137,16,0
101,78138,17,0
101,78177,18,0
101,78121,19,0
101,78123,20,0
101,78155,21,0
101,78174,22,0
101,78158,23,0
101,78173,24,0
101,78184,25,0
101,78130,26,0
101,78023,27,0
101,78144,28,0
101,78920,29,0
101,78215,30,0
101,78216,31,0
101,78069,32,0
101,78233,33,0
101,78245,34,0
101,79191,35,0
101,78148,36,0
101,78003,37,0
101,78285,38,0
101,78611,39,0
101,78607,40,0
101,78297,41,0
101,78299,42,0
101,78295,43,0
101,78294,44,0
101,78283,45,0
101,78291,46,0
101,78290,47,0
101,78339,48,0
101,78361,49,0
101,78347,50,0
101,78357,51,0
101,78355,52,0
101,78343,53,0
101,78353,54,0
101,78351,55,0
101,78341,56,0
101,78345,57,0
101,78588,58,0
101,78586,59,0
101,78700,60,0
101,78587,61,0
101,78701,62,0
101,78702,63,0
101,78623,64,0
101,78348,65,0
101,78317,66,0
101,78321,67,0
101,78337,68,0
101,78335,69,0
101,78333,70,0
101,78331,71,0
101,78329,72,0
101,78327,73,0
101,78325,74,0
101,78323,75,0
101,78662,76,0
101,78655,77,0
101,78714,78,0
101,78433,79,1
2000,78324,1,0
2000,78326,2,0
2000,78328,3,0
2000,78330,4,0
2000,78332,5,0
2000,78001,6,0
2000,78004,7,0
2000,78102,8,0
2000,78104,9,0
2000,78146,10,0
2000,78596,11,0
2000,78597,12,0
2000,78530,13,0
2000,78599,14,0
2000,78600,15,0
2000,78601,16,0
2000,78602,17,0
2000,78448,18,0
2000,78721,19,0
2000,78722,20,0
2000,78724,21,0
2000,78725,22,0
2000,78726,23,0
2000,78002,24,0
2000,78356,25,0
2000,78509,26,0
2000,78510,27,0
2000,78511,28,0
2000,78512,29,0
2000,78513,30,0
2000,78514,31,0
2000,78501,32,0
2000,78515,33,0
2000,78516,34,0
2000,78517,35,0
2000,78518,36,0
2000,78519,37,0
2000,78520,38,0
2000,78525,39,0
2000,78526,40,0
2000,78449,41,0
2000,78527,42,0
2000,78528,43,0
2000,78529,44,0
2000,78342,45,0
2000,78350,46,0
2000,78352,47,0
2000,78354,48,0
2000,78344,49,0
2000,78358,50,0
2000,78570,51,0
2000,78571,52,0
2000,78572,53,0
2000,78573,54,0
2000,78574,55,0
2000,78575,56,0
2000,78950,57,0
2000,78943,58,0
2000,78944,59,0
2000,78339,60,0
2000,78361,61,0
2000,78347,62,0
2000,78357,63,1
2001,78357,1,0
2001,78355,2,0
2001,78343,3,0
2001,78353,4,0
2001,78351,5,0
2001,78341,6,0
2001,78345,7,0
2001,78588,8,0
2001,78586,9,0
2001,78700,10,0
2001,78587,11,0
2001,78538,12,0
2001,78539,13,0
2001,78540,14,0
2001,78450,15,0
2001,78541,16,0
2001,78546,17,0
2001,78547,18,0
2001,78548,19,0
2001,78549,20,0
2001,78550,21,0
2001,78551,22,0
2001,78552,23,0
2001,78500,24,0
2001,78553,25,0
2001,78554,26,0
2001,78555,27,0
2001,78556,28,0
2001,78557,29,0
2001,78558,30,0
2001,78560,31,0
2001,78701,32,0
2001,78702,33,0
2001,78623,34,0
2001,78589,35,0
2001,78590,36,0
2001,78591,37,0
2001,78592,38,0
2001,78593,39,0
2001,78594,40,0
2001,78595,41,0
2001,78458,42,0
2001,78459,43,0
2001,78952,44,0
2001,78460,45,0
2001,78461,46,0
2001,78462,47,0
2001,78463,48,0
2001,78329,49,0
2001,78327,50,0
2001,78325,51,0
2001,78323,52,1
2100,78135,1,0
2100,78180,2,0
2100,78137,3,0
2100,78138,4,0
2100,78177,5,0
2100,78121,6,0
2100,78123,7,0
2100,78753,8,0
2100,78161,9,0
2100,78156,10,0
2100,78543,11,0
2100,78545,12,0
2100,78109,13,0
2100,78147,14,0
2100,78149,15,0
2100,78107,16,0
2100,78105,17,0
2100,78103,18,0
2100,78076,19,0
2100,78101,20,0
2100,78115,21,0
2100,78057,22,0
2100,78116,23,0
2100,78117,24,0
2100,78045,25,0
2100,78046,26,0
2100,78132,27,0
2100,78179,28,0
2100,78136,29,0
2100,78125,30,0
2100,78730,31,0
2100,78731,32,0
2100,78734,33,0
2100,78275,34,0
2100,78274,35,0
2100,77655,36,0
2100,77501,37,0
2100,77657,38,0
2100,77503,39,0
2100,77504,40,0
2100,77505,41,0
2100,77506,42,0
2100,77509,43,0
2100,77507,44,0
2100,77508,45,0
2100,78904,46,1
2101,78904,1,0
2101,78564,2,0
2101,78568,3,0
2101,78565,4,0
2101,78567,5,0
2101,78559,6,0
2101,78569,7,0
2101,78563,8,0
2101,76557,9,0
2101,78315,10,0
2101,78606,11,0
2101,78898,12,0
2101,78126,13,0
2101,78135,14,0
2101,78180,15,0
2101,78137,16,0
2101,78138,17,0
2101,78177,18,0
2101,78121,19,0
2101,78123,20,0
2101,78753,21,0
2101,78161,22,0
2101,78156,23,0
2101,78543,24,0
2101,78545,25,0
2101,78109,26,0
2101,78147,27,0
2101,78149,28,0
2101,78107,29,0
2101,78105,30,0
2101,78103,31,0
2101,78076,32,0
2101,78101,33,0
2101,78115,34,0
2101,78057,35,0
2101,78116,36,0
2101,78117,37,0
2101,78045,38,0
2101,78046,39,0
2101,78132,40,0
2101,78179,41,0
2101,78136,42,1
2200,78055,1,0
2200,78042,2,0
2200,78151,3,0
2200,78040,4,0
2200,78038,5,0
2200,78036,6,0
2200,78693,7,0
2200,78683,8,0
2200,78685,9,0
2200,76687,10,0
2200,78031,11,0
2200,78029,12,0
2200,78028,13,0
2200,78025,14,0
2200,78020,15,0
2200,78018,16,0
2200,78016,17,0
2200,78014,18,0
2200,78013,19,0
2200,78508,20,0
2200,78136,21,0
2200,78125,22,0
2200,78730,23,0
2200,78731,24,0
2200,78734,25,0
2200,78275,26,0
2200,78274,27,0
2200,77655,28,0
2200,77501,29,0
2200,77657,30,0
2200,77503,31,0
2200,77504,32,0
2200,77505,33,0
2200,77506,34,0
2200,77509,35,0
2200,77507,36,0
2200,77508,37,0
2200,78903,38,1
2201,78903,1,0
2201,78564,2,0
2201,78568,3,0
2201,78565,4,0
2201,78567,5,0
2201,78559,6,0
2201,78569,7,0
2201,78563,8,0
2201,76557,9,0
2201,78315,10,0
2201,78606,11,0
2201,78898,12,0
2201,78126,13,0
2201,78135,14,0
2201,78152,15,0
2201,78015,16,0
2201,78017,17,0
2201,78019,18,0
2201,78021,19,0
2201,78026,20,0
2201,78027,21,0
2201,78030,22,0
2201,78032,23,0
2201,78034,24,0
2201,76686,25,0
2201,78684,26,0
2201,78694,27,0
2201,76688,28,0
2201,78037,29,0
2201,78039,30,0
2201,78150,31,0
2201,78041,32,0
2201,78055,33,1
2300,78047,1,0
2300,78048,2,0
2300,78050,3,0
2300,78269,4,0
2300,78052,5,0
2300,78054,6,0
2300,78059,7,0
2300,78061,8,0
2300,78063,9,0
2300,78065,10,0
2300,78153,11,0
2300,78068,12,0
2300,78232,13,0
2300,78070,14,0
2300,78217,15,0
2300,78214,16,0
2300,78921,17,0
2300,78145,18,0
2300,78024,19,0
2300,78131,20,0
2300,78162,21,0
2300,78172,22,0
2300,78176,23,0
2300,78157,24,0
2300,78071,25,0
2300,78202,26,0
2300,78074,27,0
2300,78078,28,0
2300,78080,29,0
2300,78081,30,0
2300,78083,31,0
2300,78085,32,0
2300,78127,33,0
2300,78730,34,0
2300,78731,35,0
2300,78734,36,0
2300,78275,37,0
2300,78274,38,0
2300,77655,39,0
2300,77501,40,0
2300,77657,41,0
2300,77503,42,0
2300,77504,43,0
2300,77505,44,0
2300,77506,45,0
2300,77509,46,0
2300,77507,47,0
2300,77508,48,0
2300,78902,49,1
2301,78902,1,0
2301,78564,2,0
2301,78568,3,0
2301,78565,4,0
2301,78567,5,0
2301,78559,6,0
2301,78569,7,0
2301,78563,8,0
2301,76557,9,0
2301,78315,10,0
2301,78606,11,0
2301,78898,12,0
2301,78128,13,0
2301,78089,14,0
2301,78084,15,0
2301,78082,16,0
2301,78079,17,0
2301,78077,18,0
2301,78073,19,0
2301,78203,20,0
2301,78072,21,0
2301,78155,22,0
2301,78174,23,0
2301,78158,24,0
2301,78173,25,0
2301,78184,26,0
2301,78130,27,0
2301,78023,28,0
2301,78144,29,0
2301,78920,30,0
2301,78215,31,0
2301,78216,32,0
2301,78069,33,0
2301,78233,34,0
2301,78067,35,0
2301,78154,36,0
2301,78066,37,0
2301,78064,38,0
2301,78062,39,0
2301,78060,40,0
2301,78058,41,0
2301,78053,42,0
2301,78270,43,0
2301,78051,44,0
2301,78049,45,0
2301,78254,46,1
2400,78239,1,0
2400,78447,2,0
2400,78242,3,0
2400,78185,4,0
2400,78246,5,0
2400,78879,6,0
2400,78197,7,0
2400,78199,8,0
2400,78201,9,0
2400,78250,10,0
2400,78897,11,0
2400,78024,12,0
2400,78131,13,0
2400,78162,14,0
2400,78172,15,0
2400,78176,16,0
2400,78913,17,0
2400,78914,18,0
2400,78915,19,0
2400,78916,20,0
2400,78264,21,0
2400,78183,22,0
2400,78142,23,0
2400,78122,24,0
2400,78092,25,0
2400,78086,26,0
2400,78127,27,0
2400,78730,28,0
2400,78731,29,0
2400,78734,30,0
2400,78275,31,0
2400,78274,32,0
2400,77655,33,0
2400,77501,34,0
2400,77657,35,0
2400,77503,36,0
2400,77504,37,0
2400,77505,38,0
2400,77506,39,0
2400,77509,40,0
2400,77507,41,0
2400,77508,42,0
2400,78902,43,1
2401,78902,1,0
2401,78564,2,0
2401,78568,3,0
2401,78565,4,0
2401,78567,5,0
2401,78559,6,0
2401,78569,7,0
2401,78563,8,0
2401,76557,9,0
2401,78315,10,0
2401,78606,11,0
2401,78898,12,0
2401,78128,13,0
2401,78089,14,0
2401,78091,15,0
2401,78090,16,0
2401,78141,17,0
2401,78181,18,0
2401,78265,19,0
2401,78266,20,0
2401,78268,21,0
2401,78005,22,0
2401,78006,23,0
2401,78175,24,0
2401,78158,25,0
2401,78173,26,0
2401,78184,27,0
2401,78130,28,0
2401,78023,29,0
2401,78144,30,0
2401,78249,31,0
2401,78248,32,0
2401,78198,33,0
2401,78247,34,0
2401,78505,35,0
2401,78871,36,0
2401,78872,37,0
2401,78873,38,0
2401,78874,39,1
2500,78874,1,0
2500,78875,2,0
2500,78876,3,0
2500,78752,4,0
2500,78235,5,0
2500,78234,6,0
2500,78229,7,0
2500,78258,8,0
2500,78231,9,0
2500,78256,10,0
2500,78140,11,0
2500,78189,12,0
2500,78098,13,0
2500,78096,14,0
2500,78094,15,0
2500,78267,16,0
2500,78264,17,0
2500,78183,18,0
2500,78142,19,0
2500,78122,20,0
2500,78092,21,0
2500,78086,22,0
2500,78127,23,0
2500,78730,24,0
2500,78731,25,0
2500,78734,26,0
2500,78275,27,0
2500,78274,28,0
2500,77655,29,0
2500,77501,30,0
2500,77657,31,0
2500,77503,32,0
2500,77504,33,0
2500,77505,34,0
2500,77506,35,0
2500,77509,36,0
2500,77507,37,0
2500,77508,38,0
2500,78901,39,1
2501,78901,1,0
2501,78564,2,0
2501,78568,3,0
2501,78565,4,0
2501,78567,5,0
2501,78559,6,0
2501,78569,7,0
2501,78563,8,0
2501,76557,9,0
2501,78315,10,0
2501,78606,11,0
2501,78898,12,0
2501,78128,13,0
2501,78089,14,0
2501,78091,15,0
2501,78090,16,0
2501,78141,17,0
2501,78181,18,0
2501,78265,19,0
2501,78266,20,0
2501,78093,21,0
2501,78095,22,0
2501,78097,23,0
2501,78190,24,0
2501,78139,25,0
2501,78255,26,0
2501,78230,27,0
2501,78257,28,0
2501,78228,29,0
2501,78235,30,0
2501,78234,31,0
2501,78877,32,0
2501,78193,33,0
2501,78194,34,0
2501,78239,35,0
2501,78447,36,0
2501,78242,37,0
2501,78185,38,0
2501,78246,39,0
2501,78879,40,0
2501,78197,41,0
2501,78199,42,0
2501,78201,43,0
2501,78250,44,0
2501,78897,45,1
2600,78235,1,0
2600,78234,2,0
2600,78163,3,0
2600,78237,4,0
2600,78186,5,0
2600,78239,6,0
2600,78447,7,0
2600,78242,8,0
2600,78185,9,0
2600,78246,10,0
2600,78879,11,0
2600,78197,12,0
2600,78199,13,0
2600,78201,14,0
2600,78250,15,0
2600,78897,16,0
2600,78024,17,0
2600,78131,18,0
2600,78162,19,0
2600,78112,20,0
2600,78252,21,0
2600,78253,22,0
2600,78191,23,0
2600,78139,24,0
2600,78255,25,0
2600,78230,26,0
2600,78257,27,0
2600,78259,28,0
2600,78209,29,0
2600,78206,30,0
2600,78261,31,0
2600,78263,32,0
2600,78182,33,0
2600,78265,34,0
2600,78266,35,0
2600,78268,36,0
2600,78005,37,0
2600,78006,38,0
2600,78175,39,0
2600,78157,40,0
2600,78124,41,0
2600,78171,42,0
2600,78178,43,0
2600,78132,44,0
2600,78179,45,0
2600,78136,46,0
2600,78125,47,0
2600,78730,48,0
2600,78731,49,0
2600,78734,50,0
2600,78275,51,0
2600,78274,52,0
2600,77655,53,0
2600,77501,54,0
2600,77657,55,0
2600,77503,56,0
2600,77504,57,0
2600,77505,58,0
2600,77506,59,0
2600,77509,60,0
2600,77507,61,0
2600,77508,62,0
2600,78364,63,1
2700,78223,1,0
2700,78225,2,0
2700,78221,3,0
2700,78008,4,0
2700,78227,5,0
2700,78229,6,0
2700,78881,7,0
2700,78213,8,0
2700,78165,9,0
2700,78010,10,0
2700,78211,11,0
2700,78012,12,0
2700,78208,13,0
2700,78206,14,0
2700,78261,15,0
2700,78263,16,0
2700,78182,17,0
2700,78142,18,0
2700,78122,19,0
2700,78092,20,0
2700,78086,21,0
2700,78084,22,0
2700,78082,23,0
2700,78108,24,0
2700,78136,25,1
2701,78136,1,0
2701,78128,2,0
2701,78089,3,0
2701,78091,4,0
2701,78090,5,0
2701,78141,6,0
2701,78181,7,0
2701,78262,8,0
2701,78260,9,0
2701,78205,10,0
2701,78207,11,0
2701,78011,12,0
2701,78210,13,0
2701,78009,14,0
2701,78164,15,0
2701,78212,16,0
2701,78867,17,0
2701,78228,18,0
2701,78226,19,0
2701,78007,20,0
2701,78143,21,0
2701,78224,22,0
2701,78223,23,1
2800,78324,1,0
2800,78326,2,0
2800,78320,3,0
2800,78724,4,0
2800,78725,5,0
2800,78726,6,0
2800,78002,7,0
2800,78356,8,0
2800,78342,9,0
2800,78350,10,0
2800,78352,11,0
2800,78354,12,0
2800,78344,13,0
2800,78358,14,0
2800,78360,15,0
2800,78362,16,0
2800,78723,17,0
2800,78289,18,0
2800,78292,19,0
2800,78284,20,0
2800,78608,21,0
2800,78296,22,0
2800,78282,23,0
2800,78298,24,0
2800,78300,25,0
2800,78729,26,0
2800,78214,27,0
2800,78921,28,0
2800,78145,29,0
2800,78024,30,0
2800,78131,31,0
2800,78162,32,0
2800,78172,33,0
2800,78176,34,0
2800,78157,35,0
2800,78124,36,0
2800,78171,37,0
2800,78178,38,0
2800,78160,39,0
2800,78132,40,0
2800,78179,41,0
2800,78168,42,0
2800,78125,43,0
2800,78730,44,0
2800,78731,45,0
2800,78734,46,0
2800,78275,47,0
2800,78274,48,0
2800,16002,49,1
2801,16002,1,0
2801,78606,2,0
2801,78898,3,0
2801,78126,4,0
2801,78168,5,0
2801,78180,6,0
2801,78137,7,0
2801,78138,8,0
2801,78177,9,0
2801,78121,10,0
2801,78123,11,0
2801,78155,12,0
2801,78174,13,0
2801,78158,14,0
2801,78173,15,0
2801,78184,16,0
2801,78130,17,0
2801,78023,18,0
2801,78144,19,0
2801,78920,20,0
2801,78215,21,0
2801,78285,22,0
2801,78611,23,0
2801,78607,24,0
2801,78297,25,0
2801,78299,26,0
2801,78295,27,0
2801,78294,28,0
2801,78283,29,0
2801,78291,30,0
2801,78290,31,0
2801,78339,32,0
2801,78361,33,0
2801,78347,34,0
2801,78357,35,0
2801,78355,36,0
2801,78343,37,0
2801,78353,38,0
2801,78351,39,0
2801,78341,40,0
2801,78345,41,0
2801,78588,42,0
2801,78586,43,0
2801,78700,44,0
2801,78587,45,0
2801,78348,46,0
2801,78325,47,0
2801,78323,48,1
2900,78856,1,0
2900,78857,2,0
2900,78858,3,0
2900,78859,4,0
2900,78860,5,0
2900,78870,6,0
2900,78861,7,0
2900,78862,8,0
2900,78863,9,0
2900,78864,10,0
2900,78865,11,0
2900,78866,12,0
2900,78678,13,0
2900,78679,14,0
2900,78680,15,0
2900,78681,16,0
2900,78682,17,0
2900,78869,18,0
2900,78125,19,0
2900,78730,20,0
2900,78731,21,0
2900,78734,22,0
2900,78275,23,0
2900,78274,24,0
2900,77655,25,0
2900,77501,26,0
2900,77657,27,0
2900,77503,28,0
2900,77504,29,0
2900,77505,30,0
2900,77506,31,0
2900,77509,32,0
2900,77507,33,0
2900,77508,34,0
2900,78903,35,1
2901,78903,1,0
2901,78564,2,0
2901,78568,3,0
2901,78565,4,0
2901,78567,5,0
2901,78559,6,0
2901,78569,7,0
2901,78563,8,0
2901,76557,9,0
2901,78315,10,0
2901,78606,11,0
2901,78898,12,0
2901,78856,13,0
2901,78857,14,0
2901,78858,15,0
2901,78859,16,0
2901,78860,17,0
2901,78870,18,0
2901,78861,19,0
2901,78862,20,0
2901,78863,21,0
2901,78864,22,0
2901,78865,23,0
2901,78866,24,0
2901,78678,25,0
2901,78679,26,0
2901,78680,27,0
2901,78681,28,0
2901,78682,29,0
2901,78869,30,1
3100,78904,1,0
3100,78564,2,0
3100,78568,3,0
3100,78565,4,0
3100,78567,5,0
3100,78559,6,0
3100,78569,7,0
3100,78563,8,0
3100,76557,9,0
3100,78315,10,0
3100,78606,11,0
3100,78898,12,0
3100,78126,13,0
3100,78135,14,0
3100,78180,15,0
3100,78445,16,0
3100,78087,17,0
3100,78088,18,0
3100,78056,19,0
3100,78099,20,0
3100,78100,21,0
3100,78075,22,0
3100,78169,23,0
3100,78113,24,0
3100,78118,25,0
3100,78043,26,0
3100,78120,27,0
3100,78123,28,0
3100,78071,29,0
3100,78202,30,0
3100,78183,31,0
3100,78142,32,0
3100,78122,33,0
3100,78092,34,0
3100,78086,35,0
3100,78127,36,0
3100,78730,37,0
3100,78731,38,0
3100,78734,39,0
3100,78275,40,0
3100,78274,41,0
3100,77655,42,0
3100,77501,43,0
3100,77657,44,0
3100,77503,45,0
3100,77504,46,0
3100,77505,47,0
3100,77506,48,0
3100,77509,49,0
3100,77507,50,0
3100,77508,51,1
3200,78905,1,0
3200,78564,2,0
3200,78568,3,0
3200,78565,4,0
3200,78567,5,0
3200,78559,6,0
3200,78569,7,0
3200,78563,8,0
3200,76557,9,0
3200,78315,10,0
3200,78606,11,0
3200,78898,12,0
3200,78128,13,0
3200,78089,14,0
3200,78091,15,0
3200,78090,16,0
3200,78141,17,0
3200,78181,18,0
3200,78204,19,0
3200,78072,20,0
3200,78171,21,0
3200,78044,22,0
3200,78119,23,0
3200,78114,24,0
3200,78170,25,0
3200,78076,26,0
3200,78101,27,0
3200,78115,28,0
3200,78057,29,0
3200,78116,30,0
3200,78117,31,0
3200,78045,32,0
3200,78046,33,0
3200,78132,34,0
3200,78179,35,0
3200,78136,36,0
3200,78125,37,0
3200,78730,38,0
3200,78731,39,0
3200,78734,40,0
3200,78275,41,0
3200,78274,42,0
3200,77655,43,0
3200,77501,44,0
3200,77657,45,0
3200,77503,46,0
3200,77504,47,0
3200,77505,48,0
3200,77506,49,0
3200,77509,50,0
3200,77507,51,0
3200,77508,52,1
3300,78043,1,0
3300,78120,2,0
3300,78123,3,0
3300,78155,4,0
3300,78174,5,0
3300,78158,6,0
3300,78173,7,0
3300,78184,8,0
3300,78130,9,0
3300,78023,10,0
3300,78144,11,0
3300,78920,12,0
3300,78215,13,0
3300,78506,14,0
3300,78507,15,0
3300,78129,16,0
3300,78216,17,0
3300,78069,18,0
3300,78233,19,0
3300,78245,20,0
3300,79191,21,0
3300,78885,22,0
3300,78003,23,0
3300,78047,24,0
3300,78048,25,0
3300,78050,26,0
3300,78269,27,0
3300,78052,28,0
3300,78054,29,0
3300,78917,30,0
3300,78022,31,0
3300,78131,32,0
3300,78162,33,0
3300,78172,34,0
3300,78176,35,0
3300,78157,36,0
3300,78753,37,0
3300,78161,38,0
3300,78106,39,0
3300,78918,40,0
3300,78899,41,0
3300,78919,42,0
3300,78893,43,1
9000,78232,1,0
9000,78070,2,0
9000,78217,3,0
9000,78214,4,0
9000,78921,5,0
9000,78145,6,0
9000,78024,7,0
9000,78131,8,0
9000,78162,9,0
9000,78172,10,0
9000,78176,11,0
9000,78157,12,0
9000,78124,13,0
9000,78171,14,0
9000,78178,15,0
9000,78132,16,0
9000,78179,17,0
9000,78136,18,0
9000,78125,19,0
9000,78730,20,0
9000,78731,21,0
9000,78734,22,0
9000,78275,23,0
9000,78274,24,0
9000,79118,25,1
9001,79118,1,0
9001,78606,2,0
9001,78898,3,0
9001,78126,4,0
9001,78135,5,0
9001,78180,6,0
9001,78137,7,0
9001,78138,8,0
9001,78177,9,0
9001,78121,10,0
9001,78123,11,0
9001,78155,12,0
9001,78174,13,0
9001,78158,14,0
9001,78173,15,0
9001,78184,16,0
9001,78130,17,0
9001,78023,18,0
9001,78144,19,0
9001,78920,20,0
9001,78215,21,0
9001,78216,22,0
9001,78069,23,0
9001,78233,24,1
9800,78900,1,0
9800,78564,2,0
9800,78568,3,0
9800,78565,4,0
9800,78567,5,0
9800,78559,6,0
9800,78569,7,0
9800,78563,8,0
9800,76557,9,0
9800,78315,10,0
9800,78922,11,0
9800,78923,12,0
9800,78924,13,0
9800,78925,14,0
9800,78926,15,0
9800,78927,16,0
9800,78928,17,0
9800,78929,18,0
9800,78930,19,0
9800,78931,20,0
9800,78932,21,0
9800,78933,22,0
9800,78934,23,0
9800,78935,24,0
9800,78936,25,0
9800,78937,26,0
9800,78938,27,0
9800,78939,28,0
9800,78734,29,0
9800,78275,30,0
9800,78274,31,0
9800,77655,32,0
9800,77501,33,0
9800,77657,34,0
9800,77503,35,0
9800,77504,36,0
9800,77505,37,0
9800,77506,38,0
9800,77509,39,0
9800,77507,40,0
9800,77508,41,1
2000000100,78729,1,0
2000000100,78195,2,0
2000000100,78196,3,0
2000000100,78285,4,1
2000001900,78531,1,0
2000001900,78598,2,0
2000001900,78533,3,0
2000001900,78236,4,0
2000001900,78535,5,0
2000001900,78357,6,1
2000001901,78358,1,0
2000001901,78571,2,0
2000001901,78572,3,0
2000001901,78574,4,0
2000001901,78236,5,0
2000001901,78598,6,0
2000001901,78531,7,1
2000002000,78587,1,0
2000002000,78724,2,0
2000002000,78511,3,0
2000002000,78512,4,0
2000002000,78218,5,0
2000002000,78517,6,0
2000002000,78519,7,0
2000002000,78521,8,0
2000002000,78522,9,0
2000002000,78523,10,0
2000002000,78525,11,0
2000002000,78526,12,0
2000002000,78527,13,1
2000002201,78043,1,0
2000002201,78019,2,0
2000002201,78021,3,0
2000002201,78026,4,0
2000002201,78027,5,0
2000002201,78030,6,0
2000002201,78032,7,0
2000002201,78034,8,0
2000002201,76686,9,0
2000002201,78684,10,0
2000002201,78694,11,0
2000002201,76688,12,0
2000002201,78037,13,0
2000002201,78036,14,0
2000002201,78693,15,0
2000002201,78683,16,0
2000002201,78685,17,0
2000002201,76687,18,0
2000002201,78031,19,0
2000002201,78029,20,0
2000002201,78028,21,0
2000002201,78025,22,0
2000002201,78020,23,0
2000002201,78018,24,1
2000002300,78166,1,0
2000002300,78043,2,1
2000002500,78043,1,0
2000002500,78913,2,0
2000002500,78914,3,0
2000002500,78915,4,0
2000002500,78916,5,0
2000002500,78093,6,0
2000002500,78095,7,0
2000002500,78097,8,0
2000002500,78190,9,0
2000002500,78112,10,0
2000002500,78252,11,0
2000002500,78253,12,0
2000002500,78139,13,0
2000002500,78255,14,0
2000002500,78230,15,0
2000002500,78257,16,0
2000002500,78228,17,0
2000002500,78235,18,0
2000002500,78234,19,0
2000002500,78163,20,0
2000002500,78237,21,0
2000002500,78186,22,0
2000002500,78193,23,0
2000002500,78194,24,0
2000002500,78239,25,0
2000002500,78447,26,0
2000002500,78242,27,0
2000002500,78185,28,0
2000002500,78246,29,0
2000002500,78879,30,0
2000002500,78199,31,0
2000002500,78201,32,1
2000002700,78223,1,0
2000002700,78225,2,0
2000002700,78221,3,0
2000002700,78008,4,0
2000002700,78227,5,0
2000002700,78229,6,0
2000002700,78881,7,0
2000002700,78213,8,0
2000002700,78165,9,0
2000002700,78010,10,0
2000002700,78211,11,0
2000002700,78012,12,0
2000002700,78259,13,0
2000002700,78209,14,0
2000002700,78206,15,0
2000002700,78261,16,0
2000002700,78263,17,0
2000002700,78043,18,0
2000002700,78262,19,0
2000002700,78260,20,0
2000002700,78205,21,0
2000002700,78207,22,0
2000002700,78910,23,0
2000002700,78011,24,0
2000002700,78210,25,0
2000002700,78009,26,0
2000002700,78164,27,0
2000002700,78212,28,0
2000002700,78867,29,0
2000002700,78228,30,0
2000002700,78226,31,0
2000002700,78007,32,0
2000002700,78143,33,0
2000002700,78224,34,1
2000002900,78043,1,0
2000002900,78856,2,0
2000002900,78857,3,0
2000002900,78858,4,0
2000002900,78859,5,0
2000002900,78860,6,0
2000002900,78870,7,0
2000002900,78861,8,0
2000002900,78862,9,0
2000002900,78863,10,0
2000002900,78864,11,0
2000002900,78865,12,0
2000002900,78866,13,0
2000002900,78678,14,0
2000002900,78679,15,0
2000002900,78680,16,0
2000002900,78681,17,0
2000002900,78682,18,0
2000002900,78869,19,1
