'SO-E23-SOGTFS-Dimanche-01',100,64050,4,'',0,17000,4,'',0,13000,4,'',0,17000,4,'',0,13000,4,'',0,17000,4,'',0,13000,4,'',0,17000,4,'',0,13000,4,'',0,16900,4,'',0,13000,4,'',0,17000,4,'',0
'SO-E23-SOGTFS-Samedi-01',100,64050,4,'',0,17000,4,'',0,13000,4,'',0,17000,4,'',0,13000,4,'',0,17000,4,'',0,13000,4,'',0,17000,4,'',0,13000,4,'',0,16900,4,'',0,13000,4,'',0,17000,4,'',0
'SO-E23-SOGTFS-Semaine-03',100,55150,4,'',0,10300,4,'',0,6500,4,'',0,8680,4,'',0,11400,4,'',0,9500,4,'',0,10000,4,'',0,10000,4,'',0,10000,4,'',0,10000,4,'',0,10270,4,'',0,10000,4,'',0,10100,4,'',0,2500,4,'',0,10530,4,'',0,9100,4,'',0,16500,4,'',0,13900,4,'',0
'SO-E23-SOGTFS-Semaine-03',2100,60540,4,'',0,3100,4,'',0,7100,4,'',0,3980,4,'',0,7200,4,'',0,3300,4,'',0
'SO-E23-SOGTFS-Semaine-03',2200,63540,4,'',0,6500,4,'',0,3600,4,'',0,7180,4,'',0
'SO-E23-SOGTFS-Semaine-03',2300,60540,4,'',0,2600,4,'',0,2700,4,'',0,6680,4,'',0,2500,4,'',0,6400,4,'',0,1800,4,'',0,2000,4,'',0
'SO-E23-SOGTFS-Semaine-03',2400,70240,4,'',0,3280,4,'',0,6500,4,'',0,3600,4,'',0
'SO-E23-SOGTFS-Semaine-03',2500,62940,4,'',0,2400,4,'',0,6100,4,'',0,2400,4,'',0,6300,4,'',0,3500,4,'',0
'SO-E23-SOGTFS-Semaine-03',2600,52130,4,'',0,1620,4,'',0
'SO-E23-SOGTFS-Semaine-03',2900,160820,4,'',0,3000,4,'',0,7000,4,'',0,3000,4,'',0
'SO-E23-SOGTFS-Dimanche-01',3100,70340,4,'',0,22680,4,'',0,22000,4,'',0,26000,4,'',0,22000,4,'',0,11000,4,'',0,11000,4,'',0,15000,4,'',0,10710,4,'',0,21000,4,'',0,20710,4,'',0
'SO-E23-SOGTFS-Samedi-01',3100,70340,4,'',0,3500,4,'',0,11480,4,'',0,15700,4,'',0,12000,4,'',0,11500,4,'',0,15500,4,'',0,11500,4,'',0,11500,4,'',0,11500,4,'',0,15500,4,'',0,11500,4,'',0,11210,4,'',0,10500,4,'',0,19000,4,'',0
'SO-E23-SOGTFS-Semaine-03',3100,64440,4,'',0,7000,4,'',0,3380,4,'',0,7100,4,'',0,3900,4,'',0,9300,4,'',0,7700,4,'',0,9500,4,'',0,9000,4,'',0,3500,4,'',0,9500,4,'',0,9500,4,'',0,7600,4,'',0,8600,4,'',0,2400,4,'',0,2900,4,'',0,8600,4,'',0,7000,4,'',0,3820,4,'',0,6000,4,'',0,3500,4,'',0,7000,4,'',0,3500,4,'',0,7400,4,'',0,3360,4,'',0,7000,4,'',0,11000,4,'',0,10500,4,'',0
'SO-E23-SOGTFS-Dimanche-01',3200,55740,4,'',0,26180,4,'',0,22200,4,'',0,26000,4,'',0,22000,4,'',0,18500,4,'',0,11500,4,'',0,11000,4,'',0,10620,4,'',0,17500,4,'',0,21000,4,'',0
'SO-E23-SOGTFS-Samedi-01',3200,55740,4,'',0,25680,4,'',0,11500,4,'',0,11700,4,'',0,16000,4,'',0,11500,4,'',0,11500,4,'',0,11500,4,'',0,15500,4,'',0,11500,4,'',0,11500,4,'',0,11120,4,'',0,11000,4,'',0,15500,4,'',0,21500,4,'',0
'SO-E23-SOGTFS-Semaine-03',3200,65340,4,'',0,7500,4,'',0,7980,4,'',0,2600,4,'',0,8700,4,'',0,9200,4,'',0,8800,4,'',0,3900,4,'',0,9500,4,'',0,9000,4,'',0,8000,4,'',0,5100,4,'',0,7500,4,'',0,1500,4,'',0,7000,4,'',0,2700,4,'',0,8500,4,'',0,3000,4,'',0,7300,4,'',0,2620,4,'',0,6200,4,'',0,3800,4,'',0,7000,4,'',0,7500,4,'',0,3400,4,'',0,6860,4,'',0,10000,4,'',0,10500,4,'',0,10500,4,'',0
'SO-E23-SOGTFS-Semaine-03',9800,70500,4,'',0,10240,4,'',0,10310,4,'',0,9480,4,'',0,52180,4,'',0,9790,4,'',0,10200,4,'',0,10000,4,'',0,9910,4,'',0,9700,4,'',0,9020,4,'',0,9000,4,'',0
