'SO-H23-SOGTFS-Dimanche-01',100,52200,,'',0,13000,,'',0,17000,,'',0,13000,,'',0,17000,,'',0,13000,,'',0,17000,,'',0,13000,,'',0,17000,,'',0,13000,,'',0,17000,,'',0,13000,,'',0
'SO-H23-SOGTFS-Dimanche-01',101,80700,4,'',0,13000,4,'',0,17100,4,'',0,13100,4,'',0,17000,4,'',0,13000,4,'',0,17000,4,'',0,13000,4,'',0,16900,4,'',0,13000,4,'',0,17000,4,'',0,13000,4,'',0
'SO-H23-SOGTFS-Fête-1-01',100,52200,,'',0,13000,,'',0,17000,,'',0,13000,,'',0,17000,,'',0,13000,,'',0,17000,,'',0,13000,,'',0,17000,,'',0,13000,,'',0,17000,,'',0,13000,,'',0
'SO-H23-SOGTFS-Fête-1-01',101,80700,4,'',0,13000,4,'',0,17100,4,'',0,13100,4,'',0,17000,4,'',0,13000,4,'',0,17000,4,'',0,13000,4,'',0,16900,4,'',0,13000,4,'',0,17000,4,'',0,13000,4,'',0
'SO-H23-SOGTFS-Samedi-01',100,52200,,'',0,13000,,'',0,17000,,'',0,13000,,'',0,17000,,'',0,13000,,'',0,17000,,'',0,13000,,'',0,17000,,'',0,13000,,'',0,17000,,'',0,13000,,'',0
'SO-H23-SOGTFS-Samedi-01',101,80700,4,'',0,13000,4,'',0,17100,4,'',0,13100,4,'',0,17000,4,'',0,13000,4,'',0,17000,4,'',0,13000,4,'',0,16900,4,'',0,13000,4,'',0,17000,4,'',0,13000,4,'',0
'SO-H23-SOGTFS-Semaine-01',100,42200,,'',0,10000,,'',0,3000,,'',0,8500,,'',0,11500,,'',0,10000,,'',0,10000,,'',0,10000,,'',0,10000,,'',0,10000,,'',0,10000,,'',0,10000,,'',0,10000,,'',0,7000,,'',0,10000,,'',0,10000,,'',0,12500,,'',0,18900,,'',0
'SO-H23-SOGTFS-Semaine-01',101,73300,4,'',0,9500,4,'',0,3000,4,'',0,8600,4,'',0,11100,4,'',0,9500,4,'',0,10000,4,'',0,10000,4,'',0,10000,4,'',0,10000,4,'',0,10800,4,'',0,10100,4,'',0,10000,4,'',0,7000,4,'',0,9100,4,'',0,9900,4,'',0,12000,4,'',0,17900,4,'',0
'SO-H23-SOGTFS-Semaine-02',100,42200,,'',0,10000,,'',0,3000,,'',0,8500,,'',0,11500,,'',0,10000,,'',0,10000,,'',0,10000,,'',0,10000,,'',0,10000,,'',0,10000,,'',0,10000,,'',0,10000,,'',0,7000,,'',0,10000,,'',0,10000,,'',0,12500,,'',0,18900,,'',0
'SO-H23-SOGTFS-Semaine-02',101,73300,4,'',0,9500,4,'',0,3000,4,'',0,8600,4,'',0,11100,4,'',0,9500,4,'',0,10000,4,'',0,10000,4,'',0,10000,4,'',0,10000,4,'',0,10800,4,'',0,10100,4,'',0,10000,4,'',0,7000,4,'',0,9100,4,'',0,9900,4,'',0,12000,4,'',0,17900,4,'',0
