'SO-H24-SOGTFS-Dimanche-01',100,63940,4,'',0,17000,4,'',0,13000,4,'',0,17000,4,'',0,13000,4,'',0,17000,4,'',0,13000,4,'',0,17000,4,'',0,13000,4,'',0,16900,4,'',0,13000,4,'',0,17000,4,'',0
'SO-H24-SOGTFS-Dimanche-02',100,65740,4,'',0,17000,4,'',0,12900,4,'',0,17000,4,'',0,13000,4,'',0,17000,4,'',0,13000,4,'',0,17000,4,'',0,13000,4,'',0,16900,4,'',0,13000,4,'',0,16500,4,'',0
'SO-H24-SOGTFS-Fête-1-01',100,63940,4,'',0,17000,4,'',0,13000,4,'',0,17000,4,'',0,13000,4,'',0,17000,4,'',0,13000,4,'',0,17000,4,'',0,13000,4,'',0,16900,4,'',0,13000,4,'',0,17000,4,'',0
'SO-H24-SOGTFS-Fête-1-03',100,65740,4,'',0,17000,4,'',0,12900,4,'',0,17000,4,'',0,13000,4,'',0,17000,4,'',0,13000,4,'',0,17000,4,'',0,13000,4,'',0,16900,4,'',0,13000,4,'',0,16500,4,'',0
'SO-H24-SOGTFS-Samedi-01',100,63940,4,'',0,17000,4,'',0,13000,4,'',0,17000,4,'',0,13000,4,'',0,17000,4,'',0,13000,4,'',0,17000,4,'',0,13000,4,'',0,16900,4,'',0,13000,4,'',0,17000,4,'',0
'SO-H24-SOGTFS-Samedi-02',100,65740,4,'',0,17000,4,'',0,12900,4,'',0,17000,4,'',0,13000,4,'',0,17000,4,'',0,13000,4,'',0,17000,4,'',0,13000,4,'',0,16900,4,'',0,13000,4,'',0,16500,4,'',0
'SO-H24-SOGTFS-Semaine-01',100,55040,4,'',0,10300,4,'',0,6500,4,'',0,8680,4,'',0,11400,4,'',0,9500,4,'',0,10000,4,'',0,10000,4,'',0,10000,4,'',0,10000,4,'',0,10220,4,'',0,10000,4,'',0,10100,4,'',0,2500,4,'',0,10580,4,'',0,9100,4,'',0,16500,4,'',0,13900,4,'',0
'SO-H24-SOGTFS-Semaine-02',100,54840,4,'',0,10600,4,'',0,6500,4,'',0,8680,4,'',0,10400,4,'',0,10700,4,'',0,10000,4,'',0,10000,4,'',0,10000,4,'',0,10000,4,'',0,10020,4,'',0,10000,4,'',0,10100,4,'',0,2500,4,'',0,10580,4,'',0,9000,4,'',0,16600,4,'',0,13900,4,'',0
'SO-H24-SOGTFS-Semaine-01',2100,60440,4,'',0,3100,4,'',0,7100,4,'',0,3960,4,'',0,7200,4,'',0,3300,4,'',0
'SO-H24-SOGTFS-Semaine-02',2100,60740,4,'',0,3100,4,'',0,7100,4,'',0,3760,4,'',0,7100,4,'',0,3600,4,'',0
'SO-H24-SOGTFS-Semaine-01',2200,63440,4,'',0,2500,4,'',0,7600,4,'',0,7160,4,'',0
'SO-H24-SOGTFS-Semaine-01',2300,60340,4,'',0,2700,4,'',0,2700,4,'',0,6660,4,'',0,2500,4,'',0,6400,4,'',0,1800,4,'',0,2000,4,'',0
'SO-H24-SOGTFS-Semaine-02',2300,60440,4,'',0,2600,4,'',0,2700,4,'',0,6660,4,'',0,2000,4,'',0,7200,4,'',0,2000,4,'',0,1000,4,'',0
'SO-H24-SOGTFS-Semaine-01',2400,70140,4,'',0,3260,4,'',0,2500,4,'',0,7600,4,'',0
'SO-H24-SOGTFS-Semaine-01',2500,62840,4,'',0,2400,4,'',0,6100,4,'',0,2400,4,'',0,6300,4,'',0,3500,4,'',0
'SO-H24-SOGTFS-Semaine-02',2500,62340,4,'',0,2400,4,'',0,6600,4,'',0,2400,4,'',0,2100,4,'',0,7700,4,'',0
'SO-H24-SOGTFS-Semaine-01',2600,52020,4,'',0,1620,4,'',0
'SO-H24-SOGTFS-Semaine-02',2600,52020,4,'',0,1620,4,'',0
'SO-H24-SOGTFS-Semaine-01',2900,160700,4,'',0,3000,4,'',0,7000,4,'',0,3000,4,'',0
'SO-H24-SOGTFS-Dimanche-01',3100,70240,4,'',0,22660,4,'',0,22000,4,'',0,26000,4,'',0,22000,4,'',0,11000,4,'',0,11000,4,'',0,11000,4,'',0,14720,4,'',0,21000,4,'',0,20720,4,'',0
'SO-H24-SOGTFS-Dimanche-02',3100,70040,4,'',0,22960,4,'',0,22500,4,'',0,27500,4,'',0,19800,4,'',0,11700,4,'',0,16500,4,'',0,11200,4,'',0,10820,4,'',0,27900,4,'',0
'SO-H24-SOGTFS-Fête-1-01',3100,70240,4,'',0,3500,4,'',0,11460,4,'',0,15700,4,'',0,12000,4,'',0,11500,4,'',0,11500,4,'',0,15500,4,'',0,11500,4,'',0,11500,4,'',0,11500,4,'',0,15500,4,'',0,11220,4,'',0,10500,4,'',0,19000,4,'',0
'SO-H24-SOGTFS-Fête-1-03',3100,70040,4,'',0,5700,4,'',0,17260,4,'',0,10600,4,'',0,11900,4,'',0,29000,4,'',0,17000,4,'',0,13000,4,'',0,17000,4,'',0,13000,4,'',0,8220,4,'',0,28200,4,'',0
'SO-H24-SOGTFS-Samedi-01',3100,70240,4,'',0,3500,4,'',0,11460,4,'',0,15700,4,'',0,12000,4,'',0,11500,4,'',0,11500,4,'',0,15500,4,'',0,11500,4,'',0,11500,4,'',0,11500,4,'',0,15500,4,'',0,11220,4,'',0,10500,4,'',0,19000,4,'',0
'SO-H24-SOGTFS-Samedi-02',3100,70040,4,'',0,5700,4,'',0,17260,4,'',0,10600,4,'',0,11900,4,'',0,29000,4,'',0,17000,4,'',0,13000,4,'',0,17000,4,'',0,13000,4,'',0,8220,4,'',0,28200,4,'',0
'SO-H24-SOGTFS-Semaine-01',3100,64020,4,'',0,7000,4,'',0,3300,4,'',0,7180,4,'',0,3900,4,'',0,9500,4,'',0,8200,4,'',0,9300,4,'',0,9300,4,'',0,3500,4,'',0,9500,4,'',0,9500,4,'',0,7800,4,'',0,8600,4,'',0,2500,4,'',0,2500,4,'',0,8400,4,'',0,7000,4,'',0,3720,4,'',0,6120,4,'',0,3500,4,'',0,6780,4,'',0,3600,4,'',0,7400,4,'',0,3500,4,'',0,7520,4,'',0,10200,4,'',0,10400,4,'',0
'SO-H24-SOGTFS-Semaine-02',3100,63520,4,'',0,1800,4,'',0,6800,4,'',0,8880,4,'',0,4500,4,'',0,8500,4,'',0,7400,4,'',0,8600,4,'',0,4900,4,'',0,9400,4,'',0,8500,4,'',0,7500,4,'',0,4500,4,'',0,8300,4,'',0,8500,4,'',0,8700,4,'',0,5300,4,'',0,9220,4,'',0,7400,4,'',0,7800,4,'',0,3800,4,'',0,7400,4,'',0,4600,4,'',0,7720,4,'',0,8000,4,'',0,4000,4,'',0,7800,4,'',0
'SO-H24-SOGTFS-Dimanche-01',3200,55640,4,'',0,26160,4,'',0,22200,4,'',0,26000,4,'',0,22000,4,'',0,18500,4,'',0,11500,4,'',0,11000,4,'',0,10640,4,'',0,17500,4,'',0,21000,4,'',0
'SO-H24-SOGTFS-Dimanche-02',3200,55500,4,'',0,25600,4,'',0,23300,4,'',0,26900,4,'',0,23100,4,'',0,11300,4,'',0,15700,4,'',0,13000,4,'',0,30340,4,'',0,27200,4,'',0
'SO-H24-SOGTFS-Fête-1-01',3200,55640,4,'',0,25660,4,'',0,11500,4,'',0,11700,4,'',0,16000,4,'',0,11500,4,'',0,11500,4,'',0,11500,4,'',0,15500,4,'',0,11500,4,'',0,11500,4,'',0,11140,4,'',0,11000,4,'',0,15500,4,'',0,21500,4,'',0
'SO-H24-SOGTFS-Fête-1-03',3200,55500,4,'',0,25600,4,'',0,10000,4,'',0,13300,4,'',0,16900,4,'',0,10000,4,'',0,3100,4,'',0,16900,4,'',0,13100,4,'',0,16900,4,'',0,13100,4,'',0,29840,4,'',0,27700,4,'',0
'SO-H24-SOGTFS-Samedi-01',3200,55640,4,'',0,25660,4,'',0,11500,4,'',0,11700,4,'',0,16000,4,'',0,11500,4,'',0,11500,4,'',0,11500,4,'',0,15500,4,'',0,11500,4,'',0,11500,4,'',0,11140,4,'',0,11000,4,'',0,15500,4,'',0,21500,4,'',0
'SO-H24-SOGTFS-Samedi-02',3200,55500,4,'',0,25600,4,'',0,10000,4,'',0,13300,4,'',0,16900,4,'',0,10000,4,'',0,3100,4,'',0,16900,4,'',0,13100,4,'',0,16900,4,'',0,13100,4,'',0,29840,4,'',0,27700,4,'',0
'SO-H24-SOGTFS-Semaine-01',3200,64920,4,'',0,7880,4,'',0,7500,4,'',0,2700,4,'',0,9100,4,'',0,8900,4,'',0,9000,4,'',0,4000,4,'',0,9500,4,'',0,9100,4,'',0,8000,4,'',0,5000,4,'',0,7740,4,'',0,1500,4,'',0,7200,4,'',0,2500,4,'',0,8460,4,'',0,2800,4,'',0,7300,4,'',0,6900,4,'',0,2200,4,'',0,3540,4,'',0,6900,4,'',0,7400,4,'',0,3500,4,'',0,7000,4,'',0,10000,4,'',0,10200,4,'',0,10500,4,'',0
'SO-H24-SOGTFS-Semaine-02',3200,70520,4,'',0,4680,4,'',0,6100,4,'',0,2600,4,'',0,8500,4,'',0,7800,4,'',0,3600,4,'',0,8900,4,'',0,8600,4,'',0,9200,4,'',0,4100,4,'',0,8100,4,'',0,8500,4,'',0,3040,4,'',0,8800,4,'',0,2000,4,'',0,8260,4,'',0,8800,4,'',0,9200,4,'',0,3200,4,'',0,7840,4,'',0,8000,4,'',0,3600,4,'',0,8400,4,'',0,8000,4,'',0,3800,4,'',0,8000,4,'',0,8200,4,'',0
'SO-H24-SOGTFS-Semaine-01',9800,70400,4,'',0,10230,4,'',0,10310,4,'',0,9500,4,'',0,52180,4,'',0,9780,4,'',0,10200,4,'',0,10000,4,'',0,9910,4,'',0,9710,4,'',0,9020,4,'',0,9000,4,'',0
'SO-H24-SOGTFS-Semaine-02',9800,70400,4,'',0,10230,4,'',0,9810,4,'',0,10000,4,'',0,52180,4,'',0,9780,4,'',0,10200,4,'',0,10000,4,'',0,9910,4,'',0,9710,4,'',0,9020,4,'',0,9000,4,'',0
