'SO-A23-SOGTFS-Dimanche-02',100,55800,,'',0,17000,,'',0,13000,,'',0,17000,,'',0,13000,,'',0,17000,,'',0,13000,,'',0,17000,,'',0,13000,,'',0,17000,,'',0,13000,,'',0,17000,,'',0
'SO-A23-SOGTFS-Fête-1-03',100,55800,,'',0,17000,,'',0,13000,,'',0,17000,,'',0,13000,,'',0,17000,,'',0,13000,,'',0,17000,,'',0,13000,,'',0,17000,,'',0,13000,,'',0,17000,,'',0
'SO-A23-SOGTFS-Fête-2-04',100,50800,,'',0,10000,,'',0,2500,,'',0,8500,,'',0,11400,,'',0,9800,,'',0,10000,,'',0,10000,,'',0,10000,,'',0,10000,,'',0,10000,,'',0,10000,,'',0,10100,,'',0,2600,,'',0,14600,,'',0,5500,,'',0,16800,,'',0,17900,,'',0
'SO-A23-SOGTFS-Samedi-02',100,55800,,'',0,17000,,'',0,13000,,'',0,17000,,'',0,13000,,'',0,17000,,'',0,13000,,'',0,17000,,'',0,13000,,'',0,17000,,'',0,13000,,'',0,17000,,'',0
'SO-A23-SOGTFS-Semaine-03',100,50800,,'',0,10000,,'',0,2500,,'',0,8500,,'',0,11400,,'',0,9800,,'',0,10000,,'',0,10000,,'',0,10000,,'',0,10000,,'',0,10000,,'',0,10000,,'',0,10100,,'',0,2600,,'',0,14600,,'',0,5500,,'',0,16800,,'',0,17900,,'',0
'SO-A23-SOGTFS-Fête-2-04',2800,54200,,'',0,7900,,'',0,1700,,'',0
'SO-A23-SOGTFS-Semaine-03',2800,54200,,'',0,7900,,'',0,1700,,'',0
'SO-A23-SOGTFS-Dimanche-02',2000000100,73300,0,'Léry',0,17000,0,'Léry',0,13100,0,'Léry',0,17100,0,'Léry',0,13000,0,'Léry',0,17000,0,'Léry',0,13000,0,'Léry',0,17000,0,'Léry',0,12900,0,'Léry',0,17000,0,'Léry',0,13000,0,'Léry',0,17000,0,'Léry',0
'SO-A23-SOGTFS-Fête-1-03',2000000100,73300,0,'Léry',0,17000,0,'Léry',0,13100,0,'Léry',0,17100,0,'Léry',0,13000,0,'Léry',0,17000,0,'Léry',0,13000,0,'Léry',0,17000,0,'Léry',0,12900,0,'Léry',0,17000,0,'Léry',0,13000,0,'Léry',0,17000,0,'Léry',0
'SO-A23-SOGTFS-Fête-2-04',2000000100,64900,0,'Léry',0,10000,0,'Léry',0,7000,0,'Léry',0,10100,0,'Léry',0,10000,0,'Léry',0,9500,0,'Léry',0,10000,0,'Léry',0,10000,0,'Léry',0,10000,0,'Léry',0,10000,0,'Léry',0,11000,0,'Léry',0,9400,0,'Léry',0,10000,0,'Léry',0,3000,0,'Léry',0,9600,0,'Léry',0,9900,0,'Léry',0,16000,0,'Léry',0,13900,0,'Léry',0
'SO-A23-SOGTFS-Samedi-02',2000000100,73300,0,'Léry',0,17000,0,'Léry',0,13100,0,'Léry',0,17100,0,'Léry',0,13000,0,'Léry',0,17000,0,'Léry',0,13000,0,'Léry',0,17000,0,'Léry',0,12900,0,'Léry',0,17000,0,'Léry',0,13000,0,'Léry',0,17000,0,'Léry',0
'SO-A23-SOGTFS-Semaine-03',2000000100,64900,0,'Léry',0,10000,0,'Léry',0,7000,0,'Léry',0,10100,0,'Léry',0,10000,0,'Léry',0,9500,0,'Léry',0,10000,0,'Léry',0,10000,0,'Léry',0,10000,0,'Léry',0,10000,0,'Léry',0,11000,0,'Léry',0,9400,0,'Léry',0,10000,0,'Léry',0,3000,0,'Léry',0,9600,0,'Léry',0,9900,0,'Léry',0,16000,0,'Léry',0,13900,0,'Léry',0
