'SO-H24-SOGTFS-Dimanche-01',100,63300,4,'',0,17000,4,'',0,13000,4,'',0,17000,4,'',0,13000,4,'',0,17000,4,'',0,13000,4,'',0,17000,4,'',0,13000,4,'',0,16900,4,'',0,13000,4,'',0,17000,4,'',0
'SO-H24-SOGTFS-Dimanche-02',100,65100,4,'',0,17000,4,'',0,12900,4,'',0,17000,4,'',0,13000,4,'',0,17000,4,'',0,13000,4,'',0,17000,4,'',0,13000,4,'',0,16900,4,'',0,13000,4,'',0,16500,4,'',0
'SO-H24-SOGTFS-Fête-1-01',100,63300,4,'',0,17000,4,'',0,13000,4,'',0,17000,4,'',0,13000,4,'',0,17000,4,'',0,13000,4,'',0,17000,4,'',0,13000,4,'',0,16900,4,'',0,13000,4,'',0,17000,4,'',0
'SO-H24-SOGTFS-Fête-1-03',100,65100,4,'',0,17000,4,'',0,12900,4,'',0,17000,4,'',0,13000,4,'',0,17000,4,'',0,13000,4,'',0,17000,4,'',0,13000,4,'',0,16900,4,'',0,13000,4,'',0,16500,4,'',0
'SO-H24-SOGTFS-Samedi-01',100,63300,4,'',0,17000,4,'',0,13000,4,'',0,17000,4,'',0,13000,4,'',0,17000,4,'',0,13000,4,'',0,17000,4,'',0,13000,4,'',0,16900,4,'',0,13000,4,'',0,17000,4,'',0
'SO-H24-SOGTFS-Samedi-02',100,65100,4,'',0,17000,4,'',0,12900,4,'',0,17000,4,'',0,13000,4,'',0,17000,4,'',0,13000,4,'',0,17000,4,'',0,13000,4,'',0,16900,4,'',0,13000,4,'',0,16500,4,'',0
'SO-H24-SOGTFS-Semaine-01',100,54400,4,'',0,10300,4,'',0,6500,4,'',0,4600,4,'',0,15400,4,'',0,9500,4,'',0,10000,4,'',0,10000,4,'',0,10000,4,'',0,10000,4,'',0,10100,4,'',0,10000,4,'',0,10100,4,'',0,2500,4,'',0,10700,4,'',0,9100,4,'',0,12500,4,'',0,17900,4,'',0
'SO-H24-SOGTFS-Semaine-02',100,54200,4,'',0,10600,4,'',0,6500,4,'',0,4600,4,'',0,14400,4,'',0,10700,4,'',0,10000,4,'',0,10000,4,'',0,10000,4,'',0,10000,4,'',0,9900,4,'',0,10000,4,'',0,10100,4,'',0,2500,4,'',0,10700,4,'',0,9000,4,'',0,12600,4,'',0,17900,4,'',0
'SO-H24-SOGTFS-Semaine-01',2100,55800,4,'',0,7100,4,'',0,7100,4,'',0,3800,4,'',0,7200,4,'',0,3300,4,'',0
'SO-H24-SOGTFS-Semaine-02',2100,60100,4,'',0,3100,4,'',0,7100,4,'',0,3600,4,'',0,7100,4,'',0,3600,4,'',0
'SO-H24-SOGTFS-Semaine-01',2200,62800,4,'',0,2500,4,'',0,7600,4,'',0,3000,4,'',0
'SO-H24-SOGTFS-Semaine-01',2300,55700,4,'',0,6700,4,'',0,2700,4,'',0,6500,4,'',0,2500,4,'',0,6400,4,'',0,1800,4,'',0,2000,4,'',0
'SO-H24-SOGTFS-Semaine-02',2300,55800,4,'',0,6600,4,'',0,2700,4,'',0,6500,4,'',0,2000,4,'',0,7200,4,'',0,2000,4,'',0,1000,4,'',0
'SO-H24-SOGTFS-Semaine-01',2400,65500,4,'',0,7100,4,'',0,2500,4,'',0,7600,4,'',0
'SO-H24-SOGTFS-Semaine-01',2500,62200,4,'',0,2400,4,'',0,6100,4,'',0,2400,4,'',0,2300,4,'',0,7500,4,'',0
'SO-H24-SOGTFS-Semaine-02',2500,61700,4,'',0,2400,4,'',0,6600,4,'',0,2400,4,'',0,2100,4,'',0,7700,4,'',0
'SO-H24-SOGTFS-Semaine-01',2600,51300,4,'',0,1700,4,'',0
'SO-H24-SOGTFS-Semaine-02',2600,51300,4,'',0,1700,4,'',0
'SO-H24-SOGTFS-Semaine-01',2900,155900,4,'',0,7000,4,'',0,3000,4,'',0,7000,4,'',0
'SO-H24-SOGTFS-Dimanche-01',3100,65600,4,'',0,26500,4,'',0,22000,4,'',0,26000,4,'',0,22000,4,'',0,11000,4,'',0,11000,4,'',0,11000,4,'',0,10800,4,'',0,25000,4,'',0,20800,4,'',0
'SO-H24-SOGTFS-Dimanche-02',3100,65400,4,'',0,26800,4,'',0,22500,4,'',0,27500,4,'',0,19800,4,'',0,11700,4,'',0,16500,4,'',0,11200,4,'',0,10900,4,'',0,27900,4,'',0
'SO-H24-SOGTFS-Fête-1-01',3100,65600,4,'',0,7500,4,'',0,11300,4,'',0,15700,4,'',0,12000,4,'',0,11500,4,'',0,11500,4,'',0,15500,4,'',0,11500,4,'',0,11500,4,'',0,11500,4,'',0,15500,4,'',0,11300,4,'',0,10500,4,'',0,19000,4,'',0
'SO-H24-SOGTFS-Fête-1-03',3100,65400,4,'',0,9700,4,'',0,17100,4,'',0,10600,4,'',0,11900,4,'',0,29000,4,'',0,17000,4,'',0,13000,4,'',0,17000,4,'',0,13000,4,'',0,8300,4,'',0,28200,4,'',0
'SO-H24-SOGTFS-Samedi-01',3100,65600,4,'',0,7500,4,'',0,11300,4,'',0,15700,4,'',0,12000,4,'',0,11500,4,'',0,11500,4,'',0,15500,4,'',0,11500,4,'',0,11500,4,'',0,11500,4,'',0,15500,4,'',0,11300,4,'',0,10500,4,'',0,19000,4,'',0
'SO-H24-SOGTFS-Samedi-02',3100,65400,4,'',0,9700,4,'',0,17100,4,'',0,10600,4,'',0,11900,4,'',0,29000,4,'',0,17000,4,'',0,13000,4,'',0,17000,4,'',0,13000,4,'',0,8300,4,'',0,28200,4,'',0
'SO-H24-SOGTFS-Semaine-01',3100,63300,4,'',0,7000,4,'',0,3300,4,'',0,7100,4,'',0,3900,4,'',0,9500,4,'',0,8200,4,'',0,9300,4,'',0,9300,4,'',0,3500,4,'',0,9500,4,'',0,9500,4,'',0,7800,4,'',0,4600,4,'',0,6500,4,'',0,2500,4,'',0,8400,4,'',0,7000,4,'',0,3800,4,'',0,6200,4,'',0,3500,4,'',0,6700,4,'',0,3600,4,'',0,7400,4,'',0,3500,4,'',0,7600,4,'',0,10200,4,'',0,10400,4,'',0
'SO-H24-SOGTFS-Semaine-02',3100,62800,4,'',0,1800,4,'',0,6800,4,'',0,8800,4,'',0,4500,4,'',0,8500,4,'',0,7400,4,'',0,4600,4,'',0,8900,4,'',0,9400,4,'',0,8500,4,'',0,3500,4,'',0,8500,4,'',0,8300,4,'',0,8500,4,'',0,4700,4,'',0,9300,4,'',0,9300,4,'',0,7400,4,'',0,3800,4,'',0,7800,4,'',0,7400,4,'',0,4600,4,'',0,7800,4,'',0,8000,4,'',0,4000,4,'',0,7800,4,'',0
'SO-H24-SOGTFS-Dimanche-01',3200,55000,4,'',0,26000,4,'',0,22200,4,'',0,22000,4,'',0,26000,4,'',0,14500,4,'',0,15500,4,'',0,11000,4,'',0,10800,4,'',0,17500,4,'',0,21000,4,'',0
'SO-H24-SOGTFS-Dimanche-02',3200,54700,4,'',0,25600,4,'',0,23300,4,'',0,26900,4,'',0,23100,4,'',0,11300,4,'',0,15700,4,'',0,13000,4,'',0,30500,4,'',0,27200,4,'',0
'SO-H24-SOGTFS-Fête-1-01',3200,55000,4,'',0,25500,4,'',0,11500,4,'',0,11700,4,'',0,12000,4,'',0,15500,4,'',0,11500,4,'',0,11500,4,'',0,11500,4,'',0,15500,4,'',0,11500,4,'',0,11300,4,'',0,11000,4,'',0,15500,4,'',0,21500,4,'',0
'SO-H24-SOGTFS-Fête-1-03',3200,54700,4,'',0,25600,4,'',0,10000,4,'',0,13300,4,'',0,16900,4,'',0,10000,4,'',0,3100,4,'',0,16900,4,'',0,13100,4,'',0,16900,4,'',0,13100,4,'',0,30000,4,'',0,27700,4,'',0
'SO-H24-SOGTFS-Samedi-01',3200,55000,4,'',0,25500,4,'',0,11500,4,'',0,11700,4,'',0,12000,4,'',0,15500,4,'',0,11500,4,'',0,11500,4,'',0,11500,4,'',0,15500,4,'',0,11500,4,'',0,11300,4,'',0,11000,4,'',0,15500,4,'',0,21500,4,'',0
'SO-H24-SOGTFS-Samedi-02',3200,54700,4,'',0,25600,4,'',0,10000,4,'',0,13300,4,'',0,16900,4,'',0,10000,4,'',0,3100,4,'',0,16900,4,'',0,13100,4,'',0,16900,4,'',0,13100,4,'',0,30000,4,'',0,27700,4,'',0
'SO-H24-SOGTFS-Semaine-01',3200,64200,4,'',0,7800,4,'',0,3500,4,'',0,6700,4,'',0,9100,4,'',0,8900,4,'',0,5000,4,'',0,8000,4,'',0,9500,4,'',0,9100,4,'',0,4000,4,'',0,9000,4,'',0,7700,4,'',0,1500,4,'',0,7200,4,'',0,2500,4,'',0,8500,4,'',0,2800,4,'',0,7300,4,'',0,2900,4,'',0,6200,4,'',0,3700,4,'',0,6900,4,'',0,3400,4,'',0,7500,4,'',0,3000,4,'',0,10000,4,'',0,14200,4,'',0,10500,4,'',0
'SO-H24-SOGTFS-Semaine-02',3200,65800,4,'',0,8600,4,'',0,6100,4,'',0,2600,4,'',0,8500,4,'',0,3800,4,'',0,7600,4,'',0,8900,4,'',0,8600,4,'',0,5200,4,'',0,8100,4,'',0,8100,4,'',0,8500,4,'',0,3000,4,'',0,8800,4,'',0,2000,4,'',0,8300,4,'',0,8800,4,'',0,9200,4,'',0,3200,4,'',0,8000,4,'',0,4000,4,'',0,7600,4,'',0,8400,4,'',0,4000,4,'',0,7800,4,'',0,8000,4,'',0,4200,4,'',0
'SO-H24-SOGTFS-Semaine-01',9800,65810,4,'',0,10110,4,'',0,14390,4,'',0,9690,4,'',0,52100,4,'',0,9710,4,'',0,10200,4,'',0,10000,4,'',0,9930,4,'',0,9760,4,'',0,9100,4,'',0,5000,4,'',0
'SO-H24-SOGTFS-Semaine-02',9800,65810,4,'',0,10110,4,'',0,9890,4,'',0,14190,4,'',0,52100,4,'',0,9710,4,'',0,10200,4,'',0,10000,4,'',0,9930,4,'',0,9760,4,'',0,9100,4,'',0,5000,4,'',0
