100,'Dimanche-01',617,,12,410,,,0,200,,1,410,,,0,125,,2,410,,,0,170,,3,410,,,0,125,,4,410,,,0,164,,5,410,,,0,120,,6,410,,,0,120,,7,410,,,0,164,,8,410,,,0,135,,9,410,,,0,115,,10,410,,,0,155,,11,410,,,0
100,'Fête-1-01',617,,2637,410,,,0,200,,2626,410,,,0,125,,2627,410,,,0,170,,2628,410,,,0,125,,2629,410,,,0,164,,2630,410,,,0,120,,2631,410,,,0,120,,2632,410,,,0,164,,2633,410,,,0,135,,2634,410,,,0,115,,2635,410,,,0,155,,2636,410,,,0
100,'Samedi-01',617,,54,410,,,0,200,,43,410,,,0,125,,44,410,,,0,170,,45,410,,,0,125,,46,410,,,0,164,,47,410,,,0,120,,48,410,,,0,120,,49,410,,,0,164,,50,410,,,0,135,,51,410,,,0,115,,52,410,,,0,155,,53,410,,,0
100,'Semaine-01',502,,55,410,,,0,103,,56,410,,,0,26,,57,410,,,0,81,,58,410,,,0,119,,59,410,,,0,104,,62,410,,,0,94,,71,410,,,0,101,,63,410,,,0,100,,72,410,,,0,78,,64,410,,,0,102,,65,410,,,0,100,,69,410,,,0,110,,66,410,,,0,35,,67,410,,,0,147,,60,410,,,0,55,,61,410,,,0,173,,70,410,,,0,185,,68,410,,,0
100,'Semaine-02',500,,2638,410,,,0,101,,2639,410,,,0,30,,2640,410,,,0,81,,2641,410,,,0,129,,2642,410,,,0,98,,2645,410,,,0,70,,2654,410,,,0,100,,2646,410,,,0,106,,2655,410,,,0,95,,2647,410,,,0,100,,2648,410,,,0,100,,2652,410,,,0,110,,2649,410,,,0,89,,2650,410,,,0,113,,2643,410,,,0,90,,2644,410,,,0,103,,2653,410,,,0,197,,2651,410,,,0
100,'Semaine-03',502,,2656,410,,,0,103,,2657,410,,,0,26,,2658,410,,,0,81,,2659,410,,,0,119,,2660,410,,,0,104,,2663,410,,,0,94,,2672,410,,,0,101,,2664,410,,,0,100,,2673,410,,,0,78,,2665,410,,,0,102,,2666,410,,,0,100,,2670,410,,,0,110,,2667,410,,,0,35,,2668,410,,,0,147,,2661,410,,,0,55,,2662,410,,,0,173,,2671,410,,,0,185,,2669,410,,,0
2800,'Semaine-01',537,,414,230,,,0,85,,413,270,,,0,20,,415,230,,,0
2800,'Semaine-02',537,,2954,230,,,0,85,,2953,270,,,0,15,,2955,230,,,0
2800,'Semaine-03',537,,2966,230,,,0,85,,2965,270,,,0,20,,2967,230,,,0
2000000100,'Dimanche-01',733,,1042,10,0,20,0,170,,1043,10,0,20,0,131,,1044,10,0,20,0,171,,1045,10,0,20,0,130,,1046,10,0,20,0,170,,1047,10,0,20,0,130,,1048,10,0,20,0,170,,1049,10,0,20,0,129,,1050,10,0,20,0,170,,1051,10,0,20,0,130,,1052,10,0,20,0,170,,1053,10,0,20,0
2000000100,'Fête-1-01',733,,3430,10,0,20,0,170,,3431,10,0,20,0,131,,3432,10,0,20,0,171,,3433,10,0,20,0,130,,3434,10,0,20,0,170,,3435,10,0,20,0,130,,3436,10,0,20,0,170,,3437,10,0,20,0,129,,3438,10,0,20,0,170,,3439,10,0,20,0,130,,3440,10,0,20,0,170,,3441,10,0,20,0
2000000100,'Samedi-01',733,,1126,10,0,20,0,170,,1127,10,0,20,0,131,,1128,10,0,20,0,171,,1129,10,0,20,0,130,,1130,10,0,20,0,170,,1131,10,0,20,0,130,,1132,10,0,20,0,170,,1133,10,0,20,0,129,,1134,10,0,20,0,170,,1135,10,0,20,0,130,,1136,10,0,20,0,170,,1137,10,0,20,0
2000000100,'Semaine-01',649,,1156,10,0,20,0,100,,1157,10,0,20,0,70,,1158,10,0,20,0,101,,1159,10,0,20,0,100,,1160,10,0,20,0,95,,1161,10,0,20,0,100,,1162,10,0,20,0,100,,1163,10,0,20,0,100,,1164,10,0,20,0,100,,1165,10,0,20,0,110,,1166,10,0,20,0,94,,1167,10,0,20,0,100,,1168,10,0,20,0,30,,1169,10,0,20,0,96,,1170,10,0,20,0,99,,1171,10,0,20,0,160,,1172,10,0,20,0,139,,1173,10,0,20,0
2000000100,'Semaine-02',649,,3460,10,0,20,0,100,,3461,10,0,20,0,70,,3462,10,0,20,0,101,,3463,10,0,20,0,100,,3464,10,0,20,0,95,,3465,10,0,20,0,100,,3466,10,0,20,0,100,,3467,10,0,20,0,100,,3468,10,0,20,0,100,,3469,10,0,20,0,110,,3470,10,0,20,0,94,,3471,10,0,20,0,100,,3472,10,0,20,0,30,,3473,10,0,20,0,96,,3474,10,0,20,0,99,,3475,10,0,20,0,160,,3476,10,0,20,0,139,,3477,10,0,20,0
2000000100,'Semaine-03',649,,3496,10,0,20,0,100,,3497,10,0,20,0,70,,3498,10,0,20,0,101,,3499,10,0,20,0,100,,3500,10,0,20,0,95,,3501,10,0,20,0,100,,3502,10,0,20,0,100,,3503,10,0,20,0,100,,3504,10,0,20,0,100,,3505,10,0,20,0,110,,3506,10,0,20,0,94,,3507,10,0,20,0,100,,3508,10,0,20,0,30,,3509,10,0,20,0,96,,3510,10,0,20,0,99,,3511,10,0,20,0,160,,3512,10,0,20,0,139,,3513,10,0,20,0
