100,'Dimanche-01',637,,12,620,,,0,200,,1,620,,,0,167,,2,620,,,0,131,,3,620,,,0,165,,4,620,,,0,123,,5,620,,,0,118,,6,620,,,0,160,,7,620,,,0,123,,8,620,,,0,135,,9,620,,,0,155,,10,620,,,0,115,,11,620,,,0
100,'Fête-1-01',637,,2637,620,,,0,200,,2626,620,,,0,167,,2627,620,,,0,131,,2628,620,,,0,165,,2629,620,,,0,123,,2630,620,,,0,118,,2631,620,,,0,160,,2632,620,,,0,123,,2633,620,,,0,135,,2634,620,,,0,155,,2635,620,,,0,115,,2636,620,,,0
100,'Samedi-01',637,,54,620,,,0,200,,43,620,,,0,167,,44,620,,,0,131,,45,620,,,0,165,,46,620,,,0,123,,47,620,,,0,118,,48,620,,,0,160,,49,620,,,0,123,,50,620,,,0,135,,51,620,,,0,155,,52,620,,,0,115,,53,620,,,0
100,'Semaine-01',525,,55,620,,,0,104,,56,620,,,0,26,,57,620,,,0,82,,58,620,,,0,118,,59,620,,,0,104,,62,620,,,0,94,,71,620,,,0,101,,63,620,,,0,101,,72,620,,,0,78,,64,620,,,0,102,,65,620,,,0,100,,69,620,,,0,110,,66,620,,,0,75,,67,620,,,0,105,,60,620,,,0,92,,61,620,,,0,131,,70,620,,,0,184,,68,620,,,0
100,'Semaine-02',523,,2638,620,,,0,102,,2639,620,,,0,30,,2640,620,,,0,82,,2641,620,,,0,168,,2642,620,,,0,98,,2645,620,,,0,30,,2654,620,,,0,100,,2646,620,,,0,107,,2655,620,,,0,95,,2647,620,,,0,100,,2648,620,,,0,100,,2652,620,,,0,110,,2649,620,,,0,89,,2650,620,,,0,111,,2643,620,,,0,86,,2644,620,,,0,102,,2653,620,,,0,196,,2651,620,,,0
100,'Semaine-03',525,,2656,620,,,0,104,,2657,620,,,0,26,,2658,620,,,0,82,,2659,620,,,0,118,,2660,620,,,0,104,,2663,620,,,0,94,,2672,620,,,0,101,,2664,620,,,0,101,,2673,620,,,0,78,,2665,620,,,0,102,,2666,620,,,0,100,,2670,620,,,0,110,,2667,620,,,0,75,,2668,620,,,0,105,,2661,620,,,0,92,,2662,620,,,0,131,,2671,620,,,0,184,,2669,620,,,0
2100,'Semaine-01',542,,240,260,,,0,70,,241,260,,,0,30,,242,260,,,0,75,,243,260,,,0,30,,244,260,,,0,75,,245,260,,,0
2100,'Semaine-02',537,,2782,260,,,0,70,,2783,260,,,0,30,,2784,260,,,0,75,,2785,260,,,0,30,,2786,260,,,0,75,,2787,260,,,0
2100,'Semaine-03',542,,2788,260,,,0,70,,2789,260,,,0,30,,2790,260,,,0,75,,2791,260,,,0,30,,2792,260,,,0,75,,2793,260,,,0
2101,'Semaine-01',1640,,254,410,,,0,63,,255,410,,,0,26,,256,410,,,0,24,,257,410,,,0,64,,258,410,,,0,28,,259,410,,,0
2101,'Semaine-02',1644,,2794,410,,,0,65,,2795,410,,,0,24,,2796,410,,,0,24,,2797,410,,,0,64,,2798,410,,,0,28,,2799,410,,,0
2101,'Semaine-03',1640,,2803,410,,,0,63,,2804,410,,,0,26,,2805,410,,,0,24,,2806,410,,,0,64,,2807,410,,,0,28,,2808,410,,,0
2201,'Semaine-01',1643,,281,270,,,0,65,,285,270,,,0,25,,282,270,,,0,25,,286,270,,,0,65,,284,270,,,0,23,,283,270,,,0
2201,'Semaine-02',1646,,2824,270,,,0,65,,2828,270,,,0,24,,2825,270,,,0,65,,2829,270,,,0,25,,2827,270,,,0,28,,2826,270,,,0
2201,'Semaine-03',1643,,2830,270,,,0,65,,2834,270,,,0,25,,2831,270,,,0,25,,2835,270,,,0,65,,2833,270,,,0,23,,2832,270,,,0
2600,'Semaine-01',502,,363,250,,,0,17,,364,260,,,0
2600,'Semaine-02',502,,2911,250,,,0,17,,2912,260,,,0
2600,'Semaine-03',502,,2913,250,,,0,17,,2914,260,,,0
2800,'Semaine-01',515,,417,150,,,0,20,,416,150,,,0,15,,414,390,,,0,55,,428,150,,,0,15,,425,150,,,0,15,,413,430,,,0,10,,426,150,,,0,10,,415,390,,,0,51,,427,150,,,0,10,,418,150,,,0,10,,419,150,,,0,16,,420,150,,,0,15,,422,150,,,0,60,,423,150,,,0
2800,'Semaine-02',515,,2957,150,,,0,20,,2956,150,,,0,15,,2954,390,,,0,55,,2963,150,,,0,15,,2964,150,,,0,15,,2953,430,,,0,15,,2955,390,,,0,56,,2958,150,,,0,15,,2959,150,,,0,15,,2960,150,,,0,21,,2961,150,,,0,60,,2962,150,,,0
2800,'Semaine-03',515,,2969,150,,,0,20,,2968,150,,,0,15,,2966,390,,,0,55,,2978,150,,,0,15,,2975,150,,,0,15,,2965,430,,,0,10,,2976,150,,,0,10,,2967,390,,,0,51,,2977,150,,,0,10,,2970,150,,,0,10,,2971,150,,,0,16,,2972,150,,,0,15,,2973,150,,,0,60,,2974,150,,,0
3200,'Dimanche-01',613,,578,350,,,0,214,,583,350,,,0,223,,586,350,,,0,192,,587,350,,,0,159,,579,350,,,0,122,,589,350,,,0,120,,580,350,,,0,159,,582,350,,,0,118,,581,350,,,0,214,,584,350,,,0,216,,585,350,,,0,253,,588,350,0,6,0
3200,'Fête-1-01',544,,3103,230,,,0,181,,3109,350,,,0,77,,3104,350,,,0,120,,3112,350,,,0,123,,3113,350,,,0,164,,3114,350,,,0,124,,3105,350,,,0,124,,3116,350,,,0,164,,3106,350,,,0,128,,3107,350,,,0,160,,3108,350,,,0,235,,3110,350,,,0,256,,3111,350,,,0,207,,3115,350,0,6,0
3200,'Samedi-01',544,,635,230,,,0,181,,641,350,,,0,77,,636,350,,,0,120,,644,350,,,0,123,,645,350,,,0,164,,646,350,,,0,124,,637,350,,,0,124,,648,350,,,0,164,,638,350,,,0,128,,639,350,,,0,160,,640,350,,,0,235,,642,350,,,0,256,,643,350,,,0,207,,647,350,0,6,0
3200,'Semaine-01',640,,674,350,,,0,80,,649,350,,,0,80,,677,350,,,0,40,,660,350,,,0,80,,668,350,,,0,80,,669,350,,,0,41,,670,350,,,0,81,,671,350,,,0,83,,672,350,,,0,43,,673,350,,,0,83,,650,350,,,0,82,,651,350,,,0,42,,652,350,,,0,85,,676,350,,,0,85,,654,350,,,0,85,,655,350,,,0,45,,656,350,,,0,85,,657,350,,,0,82,,658,350,,,0,83,,659,350,,,0,41,,661,350,,,0,80,,662,350,,,0,80,,663,350,,,0,40,,664,350,,,0,80,,665,350,,,0,80,,666,350,,,0,40,,667,350,,,0
3200,'Semaine-02',639,,3142,350,,,0,81,,3117,350,,,0,82,,3145,350,,,0,42,,3128,350,,,0,82,,3136,350,,,0,82,,3137,350,,,0,42,,3138,350,,,0,83,,3139,350,,,0,83,,3140,350,,,0,43,,3141,350,,,0,83,,3118,350,,,0,83,,3119,350,,,0,84,,3120,350,,,0,46,,3144,350,,,0,87,,3122,350,,,0,86,,3123,350,,,0,85,,3124,350,,,0,42,,3125,350,,,0,81,,3126,350,,,0,81,,3127,350,,,0,42,,3129,350,,,0,81,,3130,350,,,0,81,,3131,350,,,0,80,,3132,350,,,0,40,,3133,350,,,0,80,,3134,350,,,0,80,,3135,350,,,0
3200,'Semaine-03',640,,3173,350,,,0,80,,3148,350,,,0,80,,3176,350,,,0,40,,3159,350,,,0,80,,3167,350,,,0,80,,3168,350,,,0,41,,3169,350,,,0,81,,3170,350,,,0,83,,3171,350,,,0,43,,3172,350,,,0,83,,3149,350,,,0,82,,3150,350,,,0,42,,3151,350,,,0,85,,3175,350,,,0,85,,3153,350,,,0,85,,3154,350,,,0,45,,3155,350,,,0,85,,3156,350,,,0,82,,3157,350,,,0,83,,3158,350,,,0,41,,3160,350,,,0,80,,3161,350,,,0,80,,3162,350,,,0,40,,3163,350,,,0,80,,3164,350,,,0,80,,3165,350,,,0,40,,3166,350,,,0
3300,'Dimanche-01',612,,682,530,,,0,42,,680,530,,,0,91,,691,530,,,0,81,,701,530,,,0,83,,703,530,,,0,93,,704,530,,,0,40,,705,530,,,0,80,,706,530,,,0,80,,707,530,,,0,40,,683,530,,,0,80,,684,530,,,0,79,,685,530,,,0,40,,686,530,,,0,80,,687,530,,,0,79,,688,530,,,0,39,,689,530,,,0,79,,690,530,,,0,39,,692,530,,,0,79,,693,530,,,0,80,,694,530,,,0,87,,695,530,,,0,45,,696,530,,,0,85,,697,530,,,0,87,,698,530,,,0,86,,699,530,,,0,43,,700,530,,,0,88,,681,530,,,0,83,,702,530,,,0
3300,'Fête-1-01',632,,3181,530,,,0,81,,3179,530,,,0,42,,3190,530,,,0,82,,3200,530,,,0,82,,3202,530,,,0,84,,3203,530,,,0,41,,3204,530,,,0,82,,3205,530,,,0,82,,3206,530,,,0,42,,3182,530,,,0,82,,3183,530,,,0,82,,3184,530,,,0,42,,3185,530,,,0,82,,3186,530,,,0,82,,3187,530,,,0,82,,3188,530,,,0,42,,3189,530,,,0,85,,3191,530,,,0,79,,3192,530,,,0,42,,3193,530,,,0,82,,3194,530,,,0,79,,3195,530,,,0,41,,3196,530,,,0,81,,3197,530,,,0,82,,3198,530,,,0,43,,3199,530,,,0,86,,3201,530,,,0,86,,3180,530,,,0
3300,'Samedi-01',632,,769,530,,,0,81,,767,530,,,0,42,,778,530,,,0,82,,788,530,,,0,82,,790,530,,,0,84,,791,530,,,0,41,,792,530,,,0,82,,793,530,,,0,82,,794,530,,,0,42,,770,530,,,0,82,,771,530,,,0,82,,772,530,,,0,42,,773,530,,,0,82,,774,530,,,0,82,,775,530,,,0,82,,776,530,,,0,42,,777,530,,,0,85,,779,530,,,0,79,,780,530,,,0,42,,781,530,,,0,82,,782,530,,,0,79,,783,530,,,0,41,,784,530,,,0,81,,785,530,,,0,82,,786,530,,,0,43,,787,530,,,0,86,,789,530,,,0,86,,768,530,,,0
3300,'Semaine-01',639,,796,530,,,0,80,,824,530,,,0,81,,805,530,,,0,40,,815,530,,,0,80,,818,530,,,0,80,,819,530,,,0,40,,820,530,,,0,82,,821,530,,,0,81,,822,530,,,0,43,,797,530,,,0,83,,798,530,,,0,83,,799,530,,,0,43,,800,530,,,0,84,,801,530,,,0,86,,802,530,,,0,84,,803,530,,,0,45,,804,530,,,0,84,,806,530,,,0,81,,807,530,,,0,83,,808,530,,,0,42,,809,530,,,0,80,,810,530,,,0,80,,811,530,,,0,39,,812,530,,,0,80,,813,530,,,0,80,,814,530,,,0,40,,816,530,,,0,80,,817,530,,,0
3300,'Semaine-02',634,,3208,530,,,0,81,,3236,530,,,0,42,,3217,530,,,0,82,,3227,530,,,0,82,,3230,530,,,0,82,,3231,530,,,0,42,,3232,530,,,0,83,,3233,530,,,0,83,,3234,530,,,0,43,,3209,530,,,0,83,,3210,530,,,0,83,,3211,530,,,0,84,,3212,530,,,0,46,,3213,530,,,0,87,,3214,530,,,0,86,,3215,530,,,0,85,,3216,530,,,0,42,,3218,530,,,0,81,,3219,530,,,0,81,,3220,530,,,0,41,,3221,530,,,0,81,,3222,530,,,0,81,,3223,530,,,0,40,,3224,530,,,0,80,,3225,530,,,0,80,,3226,530,,,0,40,,3228,530,,,0,80,,3229,530,,,0
3300,'Semaine-03',639,,3237,530,,,0,80,,3265,530,,,0,81,,3246,530,,,0,40,,3256,530,,,0,80,,3259,530,,,0,80,,3260,530,,,0,40,,3261,530,,,0,82,,3262,530,,,0,81,,3263,530,,,0,43,,3238,530,,,0,83,,3239,530,,,0,83,,3240,530,,,0,43,,3241,530,,,0,84,,3242,530,,,0,86,,3243,530,,,0,84,,3244,530,,,0,45,,3245,530,,,0,84,,3247,530,,,0,81,,3248,530,,,0,83,,3249,530,,,0,42,,3250,530,,,0,80,,3251,530,,,0,80,,3252,530,,,0,39,,3253,530,,,0,80,,3254,530,,,0,80,,3255,530,,,0,40,,3257,530,,,0,80,,3258,530,,,0
11100,'Dimanche-01',724,,861,370,0,5 6,0,100,,857,370,0,5 10,0,187,,856,370,0,5 10,0,291,,858,370,0,5 10,0,249,,859,370,0,5 10,0,198,,862,370,0,5 6,0,107,,860,370,0,5 10,0,378,,863,370,0,5 6,0
11100,'Fête-1-01',724,,3297,370,0,5 6,0,100,,3293,370,0,5 10,0,187,,3292,370,0,5 10,0,291,,3294,370,0,5 10,0,249,,3295,370,0,5 10,0,198,,3298,370,0,5 6,0,107,,3296,370,0,5 10,0,378,,3299,370,0,5 6,0
11100,'Samedi-01',724,,891,370,0,5 6,0,100,,887,370,0,5 10,0,187,,886,370,0,5 10,0,291,,888,370,0,5 10,0,249,,889,370,0,5 10,0,198,,892,370,0,5 6,0,107,,890,370,0,5 10,0,378,,893,370,0,5 6,0
11100,'Semaine-01',536,,902,370,0,5 15,0,15,,896,370,0,5 10,0,60,,900,370,0,5 15,0,27,,903,370,0,5 15,0,6,,897,370,0,5 10,0,14,,901,370,0,5 15,0,71,,909,370,0,5 15,0,20,,904,370,0,5 15,0,5,,898,370,0,5 10,0,55,,911,370,0,5 15,0,40,,899,370,0,5 10,0,157,,912,370,0,5 10,0,35,,894,370,0,5 10,0,105,,914,370,0,5 6,0,160,,895,370,0,5 10,0,341,,906,370,0,5 10,0,5,,905,300,0,5 15,0,94,,908,370,0,5 10,0,58,,907,300,0,5 15,0,233,,913,300,0,5 6,0,103,,910,300,0,5 10,0
11100,'Semaine-02',536,,3304,370,0,5 14,0,70,,3302,370,0,5 14,0,33,,3305,370,0,5 14,0,70,,3303,370,0,5 14,0,30,,3309,370,0,5 14,0,70,,3310,370,0,5 14,0,30,,3301,370,0,5 10,0,106,,3311,370,0,5 10,0,96,,3315,370,0,5 10,0,105,,3313,370,0,5 6,0,168,,3300,370,0,5 10,0,401,,3306,370,0,5 14,0,23,,3308,370,0,5 14,0,71,,3307,370,0,5 14,0,226,,3312,300,0,5 6,0,105,,3314,300,0,5 10,0
11100,'Semaine-03',536,,3324,370,0,5 15,0,15,,3318,370,0,5 10,0,60,,3322,370,0,5 15,0,27,,3325,370,0,5 15,0,6,,3319,370,0,5 10,0,14,,3323,370,0,5 15,0,71,,3331,370,0,5 15,0,20,,3326,370,0,5 15,0,5,,3320,370,0,5 10,0,55,,3333,370,0,5 15,0,40,,3321,370,0,5 10,0,157,,3334,370,0,5 10,0,35,,3316,370,0,5 10,0,105,,3336,370,0,5 6,0,160,,3317,370,0,5 10,0,341,,3328,370,0,5 10,0,5,,3327,300,0,5 15,0,94,,3330,370,0,5 10,0,58,,3329,300,0,5 15,0,233,,3335,300,0,5 6,0,103,,3332,300,0,5 10,0
