2000002300,'Dimanche-01',549,,1719,20,,,0,79,,1721,20,,,0,74,,1722,20,,,0,101,,1723,20,,,0,41,,1724,20,,,0,75,,1725,20,,,0,107,,1726,20,,,0,97,,1727,20,,,0,95,,1728,20,,,0,82,,1729,20,,,0,37,,1730,20,,,0,83,,1731,20,,,0,39,,1732,20,,,0,82,,1733,20,,,0,78,,1734,20,,,0,40,,1735,20,,,0,79,,1736,20,,,0,82,,1737,20,,,0,36,,1738,20,,,0,146,,1739,20,,,0,109,,1740,20,,,0,112,,1741,20,,,0,104,,1742,20,,,0,111,,1743,20,,,0,102,,1720,20,,,0
2000002300,'Fête-1-01',551,,3847,20,,,0,83,,3849,20,,,0,81,,3850,20,,,0,35,,3851,20,,,0,87,,3852,20,,,0,84,,3853,20,,,0,81,,3854,20,,,0,53,,3855,20,,,0,90,,3856,20,,,0,85,,3857,20,,,0,79,,3858,20,,,0,41,,3859,20,,,0,83,,3860,20,,,0,85,,3861,20,,,0,39,,3862,20,,,0,85,,3863,20,,,0,83,,3864,20,,,0,80,,3865,20,,,0,40,,3866,20,,,0,85,,3867,20,,,0,87,,3868,20,,,0,104,,3869,20,,,0,80,,3870,20,,,0,32,,3871,20,,,0,104,,3872,20,,,0,111,,3873,20,,,0,96,,3848,20,,,0
2000002300,'Samedi-01',551,,1799,20,,,0,83,,1801,20,,,0,81,,1802,20,,,0,35,,1803,20,,,0,87,,1804,20,,,0,84,,1805,20,,,0,81,,1806,20,,,0,53,,1807,20,,,0,90,,1808,20,,,0,85,,1809,20,,,0,79,,1810,20,,,0,41,,1811,20,,,0,83,,1812,20,,,0,85,,1813,20,,,0,39,,1814,20,,,0,85,,1815,20,,,0,83,,1816,20,,,0,80,,1817,20,,,0,40,,1818,20,,,0,85,,1819,20,,,0,87,,1820,20,,,0,104,,1821,20,,,0,80,,1822,20,,,0,32,,1823,20,,,0,104,,1824,20,,,0,111,,1825,20,,,0,96,,1800,20,,,0
2000002300,'Semaine-01',558,,1826,20,,,0,80,,1827,20,,,0,80,,1851,20,,,0,41,,1852,20,,,0,79,,1828,20,,,0,80,,1850,20,,,0,40,,1848,20,,,0,81,,1847,20,,,0,82,,1849,20,,,0,83,,1846,20,,,0,43,,1843,20,,,0,83,,1845,20,,,0,82,,1844,20,,,0,42,,1842,20,,,0,85,,1841,20,,,0,85,,1840,20,,,0,86,,1839,20,,,0,45,,1838,20,,,0,85,,1837,20,,,0,82,,1836,20,,,0,82,,1835,20,,,0,39,,1834,20,,,0,80,,1833,20,,,0,80,,1832,20,,,0,40,,1831,20,,,0,80,,1830,20,,,0,80,,1829,20,,,0,121,,1853,20,,,0
2000002300,'Semaine-02',558,,3874,20,,,0,80,,3875,20,,,0,80,,3899,20,,,0,41,,3900,20,,,0,79,,3876,20,,,0,80,,3898,20,,,0,40,,3896,20,,,0,81,,3895,20,,,0,82,,3897,20,,,0,83,,3894,20,,,0,43,,3891,20,,,0,83,,3893,20,,,0,82,,3892,20,,,0,42,,3890,20,,,0,85,,3889,20,,,0,85,,3888,20,,,0,86,,3887,20,,,0,45,,3886,20,,,0,85,,3885,20,,,0,82,,3884,20,,,0,82,,3883,20,,,0,39,,3882,20,,,0,80,,3881,20,,,0,80,,3880,20,,,0,40,,3879,20,,,0,80,,3878,20,,,0,80,,3877,20,,,0,121,,3901,20,,,0
2000002300,'Semaine-03',558,,3902,20,,,0,80,,3903,20,,,0,80,,3927,20,,,0,41,,3928,20,,,0,79,,3904,20,,,0,80,,3926,20,,,0,40,,3924,20,,,0,81,,3923,20,,,0,82,,3925,20,,,0,83,,3922,20,,,0,43,,3919,20,,,0,83,,3921,20,,,0,82,,3920,20,,,0,42,,3918,20,,,0,85,,3917,20,,,0,85,,3916,20,,,0,86,,3915,20,,,0,45,,3914,20,,,0,85,,3913,20,,,0,82,,3912,20,,,0,82,,3911,20,,,0,39,,3910,20,,,0,80,,3909,20,,,0,80,,3908,20,,,0,40,,3907,20,,,0,80,,3906,20,,,0,80,,3905,20,,,0,121,,3929,20,,,0
2000002301,'Dimanche-01',611,,1854,20,,,0,34,,1864,20,,,0,80,,1859,20,,,0,101,,1869,20,,,0,76,,1865,20,,,0,40,,1858,20,,,0,107,,1860,20,,,0,97,,1861,20,,,0,95,,1868,20,,,0,75,,1862,20,,,0,84,,1857,20,,,0,38,,1870,20,,,0,84,,1863,20,,,0,37,,1867,20,,,0,83,,1866,20,,,0,79,,1856,20,,,0,80,,1871,20,,,0,37,,1872,20,,,0,81,,1877,20,,,0,106,,1874,20,,,0,109,,1873,20,,,0,112,,1878,20,,,0,104,,1876,20,,,0,151,,1875,20,,,0,102,,1855,20,,,0
2000002301,'Fête-1-01',614,,3930,20,,,0,43,,3940,20,,,0,76,,3935,20,,,0,75,,3946,20,,,0,92,,3941,20,,,0,40,,3934,20,,,0,85,,3943,20,,,0,88,,3936,20,,,0,95,,3937,20,,,0,40,,3945,20,,,0,84,,3938,20,,,0,76,,3933,20,,,0,48,,3947,20,,,0,80,,3939,20,,,0,84,,3944,20,,,0,80,,3942,20,,,0,48,,3932,20,,,0,75,,3948,20,,,0,85,,3949,20,,,0,40,,3954,20,,,0,92,,3951,20,,,0,104,,3950,20,,,0,72,,3955,20,,,0,40,,3956,20,,,0,144,,3953,20,,,0,111,,3952,20,,,0,96,,3931,20,,,0
2000002301,'Samedi-01',614,,1935,20,,,0,43,,1945,20,,,0,76,,1940,20,,,0,75,,1951,20,,,0,92,,1946,20,,,0,40,,1939,20,,,0,85,,1948,20,,,0,88,,1941,20,,,0,95,,1942,20,,,0,40,,1950,20,,,0,84,,1943,20,,,0,76,,1938,20,,,0,48,,1952,20,,,0,80,,1944,20,,,0,84,,1949,20,,,0,80,,1947,20,,,0,48,,1937,20,,,0,75,,1953,20,,,0,85,,1954,20,,,0,40,,1959,20,,,0,92,,1956,20,,,0,104,,1955,20,,,0,72,,1960,20,,,0,40,,1961,20,,,0,144,,1958,20,,,0,111,,1957,20,,,0,96,,1936,20,,,0
2000002301,'Semaine-01',621,,1990,20,,,0,80,,1987,20,,,0,40,,1988,20,,,0,80,,1989,20,,,0,80,,1985,20,,,0,40,,1986,20,,,0,80,,1983,20,,,0,81,,1982,20,,,0,42,,1984,20,,,0,83,,1980,20,,,0,83,,1977,20,,,0,43,,1981,20,,,0,82,,1979,20,,,0,82,,1978,20,,,0,85,,1976,20,,,0,45,,1975,20,,,0,86,,1974,20,,,0,85,,1973,20,,,0,85,,1972,20,,,0,42,,1971,20,,,0,82,,1970,20,,,0,79,,1969,20,,,0,40,,1968,20,,,0,80,,1967,20,,,0,80,,1966,20,,,0,40,,1965,20,,,0,80,,1964,20,,,0,74,,1963,20,,,0,58,,1962,20,,,0
2000002301,'Semaine-02',621,,3985,20,,,0,80,,3982,20,,,0,40,,3983,20,,,0,80,,3984,20,,,0,80,,3980,20,,,0,40,,3981,20,,,0,80,,3978,20,,,0,81,,3977,20,,,0,42,,3979,20,,,0,83,,3975,20,,,0,83,,3972,20,,,0,43,,3976,20,,,0,82,,3974,20,,,0,82,,3973,20,,,0,85,,3971,20,,,0,45,,3970,20,,,0,86,,3969,20,,,0,85,,3968,20,,,0,85,,3967,20,,,0,42,,3966,20,,,0,82,,3965,20,,,0,79,,3964,20,,,0,40,,3963,20,,,0,80,,3962,20,,,0,80,,3961,20,,,0,40,,3960,20,,,0,80,,3959,20,,,0,74,,3958,20,,,0,58,,3957,20,,,0
2000002301,'Semaine-03',621,,4014,20,,,0,80,,4011,20,,,0,40,,4012,20,,,0,80,,4013,20,,,0,80,,4009,20,,,0,40,,4010,20,,,0,80,,4007,20,,,0,81,,4006,20,,,0,42,,4008,20,,,0,83,,4004,20,,,0,83,,4001,20,,,0,43,,4005,20,,,0,82,,4003,20,,,0,82,,4002,20,,,0,85,,4000,20,,,0,45,,3999,20,,,0,86,,3998,20,,,0,85,,3997,20,,,0,85,,3996,20,,,0,42,,3995,20,,,0,82,,3994,20,,,0,79,,3993,20,,,0,40,,3992,20,,,0,80,,3991,20,,,0,80,,3990,20,,,0,40,,3989,20,,,0,80,,3988,20,,,0,74,,3987,20,,,0,58,,3986,20,,,0
