2100,'Semaine-01',528,,240,70,,,0,30,,241,70,,,0,70,,242,70,,,0,75,,243,70,,,0,30,,244,70,,,0,75,,245,70,,,0
2100,'Semaine-02',523,,2782,70,,,0,30,,2783,70,,,0,70,,2784,70,,,0,35,,2785,70,,,0,70,,2786,70,,,0,75,,2787,70,,,0
2100,'Semaine-03',528,,2788,70,,,0,30,,2789,70,,,0,70,,2790,70,,,0,75,,2791,70,,,0,30,,2792,70,,,0,75,,2793,70,,,0
2101,'Semaine-01',1626,,254,220,,,0,23,,255,220,,,0,66,,256,220,,,0,24,,257,220,,,0,65,,258,220,,,0,28,,259,220,,,0
2101,'Semaine-02',1629,,2794,220,,,0,25,,2795,220,,,0,64,,2796,220,,,0,24,,2797,220,,,0,65,,2798,220,,,0,28,,2799,220,,,0
2101,'Semaine-03',1626,,2803,220,,,0,23,,2804,220,,,0,66,,2805,220,,,0,24,,2806,220,,,0,65,,2807,220,,,0,28,,2808,220,,,0
3300,'Dimanche-01',605,,682,430,,,0,42,,680,430,,,0,91,,691,430,,,0,81,,701,430,,,0,83,,703,430,,,0,53,,704,430,,,0,80,,705,430,,,0,80,,706,430,,,0,40,,707,430,,,0,80,,683,430,,,0,80,,684,430,,,0,39,,685,430,,,0,80,,686,430,,,0,80,,687,430,,,0,39,,688,430,,,0,79,,689,430,,,0,79,,690,430,,,0,39,,692,430,,,0,79,,693,430,,,0,80,,694,430,,,0,47,,695,430,,,0,85,,696,430,,,0,85,,697,430,,,0,87,,698,430,,,0,46,,699,430,,,0,83,,700,430,,,0,88,,681,430,,,0,83,,702,430,,,0
3300,'Fête-1-01',625,,3181,430,,,0,81,,3179,430,,,0,42,,3190,430,,,0,82,,3200,430,,,0,82,,3202,430,,,0,44,,3203,430,,,0,81,,3204,430,,,0,82,,3205,430,,,0,82,,3206,430,,,0,42,,3182,430,,,0,82,,3183,430,,,0,82,,3184,430,,,0,42,,3185,430,,,0,82,,3186,430,,,0,82,,3187,430,,,0,42,,3188,430,,,0,82,,3189,430,,,0,85,,3191,430,,,0,79,,3192,430,,,0,42,,3193,430,,,0,82,,3194,430,,,0,79,,3195,430,,,0,41,,3196,430,,,0,81,,3197,430,,,0,82,,3198,430,,,0,43,,3199,430,,,0,86,,3201,430,,,0,86,,3180,430,,,0
3300,'Samedi-01',625,,769,430,,,0,81,,767,430,,,0,42,,778,430,,,0,82,,788,430,,,0,82,,790,430,,,0,44,,791,430,,,0,81,,792,430,,,0,82,,793,430,,,0,82,,794,430,,,0,42,,770,430,,,0,82,,771,430,,,0,82,,772,430,,,0,42,,773,430,,,0,82,,774,430,,,0,82,,775,430,,,0,42,,776,430,,,0,82,,777,430,,,0,85,,779,430,,,0,79,,780,430,,,0,42,,781,430,,,0,82,,782,430,,,0,79,,783,430,,,0,41,,784,430,,,0,81,,785,430,,,0,82,,786,430,,,0,43,,787,430,,,0,86,,789,430,,,0,86,,768,430,,,0
3300,'Semaine-01',632,,796,430,,,0,80,,824,430,,,0,41,,805,430,,,0,80,,815,430,,,0,80,,818,430,,,0,40,,819,430,,,0,80,,820,430,,,0,82,,821,430,,,0,41,,822,430,,,0,83,,797,430,,,0,83,,798,430,,,0,83,,799,430,,,0,43,,800,430,,,0,83,,801,430,,,0,86,,802,430,,,0,85,,803,430,,,0,45,,804,430,,,0,84,,806,430,,,0,81,,807,430,,,0,43,,808,430,,,0,82,,809,430,,,0,80,,810,430,,,0,40,,811,430,,,0,79,,812,430,,,0,80,,813,430,,,0,40,,814,430,,,0,80,,816,430,,,0,80,,817,430,,,0
3300,'Semaine-02',627,,3208,430,,,0,81,,3236,430,,,0,42,,3217,430,,,0,82,,3227,430,,,0,82,,3230,430,,,0,42,,3231,430,,,0,82,,3232,430,,,0,83,,3233,430,,,0,83,,3234,430,,,0,43,,3209,430,,,0,83,,3210,430,,,0,83,,3211,430,,,0,44,,3212,430,,,0,85,,3213,430,,,0,87,,3214,430,,,0,87,,3215,430,,,0,85,,3216,430,,,0,42,,3218,430,,,0,81,,3219,430,,,0,81,,3220,430,,,0,41,,3221,430,,,0,81,,3222,430,,,0,81,,3223,430,,,0,40,,3224,430,,,0,80,,3225,430,,,0,80,,3226,430,,,0,40,,3228,430,,,0,80,,3229,430,,,0
3300,'Semaine-03',632,,3237,430,,,0,80,,3265,430,,,0,41,,3246,430,,,0,80,,3256,430,,,0,80,,3259,430,,,0,40,,3260,430,,,0,80,,3261,430,,,0,82,,3262,430,,,0,41,,3263,430,,,0,83,,3238,430,,,0,83,,3239,430,,,0,83,,3240,430,,,0,43,,3241,430,,,0,83,,3242,430,,,0,86,,3243,430,,,0,85,,3244,430,,,0,45,,3245,430,,,0,84,,3247,430,,,0,81,,3248,430,,,0,43,,3249,430,,,0,82,,3250,430,,,0,80,,3251,430,,,0,40,,3252,430,,,0,79,,3253,430,,,0,80,,3254,430,,,0,40,,3255,430,,,0,80,,3257,430,,,0,80,,3258,430,,,0
14001,'Dimanche-01',819,,979,30,,,0,114,,980,30,,,0,115,,981,30,,,0,155,,982,30,,,0,115,,983,30,,,0,115,,984,30,,,0,120,,985,30,,,0,160,,978,30,,,0
14001,'Fête-1-01',819,,3385,30,,,0,114,,3386,30,,,0,115,,3387,30,,,0,155,,3388,30,,,0,115,,3389,30,,,0,115,,3390,30,,,0,120,,3391,30,,,0,160,,3384,30,,,0
14001,'Samedi-01',819,,1010,30,,,0,114,,1011,30,,,0,115,,1012,30,,,0,155,,1013,30,,,0,115,,1014,30,,,0,115,,1015,30,,,0,120,,1016,30,,,0,160,,1009,30,,,0
14001,'Semaine-01',853,,1019,30,,,0,160,,1020,30,,,0,120,,1021,30,,,0,125,,1022,30,,,0,165,,1023,30,,,0,125,,1024,30,,,0,165,,1025,30,,,0,125,,1026,30,,,0,120,,1027,30,,,0,155,,1028,30,,,0
14001,'Semaine-02',853,,3394,30,,,0,160,,3395,30,,,0,120,,3396,30,,,0,125,,3397,30,,,0,165,,3398,30,,,0,125,,3399,30,,,0,165,,3400,30,,,0,125,,3401,30,,,0,120,,3402,30,,,0,155,,3403,30,,,0
14001,'Semaine-03',853,,3407,30,,,0,160,,3408,30,,,0,120,,3409,30,,,0,125,,3410,30,,,0,165,,3411,30,,,0,125,,3412,30,,,0,165,,3413,30,,,0,125,,3414,30,,,0,120,,3415,30,,,0,155,,3416,30,,,0
