2100,'Semaine-01',536,,240,180,,,0,70,,241,180,,,0,30,,242,180,,,0,75,,243,180,,,0,30,,244,180,,,0,75,,245,180,,,0
2100,'Semaine-02',531,,2782,180,,,0,70,,2783,180,,,0,30,,2784,180,,,0,75,,2785,180,,,0,30,,2786,180,,,0,75,,2787,180,,,0
2100,'Semaine-03',536,,2788,180,,,0,70,,2789,180,,,0,30,,2790,180,,,0,75,,2791,180,,,0,30,,2792,180,,,0,75,,2793,180,,,0
2101,'Semaine-01',1633,,254,330,,,0,23,,255,330,,,0,66,,256,330,,,0,24,,257,330,,,0,65,,258,330,,,0,28,,259,330,,,0
2101,'Semaine-02',1636,,2794,330,,,0,65,,2795,330,,,0,24,,2796,330,,,0,24,,2797,330,,,0,65,,2798,330,,,0,28,,2799,330,,,0
2101,'Semaine-03',1633,,2803,330,,,0,23,,2804,330,,,0,66,,2805,330,,,0,24,,2806,330,,,0,65,,2807,330,,,0,28,,2808,330,,,0
3200,'Dimanche-01',607,,578,270,,,0,214,,583,270,,,0,223,,586,270,,,0,192,,587,270,,,0,119,,579,270,,,0,162,,589,270,,,0,120,,580,270,,,0,119,,582,270,,,0,158,,581,270,,,0,215,,584,270,,,0,216,,585,270,,,0,213,,588,270,0,6,0
3200,'Fête-1-01',538,,3103,150,,,0,181,,3109,270,,,0,37,,3104,270,,,0,160,,3112,270,,,0,123,,3113,270,,,0,164,,3114,270,,,0,124,,3105,270,,,0,124,,3116,270,,,0,164,,3106,270,,,0,128,,3107,270,,,0,160,,3108,270,,,0,236,,3110,270,,,0,216,,3111,270,,,0,247,,3115,270,0,6,0
3200,'Samedi-01',538,,635,150,,,0,181,,641,270,,,0,37,,636,270,,,0,160,,644,270,,,0,123,,645,270,,,0,164,,646,270,,,0,124,,637,270,,,0,124,,648,270,,,0,164,,638,270,,,0,128,,639,270,,,0,160,,640,270,,,0,236,,642,270,,,0,216,,643,270,,,0,247,,647,270,0,6,0
3200,'Semaine-01',634,,674,270,,,0,80,,649,270,,,0,40,,677,270,,,0,80,,660,270,,,0,80,,668,270,,,0,41,,669,270,,,0,81,,670,270,,,0,81,,671,270,,,0,83,,672,270,,,0,43,,673,270,,,0,83,,650,270,,,0,82,,651,270,,,0,42,,652,270,,,0,85,,676,270,,,0,85,,654,270,,,0,85,,655,270,,,0,45,,656,270,,,0,85,,657,270,,,0,82,,658,270,,,0,83,,659,270,,,0,41,,661,270,,,0,80,,662,270,,,0,80,,663,270,,,0,40,,664,270,,,0,80,,665,270,,,0,80,,666,270,,,0,40,,667,270,,,0
3200,'Semaine-02',633,,3142,270,,,0,81,,3117,270,,,0,42,,3145,270,,,0,82,,3128,270,,,0,83,,3136,270,,,0,82,,3137,270,,,0,42,,3138,270,,,0,83,,3139,270,,,0,83,,3140,270,,,0,43,,3141,270,,,0,83,,3118,270,,,0,83,,3119,270,,,0,84,,3120,270,,,0,46,,3144,270,,,0,87,,3122,270,,,0,86,,3123,270,,,0,85,,3124,270,,,0,42,,3125,270,,,0,81,,3126,270,,,0,81,,3127,270,,,0,42,,3129,270,,,0,81,,3130,270,,,0,81,,3131,270,,,0,40,,3132,270,,,0,80,,3133,270,,,0,80,,3134,270,,,0,40,,3135,270,,,0
3200,'Semaine-03',634,,3173,270,,,0,80,,3148,270,,,0,40,,3176,270,,,0,80,,3159,270,,,0,80,,3167,270,,,0,41,,3168,270,,,0,81,,3169,270,,,0,81,,3170,270,,,0,83,,3171,270,,,0,43,,3172,270,,,0,83,,3149,270,,,0,82,,3150,270,,,0,42,,3151,270,,,0,85,,3175,270,,,0,85,,3153,270,,,0,85,,3154,270,,,0,45,,3155,270,,,0,85,,3156,270,,,0,82,,3157,270,,,0,83,,3158,270,,,0,41,,3160,270,,,0,80,,3161,270,,,0,80,,3162,270,,,0,40,,3163,270,,,0,80,,3164,270,,,0,80,,3165,270,,,0,40,,3166,270,,,0
