101,'Dimanche-01',759,,73,540,,,0,246,,74,540,,,0,131,,75,540,,,0,173,,76,540,,,0,127,,77,540,,,0,120,,78,540,,,0,160,,79,540,,,0,120,,80,540,,,0,117,,81,540,,,0,174,,82,540,,,0,114,,83,540,,,0,113,,84,540,,,0
101,'Fête-1-01',759,,2674,540,,,0,246,,2675,540,,,0,131,,2676,540,,,0,173,,2677,540,,,0,127,,2678,540,,,0,120,,2679,540,,,0,160,,2680,540,,,0,120,,2681,540,,,0,117,,2682,540,,,0,174,,2683,540,,,0,114,,2684,540,,,0,113,,2685,540,,,0
101,'Samedi-01',759,,115,540,,,0,246,,116,540,,,0,131,,117,540,,,0,173,,118,540,,,0,127,,119,540,,,0,120,,120,540,,,0,160,,121,540,,,0,120,,122,540,,,0,117,,123,540,,,0,174,,124,540,,,0,114,,125,540,,,0,113,,126,540,,,0
101,'Semaine-01',659,,127,540,,,0,141,,136,540,,,0,30,,138,540,,,0,90,,139,540,,,0,110,,140,540,,,0,105,,141,540,,,0,95,,143,540,,,0,105,,142,540,,,0,106,,144,540,,,0,81,,128,540,,,0,104,,129,540,,,0,96,,130,540,,,0,106,,131,540,,,0,74,,132,540,,,0,103,,133,540,,,0,43,,134,540,,,0,173,,135,540,,,0,134,,137,540,,,0
101,'Semaine-02',654,,2686,540,,,0,101,,2695,540,,,0,70,,2697,540,,,0,100,,2698,540,,,0,105,,2699,540,,,0,95,,2700,540,,,0,100,,2702,540,,,0,100,,2701,540,,,0,111,,2703,540,,,0,86,,2687,540,,,0,109,,2688,540,,,0,91,,2689,540,,,0,106,,2690,540,,,0,29,,2691,540,,,0,69,,2692,540,,,0,108,,2693,540,,,0,182,,2694,540,,,0,189,,2696,540,,,0
101,'Semaine-03',659,,2704,540,,,0,141,,2713,540,,,0,30,,2715,540,,,0,90,,2716,540,,,0,110,,2717,540,,,0,105,,2718,540,,,0,95,,2720,540,,,0,105,,2719,540,,,0,106,,2721,540,,,0,81,,2705,540,,,0,104,,2706,540,,,0,96,,2707,540,,,0,106,,2708,540,,,0,74,,2709,540,,,0,103,,2710,540,,,0,43,,2711,540,,,0,173,,2712,540,,,0,134,,2714,540,,,0
2001,'Dimanche-01',731,,190,40,,,0,124,,191,40,,,0,166,,192,40,,,0,125,,193,40,,,0,165,,194,40,,,0,125,,195,40,,,0,165,,196,40,,,0,125,,197,40,,,0
2001,'Fête-1-01',731,,2752,40,,,0,124,,2753,40,,,0,166,,2754,40,,,0,125,,2755,40,,,0,165,,2756,40,,,0,125,,2757,40,,,0,165,,2758,40,,,0,125,,2759,40,,,0
2001,'Samedi-01',731,,215,40,,,0,124,,216,40,,,0,166,,217,40,,,0,125,,218,40,,,0,165,,219,40,,,0,125,,220,40,,,0,165,,221,40,,,0,125,,222,40,,,0
2001,'Semaine-01',716,,223,40,,,0,125,,224,40,,,0,165,,225,40,,,0,126,,226,40,,,0,126,,227,40,,,0,165,,228,40,,,0,126,,229,40,,,0,166,,230,40,,,0,126,,231,40,,,0
2001,'Semaine-01-0001100',2004,,233,40,,,0,124,,232,40,,,0
2001,'Semaine-02',716,,2760,40,,,0,125,,2761,40,,,0,165,,2762,40,,,0,126,,2763,40,,,0,126,,2764,40,,,0,165,,2765,40,,,0,126,,2766,40,,,0,166,,2767,40,,,0,126,,2768,40,,,0
2001,'Semaine-02-0001100',2004,,2770,40,,,0,124,,2769,40,,,0
2001,'Semaine-03',716,,2771,40,,,0,125,,2772,40,,,0,165,,2773,40,,,0,126,,2774,40,,,0,126,,2775,40,,,0,165,,2776,40,,,0,126,,2777,40,,,0,166,,2778,40,,,0,126,,2779,40,,,0
2001,'Semaine-03-0001100',2004,,2781,40,,,0,124,,2780,40,,,0
2801,'Semaine-01',1710,,443,430,0,7,0,39,,442,430,,,0,68,,444,430,0,7,0
2801,'Semaine-02',1655,,2980,430,0,7,0,99,,2979,430,,,0,67,,2981,430,0,7,0
2801,'Semaine-03',1710,,2994,430,0,7,0,39,,2993,430,,,0,68,,2995,430,0,7,0
