2501,'Semaine-01',1604,,355,270,,,0,40,,356,270,,,0,74,,357,270,,,0,39,,358,270,,,0,80,,359,270,,,0,68,,360,270,,,0
2501,'Semaine-02',1604,,2899,270,,,0,40,,2900,270,,,0,74,,2901,270,,,0,39,,2902,270,,,0,75,,2903,270,,,0,73,,2904,270,,,0
2501,'Semaine-03',1604,,2905,270,,,0,40,,2906,270,,,0,74,,2907,270,,,0,39,,2908,270,,,0,80,,2909,270,,,0,68,,2910,270,,,0
2600,'Semaine-01',504,,364,70,,,0
2600,'Semaine-02',504,,2912,70,,,0
2600,'Semaine-03',504,,2914,70,,,0
2000002500,'Dimanche-01',530,,1991,100,,,0,87,,1993,150,,,0,38,,1994,150,,,0,75,,1995,150,,,0,28,,1996,150,,,0,74,,1997,150,,,0,78,,1998,150,,,0,37,,1999,150,,,0,76,,2000,150,,,0,32,,2001,150,,,0,85,,2002,150,,,0,85,,2003,150,,,0,95,,2004,150,,,0,23,,2005,150,,,0,62,,2006,150,,,0,45,,2007,150,,,0,80,,2008,150,,,0,80,,2009,150,,,0,40,,2010,150,,,0,75,,2011,150,,,0,81,,2012,150,,,0,39,,2013,150,,,0,80,,2014,150,,,0,30,,2015,150,,,0,75,,2016,150,,,0,75,,2017,150,,,0,35,,2018,150,,,0,75,,2019,150,,,0,35,,2020,150,,,0,70,,2021,150,,,0,35,,2022,150,,,0,75,,2023,150,,,0,76,,2024,150,,,0,102,,1992,150,,,0
2000002500,'Fête-1-01',517,,4047,100,,,0,26,,4016,150,,,0,76,,4032,150,,,0,83,,4017,150,,,0,27,,4033,150,,,0,77,,4018,150,,,0,40,,4034,150,,,0,80,,4019,150,,,0,30,,4035,150,,,0,80,,4020,150,,,0,80,,4036,150,,,0,37,,4021,150,,,0,70,,4015,150,,,0,33,,4022,150,,,0,81,,4037,150,,,0,78,,4023,150,,,0,86,,4038,150,,,0,45,,4024,150,,,0,79,,4039,150,,,0,31,,4025,150,,,0,74,,4040,150,,,0,84,,4026,150,,,0,40,,4041,150,,,0,84,,4027,150,,,0,80,,4042,150,,,0,90,,4028,150,,,0,41,,4043,150,,,0,76,,4029,150,,,0,76,,4044,150,,,0,32,,4030,150,,,0,72,,4045,150,,,0,111,,4031,150,,,0,96,,4046,150,,,0
2000002500,'Samedi-01',517,,2121,100,,,0,26,,2090,150,,,0,76,,2106,150,,,0,83,,2091,150,,,0,27,,2107,150,,,0,77,,2092,150,,,0,40,,2108,150,,,0,80,,2093,150,,,0,30,,2109,150,,,0,80,,2094,150,,,0,80,,2110,150,,,0,37,,2095,150,,,0,70,,2089,150,,,0,33,,2096,150,,,0,81,,2111,150,,,0,78,,2097,150,,,0,86,,2112,150,,,0,45,,2098,150,,,0,79,,2113,150,,,0,31,,2099,150,,,0,74,,2114,150,,,0,84,,2100,150,,,0,40,,2115,150,,,0,84,,2101,150,,,0,80,,2116,150,,,0,90,,2102,150,,,0,41,,2117,150,,,0,76,,2103,150,,,0,76,,2118,150,,,0,32,,2104,150,,,0,72,,2119,150,,,0,111,,2105,150,,,0,96,,2120,150,,,0
2000002500,'Semaine-01',550,,2123,100,,,0,76,,2124,150,,,0,80,,2125,150,,,0,40,,2122,150,,,0,80,,2126,150,,,0,80,,2127,150,,,0,40,,2128,150,,,0,80,,2129,150,,,0,81,,2130,150,,,0,42,,2131,150,,,0,83,,2132,150,,,0,83,,2133,150,,,0,43,,2134,150,,,0,82,,2135,150,,,0,82,,2136,150,,,0,85,,2137,150,,,0,45,,2138,150,,,0,86,,2139,150,,,0,85,,2140,150,,,0,85,,2141,150,,,0,42,,2142,150,,,0,82,,2143,150,,,0,79,,2144,150,,,0,40,,2145,150,,,0,80,,2146,150,,,0,80,,2147,150,,,0,40,,2148,150,,,0,80,,2149,150,,,0,20,,2150,150,,,0,70,,2151,150,,,0,82,,2152,150,,,0
2000002500,'Semaine-02',550,,4049,100,,,0,76,,4050,150,,,0,80,,4051,150,,,0,40,,4048,150,,,0,80,,4052,150,,,0,80,,4053,150,,,0,40,,4054,150,,,0,80,,4055,150,,,0,81,,4056,150,,,0,42,,4057,150,,,0,83,,4058,150,,,0,83,,4059,150,,,0,43,,4060,150,,,0,82,,4061,150,,,0,82,,4062,150,,,0,85,,4063,150,,,0,45,,4064,150,,,0,86,,4065,150,,,0,85,,4066,150,,,0,85,,4067,150,,,0,42,,4068,150,,,0,82,,4069,150,,,0,79,,4070,150,,,0,40,,4071,150,,,0,80,,4072,150,,,0,80,,4073,150,,,0,40,,4074,150,,,0,80,,4075,150,,,0,20,,4076,150,,,0,70,,4077,150,,,0,82,,4078,150,,,0
2000002500,'Semaine-03',550,,4080,100,,,0,76,,4081,150,,,0,80,,4082,150,,,0,40,,4079,150,,,0,80,,4083,150,,,0,80,,4084,150,,,0,40,,4085,150,,,0,80,,4086,150,,,0,81,,4087,150,,,0,42,,4088,150,,,0,83,,4089,150,,,0,83,,4090,150,,,0,43,,4091,150,,,0,82,,4092,150,,,0,82,,4093,150,,,0,85,,4094,150,,,0,45,,4095,150,,,0,86,,4096,150,,,0,85,,4097,150,,,0,85,,4098,150,,,0,42,,4099,150,,,0,82,,4100,150,,,0,79,,4101,150,,,0,40,,4102,150,,,0,80,,4103,150,,,0,80,,4104,150,,,0,40,,4105,150,,,0,80,,4106,150,,,0,20,,4107,150,,,0,70,,4108,150,,,0,82,,4109,150,,,0
