100,'Dimanche-01',609,,12,260,,,0,200,,1,260,,,0,125,,2,260,,,0,170,,3,260,,,0,125,,4,260,,,0,124,,5,260,,,0,160,,6,260,,,0,120,,7,260,,,0,124,,8,260,,,0,175,,9,260,,,0,115,,10,260,,,0,155,,11,260,,,0
100,'Fête-1-01',609,,2637,260,,,0,200,,2626,260,,,0,125,,2627,260,,,0,170,,2628,260,,,0,125,,2629,260,,,0,124,,2630,260,,,0,160,,2631,260,,,0,120,,2632,260,,,0,124,,2633,260,,,0,175,,2634,260,,,0,115,,2635,260,,,0,155,,2636,260,,,0
100,'Samedi-01',609,,54,260,,,0,200,,43,260,,,0,125,,44,260,,,0,170,,45,260,,,0,125,,46,260,,,0,124,,47,260,,,0,160,,48,260,,,0,120,,49,260,,,0,124,,50,260,,,0,175,,51,260,,,0,115,,52,260,,,0,155,,53,260,,,0
100,'Semaine-01',453,,55,260,,,0,103,,56,260,,,0,65,,57,260,,,0,81,,58,260,,,0,119,,59,260,,,0,105,,62,260,,,0,94,,71,260,,,0,101,,63,260,,,0,100,,72,260,,,0,38,,64,260,,,0,142,,65,260,,,0,100,,69,260,,,0,110,,66,260,,,0,35,,67,260,,,0,108,,60,260,,,0,95,,61,260,,,0,173,,70,260,,,0,185,,68,260,,,0
100,'Semaine-02',451,,2638,260,,,0,100,,2639,260,,,0,70,,2640,260,,,0,81,,2641,260,,,0,129,,2642,260,,,0,99,,2645,260,,,0,70,,2654,260,,,0,100,,2646,260,,,0,106,,2655,260,,,0,95,,2647,260,,,0,100,,2648,260,,,0,100,,2652,260,,,0,110,,2649,260,,,0,89,,2650,260,,,0,114,,2643,260,,,0,90,,2644,260,,,0,103,,2653,260,,,0,197,,2651,260,,,0
100,'Semaine-03',453,,2656,260,,,0,103,,2657,260,,,0,65,,2658,260,,,0,81,,2659,260,,,0,119,,2660,260,,,0,105,,2663,260,,,0,94,,2672,260,,,0,101,,2664,260,,,0,100,,2673,260,,,0,38,,2665,260,,,0,142,,2666,260,,,0,100,,2670,260,,,0,110,,2667,260,,,0,35,,2668,260,,,0,108,,2661,260,,,0,95,,2662,260,,,0,173,,2671,260,,,0,185,,2669,260,,,0
2000,'Dimanche-01',719,,146,550,,,0,124,,147,550,,,0,166,,148,550,,,0,125,,149,550,,,0,125,,150,550,,,0,164,,151,550,,,0,125,,152,550,,,0,165,,153,550,,,0
2000,'Fête-1-01',719,,2722,550,,,0,124,,2723,550,,,0,166,,2724,550,,,0,125,,2725,550,,,0,125,,2726,550,,,0,164,,2727,550,,,0,125,,2728,550,,,0,165,,2729,550,,,0
2000,'Samedi-01',719,,171,550,,,0,124,,172,550,,,0,166,,173,550,,,0,125,,174,550,,,0,125,,175,550,,,0,164,,176,550,,,0,125,,177,550,,,0,165,,178,550,,,0
2000,'Semaine-01',703,,179,540,,,0,125,,180,540,,,0,125,,181,540,,,0,166,,182,540,,,0,126,,183,540,,,0,165,,184,540,,,0,126,,185,540,,,0,166,,186,540,,,0,126,,187,540,,,0
2000,'Semaine-01-0001100',1953,,189,540,,,0,164,,188,540,,,0
2000,'Semaine-02',703,,2730,540,,,0,125,,2731,540,,,0,125,,2732,540,,,0,166,,2733,540,,,0,126,,2734,540,,,0,165,,2735,540,,,0,126,,2736,540,,,0,166,,2737,540,,,0,126,,2738,540,,,0
2000,'Semaine-02-0001100',1953,,2740,540,,,0,164,,2739,540,,,0
2000,'Semaine-03',703,,2741,540,,,0,125,,2742,540,,,0,125,,2743,540,,,0,166,,2744,540,,,0,126,,2745,540,,,0,165,,2746,540,,,0,126,,2747,540,,,0,166,,2748,540,,,0,126,,2749,540,,,0
2000,'Semaine-03-0001100',1953,,2751,540,,,0,164,,2750,540,,,0
2800,'Semaine-01',529,,414,90,,,0,85,,413,130,,,0,20,,415,90,,,0
2800,'Semaine-02',529,,2954,90,,,0,85,,2953,130,,,0,15,,2955,90,,,0
2800,'Semaine-03',529,,2966,90,,,0,85,,2965,130,,,0,20,,2967,90,,,0
