2000,'Dimanche-01',713,,146,410,,,0,124,,147,410,,,0,166,,148,410,,,0,125,,149,410,,,0,125,,150,410,,,0,164,,151,410,,,0,125,,152,410,,,0,165,,153,410,,,0
2000,'Fête-1-01',713,,2722,410,,,0,124,,2723,410,,,0,166,,2724,410,,,0,125,,2725,410,,,0,125,,2726,410,,,0,164,,2727,410,,,0,125,,2728,410,,,0,165,,2729,410,,,0
2000,'Samedi-01',713,,171,410,,,0,124,,172,410,,,0,166,,173,410,,,0,125,,174,410,,,0,125,,175,410,,,0,164,,176,410,,,0,125,,177,410,,,0,165,,178,410,,,0
2000,'Semaine-01',656,,179,400,,,0,165,,180,400,,,0,125,,181,400,,,0,166,,182,400,,,0,126,,183,400,,,0,165,,184,400,,,0,126,,185,400,,,0,126,,186,400,,,0,166,,187,400,,,0
2000,'Semaine-01-0001100',1946,,189,400,,,0,164,,188,400,,,0
2000,'Semaine-02',656,,2730,400,,,0,165,,2731,400,,,0,125,,2732,400,,,0,166,,2733,400,,,0,126,,2734,400,,,0,165,,2735,400,,,0,126,,2736,400,,,0,126,,2737,400,,,0,166,,2738,400,,,0
2000,'Semaine-02-0001100',1946,,2740,400,,,0,164,,2739,400,,,0
2000,'Semaine-03',656,,2741,400,,,0,165,,2742,400,,,0,125,,2743,400,,,0,166,,2744,400,,,0,126,,2745,400,,,0,165,,2746,400,,,0,126,,2747,400,,,0,126,,2748,400,,,0,166,,2749,400,,,0
2000,'Semaine-03-0001100',1946,,2751,400,,,0,164,,2750,400,,,0
2000002000,'Dimanche-01',540,,1318,100,0,11 13,0,170,,1319,100,0,11 13,0,44,,1330,130,,,0,86,,1320,100,0,11 13,0,84,,1331,130,,,0,86,,1321,100,0,11 13,0,45,,1332,130,,,0,86,,1322,100,0,11 13,0,85,,1333,130,,,0,85,,1323,100,0,11 13,0,45,,1334,130,,,0,85,,1324,100,0,11 13,0,85,,1335,130,,,0,85,,1325,100,0,11 13,0,45,,1336,130,,,0,85,,1326,100,0,11 13,0,85,,1337,130,,,0,85,,1327,100,0,11 13,0,44,,1338,130,,,0,86,,1328,100,0,11 13,0,84,,1339,130,,,0,86,,1329,100,0,11 13,0,44,,1340,130,,,0,170,,1341,130,,,0
2000002000,'Fête-1-01',540,,3610,100,0,11 13,0,170,,3611,100,0,11 13,0,44,,3622,130,,,0,86,,3612,100,0,11 13,0,84,,3623,130,,,0,86,,3613,100,0,11 13,0,45,,3624,130,,,0,86,,3614,100,0,11 13,0,85,,3625,130,,,0,85,,3615,100,0,11 13,0,45,,3626,130,,,0,85,,3616,100,0,11 13,0,85,,3627,130,,,0,85,,3617,100,0,11 13,0,45,,3628,130,,,0,85,,3618,100,0,11 13,0,85,,3629,130,,,0,85,,3619,100,0,11 13,0,44,,3630,130,,,0,86,,3620,100,0,11 13,0,84,,3631,130,,,0,86,,3621,100,0,11 13,0,44,,3632,130,,,0,170,,3633,130,,,0
2000002000,'Samedi-01',540,,1397,100,0,11 13,0,170,,1398,100,0,11 13,0,44,,1409,130,,,0,86,,1399,100,0,11 13,0,84,,1410,130,,,0,86,,1400,100,0,11 13,0,45,,1411,130,,,0,86,,1401,100,0,11 13,0,85,,1412,130,,,0,85,,1402,100,0,11 13,0,45,,1413,130,,,0,85,,1403,100,0,11 13,0,85,,1414,130,,,0,85,,1404,100,0,11 13,0,45,,1415,130,,,0,85,,1405,100,0,11 13,0,85,,1416,130,,,0,85,,1406,100,0,11 13,0,44,,1417,130,,,0,86,,1407,100,0,11 13,0,84,,1418,130,,,0,86,,1408,100,0,11 13,0,44,,1419,130,,,0,170,,1420,130,,,0
2000002000,'Semaine-01',445,,1422,100,0,11 13,0,79,,1421,100,0,11 13,0,25,,1423,150,0,11 13,0,64,,1424,100,0,11 13,0,41,,1440,150,,,0,98,,1441,150,,,0,60,,1442,130,,,0,99,,1427,100,0,11 13,0,31,,1443,130,,,0,69,,1428,100,0,11 13,0,34,,1444,130,,,0,66,,1429,100,0,11 13,0,34,,1445,130,,,0,61,,1430,100,0,11 13,0,34,,1446,130,,,0,61,,1431,100,0,11 13,0,43,,1447,130,,,0,67,,1432,100,0,11 13,0,43,,1448,150,,,0,63,,1433,150,0,11 13,0,24,,1449,130,,,0,70,,1434,100,0,11 13,0,37,,1450,150,,,0,97,,1451,130,,,0,100,,1438,130,,,0,74,,1437,130,,,0,93,,1436,130,,,0,93,,1435,130,,,0,50,,1439,100,0,11 13,0,73,,1426,130,,,0,179,,1425,130,,,0
2000002000,'Semaine-02',445,,3635,100,0,11 13,0,79,,3634,100,0,11 13,0,25,,3636,150,0,11 13,0,64,,3637,100,0,11 13,0,41,,3653,150,,,0,98,,3654,150,,,0,60,,3655,130,,,0,99,,3640,100,0,11 13,0,31,,3656,130,,,0,69,,3641,100,0,11 13,0,34,,3657,130,,,0,66,,3642,100,0,11 13,0,34,,3658,130,,,0,61,,3643,100,0,11 13,0,34,,3659,130,,,0,61,,3644,100,0,11 13,0,43,,3660,130,,,0,67,,3645,100,0,11 13,0,43,,3661,150,,,0,63,,3646,150,0,11 13,0,24,,3662,130,,,0,70,,3647,100,0,11 13,0,37,,3663,150,,,0,97,,3664,130,,,0,100,,3651,130,,,0,74,,3650,130,,,0,93,,3649,130,,,0,93,,3648,130,,,0,50,,3652,100,0,11 13,0,73,,3639,130,,,0,179,,3638,130,,,0
2000002000,'Semaine-03',445,,3666,100,0,11 13,0,79,,3665,100,0,11 13,0,25,,3667,150,0,11 13,0,64,,3668,100,0,11 13,0,41,,3684,150,,,0,98,,3685,150,,,0,60,,3686,130,,,0,99,,3671,100,0,11 13,0,31,,3687,130,,,0,69,,3672,100,0,11 13,0,34,,3688,130,,,0,66,,3673,100,0,11 13,0,34,,3689,130,,,0,61,,3674,100,0,11 13,0,34,,3690,130,,,0,61,,3675,100,0,11 13,0,43,,3691,130,,,0,67,,3676,100,0,11 13,0,43,,3692,150,,,0,63,,3677,150,0,11 13,0,24,,3693,130,,,0,70,,3678,100,0,11 13,0,37,,3694,150,,,0,97,,3695,130,,,0,100,,3682,130,,,0,74,,3681,130,,,0,93,,3680,130,,,0,93,,3679,130,,,0,50,,3683,100,0,11 13,0,73,,3670,130,,,0,179,,3669,130,,,0
