2501,'Semaine-01',1604,,355,280,,,0,40,,356,280,,,0,74,,357,280,,,0,39,,358,280,,,0,80,,359,280,,,0,68,,360,280,,,0
2501,'Semaine-02',1604,,2899,280,,,0,40,,2900,280,,,0,74,,2901,280,,,0,39,,2902,280,,,0,75,,2903,280,,,0,73,,2904,280,,,0
2501,'Semaine-03',1604,,2905,280,,,0,40,,2906,280,,,0,74,,2907,280,,,0,39,,2908,280,,,0,80,,2909,280,,,0,68,,2910,280,,,0
2600,'Semaine-01',504,,364,80,,,0
2600,'Semaine-02',504,,2912,80,,,0
2600,'Semaine-03',504,,2914,80,,,0
2000002500,'Dimanche-01',530,,1991,110,,,0,87,,1993,160,,,0,38,,1994,160,,,0,75,,1995,160,,,0,28,,1996,160,,,0,74,,1997,160,,,0,78,,1998,160,,,0,37,,1999,160,,,0,76,,2000,160,,,0,32,,2001,160,,,0,85,,2002,160,,,0,85,,2003,160,,,0,95,,2004,160,,,0,23,,2005,160,,,0,62,,2006,160,,,0,45,,2007,160,,,0,80,,2008,160,,,0,80,,2009,160,,,0,40,,2010,160,,,0,75,,2011,160,,,0,81,,2012,160,,,0,39,,2013,160,,,0,80,,2014,160,,,0,30,,2015,160,,,0,75,,2016,160,,,0,75,,2017,160,,,0,35,,2018,160,,,0,75,,2019,160,,,0,35,,2020,160,,,0,70,,2021,160,,,0,35,,2022,160,,,0,75,,2023,160,,,0,76,,2024,160,,,0,102,,1992,160,,,0
2000002500,'Fête-1-01',517,,4047,110,,,0,26,,4016,160,,,0,76,,4032,160,,,0,83,,4017,160,,,0,27,,4033,160,,,0,77,,4018,160,,,0,40,,4034,160,,,0,80,,4019,160,,,0,30,,4035,160,,,0,80,,4020,160,,,0,80,,4036,160,,,0,37,,4021,160,,,0,70,,4015,160,,,0,33,,4022,160,,,0,81,,4037,160,,,0,78,,4023,160,,,0,86,,4038,160,,,0,45,,4024,160,,,0,79,,4039,160,,,0,31,,4025,160,,,0,74,,4040,160,,,0,84,,4026,160,,,0,40,,4041,160,,,0,84,,4027,160,,,0,80,,4042,160,,,0,90,,4028,160,,,0,41,,4043,160,,,0,76,,4029,160,,,0,76,,4044,160,,,0,32,,4030,160,,,0,72,,4045,160,,,0,111,,4031,160,,,0,96,,4046,160,,,0
2000002500,'Samedi-01',517,,2121,110,,,0,26,,2090,160,,,0,76,,2106,160,,,0,83,,2091,160,,,0,27,,2107,160,,,0,77,,2092,160,,,0,40,,2108,160,,,0,80,,2093,160,,,0,30,,2109,160,,,0,80,,2094,160,,,0,80,,2110,160,,,0,37,,2095,160,,,0,70,,2089,160,,,0,33,,2096,160,,,0,81,,2111,160,,,0,78,,2097,160,,,0,86,,2112,160,,,0,45,,2098,160,,,0,79,,2113,160,,,0,31,,2099,160,,,0,74,,2114,160,,,0,84,,2100,160,,,0,40,,2115,160,,,0,84,,2101,160,,,0,80,,2116,160,,,0,90,,2102,160,,,0,41,,2117,160,,,0,76,,2103,160,,,0,76,,2118,160,,,0,32,,2104,160,,,0,72,,2119,160,,,0,111,,2105,160,,,0,96,,2120,160,,,0
2000002500,'Semaine-01',550,,2123,110,,,0,76,,2124,160,,,0,80,,2125,160,,,0,40,,2122,160,,,0,80,,2126,160,,,0,80,,2127,160,,,0,40,,2128,160,,,0,80,,2129,160,,,0,81,,2130,160,,,0,42,,2131,160,,,0,83,,2132,160,,,0,83,,2133,160,,,0,43,,2134,160,,,0,82,,2135,160,,,0,82,,2136,160,,,0,85,,2137,160,,,0,45,,2138,160,,,0,86,,2139,160,,,0,85,,2140,160,,,0,85,,2141,160,,,0,42,,2142,160,,,0,82,,2143,160,,,0,79,,2144,160,,,0,40,,2145,160,,,0,80,,2146,160,,,0,80,,2147,160,,,0,40,,2148,160,,,0,80,,2149,160,,,0,20,,2150,160,,,0,70,,2151,160,,,0,82,,2152,160,,,0
2000002500,'Semaine-02',550,,4049,110,,,0,76,,4050,160,,,0,80,,4051,160,,,0,40,,4048,160,,,0,80,,4052,160,,,0,80,,4053,160,,,0,40,,4054,160,,,0,80,,4055,160,,,0,81,,4056,160,,,0,42,,4057,160,,,0,83,,4058,160,,,0,83,,4059,160,,,0,43,,4060,160,,,0,82,,4061,160,,,0,82,,4062,160,,,0,85,,4063,160,,,0,45,,4064,160,,,0,86,,4065,160,,,0,85,,4066,160,,,0,85,,4067,160,,,0,42,,4068,160,,,0,82,,4069,160,,,0,79,,4070,160,,,0,40,,4071,160,,,0,80,,4072,160,,,0,80,,4073,160,,,0,40,,4074,160,,,0,80,,4075,160,,,0,20,,4076,160,,,0,70,,4077,160,,,0,82,,4078,160,,,0
2000002500,'Semaine-03',550,,4080,110,,,0,76,,4081,160,,,0,80,,4082,160,,,0,40,,4079,160,,,0,80,,4083,160,,,0,80,,4084,160,,,0,40,,4085,160,,,0,80,,4086,160,,,0,81,,4087,160,,,0,42,,4088,160,,,0,83,,4089,160,,,0,83,,4090,160,,,0,43,,4091,160,,,0,82,,4092,160,,,0,82,,4093,160,,,0,85,,4094,160,,,0,45,,4095,160,,,0,86,,4096,160,,,0,85,,4097,160,,,0,85,,4098,160,,,0,42,,4099,160,,,0,82,,4100,160,,,0,79,,4101,160,,,0,40,,4102,160,,,0,80,,4103,160,,,0,80,,4104,160,,,0,40,,4105,160,,,0,80,,4106,160,,,0,20,,4107,160,,,0,70,,4108,160,,,0,82,,4109,160,,,0
