101,'Dimanche-01',741,,73,300,,,0,206,,74,300,,,0,171,,75,300,,,0,133,,76,300,,,0,167,,77,300,,,0,120,,78,300,,,0,120,,79,300,,,0,160,,80,300,,,0,117,,81,300,,,0,174,,82,300,,,0,114,,83,300,,,0,113,,84,300,,,0
101,'Fête-1-01',741,,2674,300,,,0,206,,2675,300,,,0,171,,2676,300,,,0,133,,2677,300,,,0,167,,2678,300,,,0,120,,2679,300,,,0,120,,2680,300,,,0,160,,2681,300,,,0,117,,2682,300,,,0,174,,2683,300,,,0,114,,2684,300,,,0,113,,2685,300,,,0
101,'Samedi-01',741,,115,300,,,0,206,,116,300,,,0,171,,117,300,,,0,133,,118,300,,,0,167,,119,300,,,0,120,,120,300,,,0,120,,121,300,,,0,160,,122,300,,,0,117,,123,300,,,0,174,,124,300,,,0,114,,125,300,,,0,113,,126,300,,,0
101,'Semaine-01',640,,127,300,,,0,101,,136,300,,,0,70,,138,300,,,0,90,,139,300,,,0,111,,140,300,,,0,105,,141,300,,,0,95,,143,300,,,0,104,,142,300,,,0,106,,144,300,,,0,81,,128,300,,,0,103,,129,300,,,0,96,,130,300,,,0,107,,131,300,,,0,34,,132,300,,,0,103,,133,300,,,0,83,,134,300,,,0,173,,135,300,,,0,135,,137,300,,,0
101,'Semaine-02',635,,2686,300,,,0,101,,2695,300,,,0,70,,2697,300,,,0,100,,2698,300,,,0,106,,2699,300,,,0,95,,2700,300,,,0,100,,2702,300,,,0,99,,2701,300,,,0,111,,2703,300,,,0,86,,2687,300,,,0,108,,2688,300,,,0,91,,2689,300,,,0,107,,2690,300,,,0,29,,2691,300,,,0,69,,2692,300,,,0,108,,2693,300,,,0,142,,2694,300,,,0,190,,2696,300,,,0
101,'Semaine-03',640,,2704,300,,,0,101,,2713,300,,,0,70,,2715,300,,,0,90,,2716,300,,,0,111,,2717,300,,,0,105,,2718,300,,,0,95,,2720,300,,,0,104,,2719,300,,,0,106,,2721,300,,,0,81,,2705,300,,,0,103,,2706,300,,,0,96,,2707,300,,,0,107,,2708,300,,,0,34,,2709,300,,,0,103,,2710,300,,,0,83,,2711,300,,,0,173,,2712,300,,,0,135,,2714,300,,,0
2301,'Semaine-01',1602,,310,310,,,0,25,,311,310,,,0,30,,312,310,,,0,70,,313,310,,,0,28,,314,310,,,0,69,,315,310,,,0,29,,316,310,,,0
2301,'Semaine-02',1602,,2852,310,,,0,25,,2853,310,,,0,30,,2854,310,,,0,70,,2855,310,,,0,23,,2856,310,,,0,74,,2857,310,,,0,29,,2858,310,,,0
2301,'Semaine-03',1602,,2859,310,,,0,25,,2860,310,,,0,30,,2861,310,,,0,70,,2862,310,,,0,28,,2863,310,,,0,69,,2864,310,,,0,29,,2865,310,,,0
2801,'Semaine-01',1407,,445,240,4,,0,150,,451,240,4,,0,56,,454,240,4,,0,15,,458,240,4,,0,17,,455,240,4,,0,55,,443,240,0,7,0,10,,457,240,4,,0,10,,446,240,4,,0,9,,447,240,4,,0,10,,442,240,,,0,10,,448,240,4,,0,8,,449,240,4,,0,50,,444,240,0,7,0,14,,450,240,4,,0,10,,452,240,4,,0,25,,453,240,4,,0
2801,'Semaine-02',1417,,2982,240,4,,0,190,,2986,240,4,,0,16,,2989,240,4,,0,15,,2992,240,4,,0,7,,2980,240,0,7,0,65,,2990,240,4,,0,15,,2991,240,4,,0,14,,2983,240,4,,0,5,,2979,240,,,0,63,,2984,240,4,,0,4,,2981,240,0,7,0,25,,2985,240,4,,0,10,,2987,240,4,,0,60,,2988,240,4,,0
2801,'Semaine-03',1407,,2996,240,4,,0,150,,3002,240,4,,0,56,,3005,240,4,,0,15,,3008,240,4,,0,17,,3006,240,4,,0,55,,2994,240,0,7,0,10,,3007,240,4,,0,10,,2997,240,4,,0,9,,2998,240,4,,0,10,,2993,240,,,0,10,,2999,240,4,,0,8,,3000,240,4,,0,50,,2995,240,0,7,0,14,,3001,240,4,,0,10,,3003,240,4,,0,25,,3004,240,4,,0
3300,'Dimanche-01',548,,682,180,,,0,82,,680,180,,,0,90,,691,180,,,0,81,,701,180,,,0,43,,703,180,,,0,93,,704,180,,,0,80,,705,180,,,0,40,,706,180,,,0,80,,707,180,,,0,80,,683,180,,,0,40,,684,180,,,0,79,,685,180,,,0,80,,686,180,,,0,40,,687,180,,,0,79,,688,180,,,0,79,,689,180,,,0,39,,690,180,,,0,79,,692,180,,,0,79,,693,180,,,0,40,,694,180,,,0,87,,695,180,,,0,85,,696,180,,,0,86,,697,180,,,0,47,,698,180,,,0,86,,699,180,,,0,83,,700,180,,,0,88,,681,180,,,0,43,,702,180,,,0,159,,708,180,0,8 6,0
3300,'Fête-1-01',608,,3181,180,,,0,41,,3179,180,,,0,81,,3190,180,,,0,82,,3200,180,,,0,42,,3202,180,,,0,84,,3203,180,,,0,81,,3204,180,,,0,82,,3205,180,,,0,42,,3206,180,,,0,82,,3182,180,,,0,82,,3183,180,,,0,42,,3184,180,,,0,82,,3185,180,,,0,82,,3186,180,,,0,42,,3187,180,,,0,82,,3188,180,,,0,82,,3189,180,,,0,85,,3191,180,,,0,39,,3192,180,,,0,82,,3193,180,,,0,82,,3194,180,,,0,39,,3195,180,,,0,82,,3196,180,,,0,81,,3197,180,,,0,42,,3198,180,,,0,83,,3199,180,,,0,86,,3201,180,,,0,86,,3180,180,,,0,113,,3207,180,0,8 6,0
3300,'Samedi-01',608,,769,180,,,0,41,,767,180,,,0,81,,778,180,,,0,82,,788,180,,,0,42,,790,180,,,0,84,,791,180,,,0,81,,792,180,,,0,82,,793,180,,,0,42,,794,180,,,0,82,,770,180,,,0,82,,771,180,,,0,42,,772,180,,,0,82,,773,180,,,0,82,,774,180,,,0,42,,775,180,,,0,82,,776,180,,,0,82,,777,180,,,0,85,,779,180,,,0,39,,780,180,,,0,82,,781,180,,,0,82,,782,180,,,0,39,,783,180,,,0,82,,784,180,,,0,81,,785,180,,,0,42,,786,180,,,0,83,,787,180,,,0,86,,789,180,,,0,86,,768,180,,,0,113,,795,180,0,8 6,0
3300,'Semaine-01',615,,796,180,,,0,40,,824,180,,,0,81,,805,180,,,0,80,,815,180,,,0,40,,818,180,,,0,79,,819,180,,,0,80,,820,180,,,0,42,,821,180,,,0,81,,822,180,,,0,83,,797,180,,,0,83,,798,180,,,0,43,,799,180,,,0,82,,800,180,,,0,83,,801,180,,,0,46,,802,180,,,0,85,,803,180,,,0,85,,804,180,,,0,84,,806,180,,,0,43,,807,180,,,0,83,,808,180,,,0,82,,809,180,,,0,80,,810,180,,,0,40,,811,180,,,0,80,,812,180,,,0,80,,813,180,,,0,40,,814,180,,,0,80,,816,180,,,0,80,,817,180,,,0,56,,823,130,0,8 6,0
3300,'Semaine-02',610,,3208,180,,,0,41,,3236,180,,,0,82,,3217,180,,,0,82,,3227,180,,,0,42,,3230,180,,,0,81,,3231,180,,,0,82,,3232,180,,,0,83,,3233,180,,,0,43,,3234,180,,,0,83,,3209,180,,,0,83,,3210,180,,,0,43,,3211,180,,,0,83,,3212,180,,,0,85,,3213,180,,,0,87,,3214,180,,,0,47,,3215,180,,,0,85,,3216,180,,,0,84,,3218,180,,,0,81,,3219,180,,,0,41,,3220,180,,,0,81,,3221,180,,,0,81,,3222,180,,,0,41,,3223,180,,,0,81,,3224,180,,,0,80,,3225,180,,,0,40,,3226,180,,,0,80,,3228,180,,,0,80,,3229,180,,,0,45,,3235,130,0,8 6,0
3300,'Semaine-03',615,,3237,180,,,0,40,,3265,180,,,0,81,,3246,180,,,0,80,,3256,180,,,0,40,,3259,180,,,0,79,,3260,180,,,0,80,,3261,180,,,0,42,,3262,180,,,0,81,,3263,180,,,0,83,,3238,180,,,0,83,,3239,180,,,0,43,,3240,180,,,0,82,,3241,180,,,0,83,,3242,180,,,0,46,,3243,180,,,0,85,,3244,180,,,0,85,,3245,180,,,0,84,,3247,180,,,0,43,,3248,180,,,0,83,,3249,180,,,0,82,,3250,180,,,0,80,,3251,180,,,0,40,,3252,180,,,0,80,,3253,180,,,0,80,,3254,180,,,0,40,,3255,180,,,0,80,,3257,180,,,0,80,,3258,180,,,0,56,,3264,130,0,8 6,0
