2401,'Semaine-01',1638,,332,40,,,0,85,,333,40,,,0,85,,336,40,,,0,21,,335,40,,,0,24,,334,40,,,0
2401,'Semaine-02',1603,,2877,40,,,0,47,,2878,40,,,0,86,,2881,40,,,0,85,,2880,40,,,0,82,,2879,40,,,0
2401,'Semaine-03',1638,,2882,40,,,0,85,,2883,40,,,0,85,,2886,40,,,0,21,,2885,40,,,0,24,,2884,40,,,0
2501,'Semaine-01',1555,,355,150,,,0,80,,356,150,,,0,74,,357,150,,,0,39,,358,150,,,0,80,,359,150,,,0,28,,360,150,,,0
2501,'Semaine-02',1555,,2899,150,,,0,80,,2900,150,,,0,74,,2901,150,,,0,39,,2902,150,,,0,75,,2903,150,,,0,33,,2904,150,,,0
2501,'Semaine-03',1555,,2905,150,,,0,80,,2906,150,,,0,74,,2907,150,,,0,39,,2908,150,,,0,80,,2909,150,,,0,28,,2910,150,,,0
2701,'Semaine-01',608,,394,40,,,0,40,,395,40,,,0,81,,396,40,,,0,80,,397,40,,,0,744,,401,40,,,0,81,,398,40,,,0,84,,402,40,,,0,86,,399,40,,,0,45,,400,40,,,0
2701,'Semaine-02',602,,2935,40,,,0,41,,2936,40,,,0,83,,2937,40,,,0,82,,2938,40,,,0,799,,2942,40,,,0,44,,2939,40,,,0,86,,2943,40,,,0,80,,2940,40,,,0,84,,2941,40,,,0
2701,'Semaine-03',608,,2944,40,,,0,40,,2945,40,,,0,81,,2946,40,,,0,80,,2947,40,,,0,744,,2951,40,,,0,81,,2948,40,,,0,84,,2952,40,,,0,86,,2949,40,,,0,45,,2950,40,,,0
3200,'Dimanche-01',556,,578,150,,,0,254,,583,150,,,0,223,,586,150,,,0,192,,587,150,,,0,119,,579,150,,,0,162,,589,150,,,0,120,,580,150,,,0,119,,582,150,,,0,158,,581,150,,,0,215,,584,150,,,0,216,,585,150,,,0,213,,588,150,0,6,0
3200,'Fête-1-01',527,,3103,30,,,0,181,,3109,150,,,0,37,,3104,150,,,0,160,,3112,150,,,0,123,,3113,150,,,0,124,,3114,150,,,0,164,,3105,150,,,0,124,,3116,150,,,0,164,,3106,150,,,0,128,,3107,150,,,0,120,,3108,150,,,0,276,,3110,150,,,0,216,,3111,150,,,0,208,,3115,150,0,6,0
3200,'Samedi-01',527,,635,30,,,0,181,,641,150,,,0,37,,636,150,,,0,160,,644,150,,,0,123,,645,150,,,0,124,,646,150,,,0,164,,637,150,,,0,124,,648,150,,,0,164,,638,150,,,0,128,,639,150,,,0,120,,640,150,,,0,276,,642,150,,,0,216,,643,150,,,0,208,,647,150,0,6,0
3200,'Semaine-01',624,,674,150,,,0,80,,649,150,,,0,39,,677,150,,,0,79,,660,150,,,0,80,,668,150,,,0,42,,669,150,,,0,81,,670,150,,,0,81,,671,150,,,0,43,,672,150,,,0,83,,673,150,,,0,83,,650,150,,,0,42,,651,150,,,0,82,,652,150,,,0,85,,676,150,,,0,85,,654,150,,,0,44,,655,150,,,0,86,,656,150,,,0,85,,657,150,,,0,82,,658,150,,,0,43,,659,150,,,0,81,,661,150,,,0,80,,662,150,,,0,40,,663,150,,,0,80,,664,150,,,0,80,,665,150,,,0,41,,666,150,,,0,80,,667,150,,,0,112,,675,150,0,6,0
3200,'Semaine-02',623,,3142,150,,,0,81,,3117,150,,,0,41,,3145,150,,,0,81,,3128,150,,,0,84,,3136,150,,,0,42,,3137,150,,,0,82,,3138,150,,,0,83,,3139,150,,,0,83,,3140,150,,,0,43,,3141,150,,,0,83,,3118,150,,,0,83,,3119,150,,,0,44,,3120,150,,,0,86,,3144,150,,,0,87,,3122,150,,,0,86,,3123,150,,,0,45,,3124,150,,,0,82,,3125,150,,,0,81,,3126,150,,,0,81,,3127,150,,,0,42,,3129,150,,,0,81,,3130,150,,,0,81,,3131,150,,,0,40,,3132,150,,,0,81,,3133,150,,,0,80,,3134,150,,,0,40,,3135,150,,,0,98,,3143,150,0,6,0
3200,'Semaine-03',624,,3173,150,,,0,80,,3148,150,,,0,39,,3176,150,,,0,79,,3159,150,,,0,80,,3167,150,,,0,42,,3168,150,,,0,81,,3169,150,,,0,81,,3170,150,,,0,43,,3171,150,,,0,83,,3172,150,,,0,83,,3149,150,,,0,42,,3150,150,,,0,82,,3151,150,,,0,85,,3175,150,,,0,85,,3153,150,,,0,44,,3154,150,,,0,86,,3155,150,,,0,85,,3156,150,,,0,82,,3157,150,,,0,43,,3158,150,,,0,81,,3160,150,,,0,80,,3161,150,,,0,40,,3162,150,,,0,80,,3163,150,,,0,80,,3164,150,,,0,41,,3165,150,,,0,80,,3166,150,,,0,112,,3174,150,0,6,0
