2400,'Semaine-01',610,,322,210,,,0,22,,323,210,,,0,74,,324,210,,,0,52,,326,210,,,0,74,,327,210,,,0,80,,325,210,,,0
2400,'Semaine-02',554,,2866,210,,,0,78,,2867,210,,,0,81,,2868,210,,,0,42,,2869,210,,,0,82,,2870,210,,,0
2400,'Semaine-03',610,,2871,210,,,0,22,,2872,210,,,0,74,,2873,210,,,0,52,,2875,210,,,0,74,,2876,210,,,0,80,,2874,210,,,0
2500,'Semaine-01',600,,346,250,,,0,34,,343,270,,,0,21,,347,250,,,0,69,,344,270,,,0,26,,348,250,,,0,69,,345,270,,,0
2500,'Semaine-02',600,,2890,250,,,0,34,,2887,270,,,0,21,,2891,250,,,0,72,,2888,270,,,0,23,,2892,250,,,0,69,,2889,270,,,0
2500,'Semaine-03',600,,2896,250,,,0,34,,2893,270,,,0,21,,2897,250,,,0,69,,2894,270,,,0,26,,2898,250,,,0,69,,2895,270,,,0
2700,'Semaine-01',553,,375,170,,,0,80,,376,170,,,0,80,,377,170,,,0,40,,378,170,,,0,80,,379,170,,,0,786,,380,170,,,0,83,,381,170,,,0,46,,382,170,,,0,84,,383,170,,,0,86,,384,170,,,0
2700,'Semaine-02',548,,2915,170,,,0,79,,2916,170,,,0,81,,2917,170,,,0,42,,2918,170,,,0,82,,2919,170,,,0,799,,2920,170,,,0,86,,2921,170,,,0,85,,2922,170,,,0,40,,2923,170,,,0,84,,2924,170,,,0
2700,'Semaine-03',553,,2925,170,,,0,80,,2926,170,,,0,80,,2927,170,,,0,40,,2928,170,,,0,80,,2929,170,,,0,786,,2930,170,,,0,83,,2931,170,,,0,46,,2932,170,,,0,84,,2933,170,,,0,86,,2934,170,,,0
3100,'Dimanche-01',721,,492,310,,,0,218,,493,310,,,0,278,,491,310,,,0,123,,484,310,,,0,160,,485,310,,,0,118,,486,310,,,0,118,,487,310,,,0,119,,488,310,,,0,167,,489,310,,,0,221,,483,310,,,0,215,,490,310,,,0
3100,'Fête-1-01',610,,3034,310,,,0,43,,3045,310,,,0,204,,3046,310,,,0,165,,3043,310,,,0,124,,3033,310,,,0,164,,3044,310,,,0,124,,3035,310,,,0,124,,3036,310,,,0,164,,3037,310,,,0,124,,3038,310,,,0,164,,3039,310,,,0,27,,3040,310,,,0,216,,3041,310,,,0,255,,3042,310,,,0
3100,'Samedi-01',610,,537,310,,,0,43,,548,310,,,0,204,,549,310,,,0,165,,546,310,,,0,124,,536,310,,,0,164,,547,310,,,0,124,,538,310,,,0,124,,539,310,,,0,164,,540,310,,,0,124,,541,310,,,0,164,,542,310,,,0,27,,543,310,,,0,216,,544,310,,,0,255,,545,310,,,0
3100,'Semaine-01',618,,574,310,,,0,40,,550,310,,,0,80,,560,310,,,0,80,,575,310,,,0,40,,569,310,,,0,80,,570,310,,,0,80,,571,310,,,0,41,,577,310,,,0,83,,572,310,,,0,83,,573,310,,,0,83,,551,310,,,0,43,,552,310,,,0,82,,553,310,,,0,82,,554,310,,,0,85,,555,310,,,0,45,,556,310,,,0,86,,557,310,,,0,85,,558,310,,,0,84,,559,310,,,0,42,,561,310,,,0,82,,562,310,,,0,79,,563,310,,,0,40,,564,310,,,0,79,,565,310,,,0,80,,566,310,,,0,40,,567,310,,,0,80,,568,310,,,0,121,,576,310,0,5 6,0
3100,'Semaine-02',612,,3071,310,,,0,41,,3047,310,,,0,81,,3057,310,,,0,82,,3072,310,,,0,42,,3066,310,,,0,82,,3067,310,,,0,82,,3068,310,,,0,82,,3074,310,,,0,45,,3069,310,,,0,83,,3070,310,,,0,83,,3048,310,,,0,43,,3049,310,,,0,83,,3050,310,,,0,84,,3051,310,,,0,86,,3052,310,,,0,48,,3053,310,,,0,86,,3054,310,,,0,85,,3055,310,,,0,81,,3056,310,,,0,40,,3058,310,,,0,81,,3059,310,,,0,80,,3060,310,,,0,41,,3061,310,,,0,80,,3062,310,,,0,80,,3063,310,,,0,40,,3064,310,,,0,80,,3065,310,,,0,111,,3073,310,0,5 6,0
3100,'Semaine-03',618,,3099,310,,,0,40,,3075,310,,,0,80,,3085,310,,,0,80,,3100,310,,,0,40,,3094,310,,,0,80,,3095,310,,,0,80,,3096,310,,,0,41,,3102,310,,,0,83,,3097,310,,,0,83,,3098,310,,,0,83,,3076,310,,,0,43,,3077,310,,,0,82,,3078,310,,,0,82,,3079,310,,,0,85,,3080,310,,,0,45,,3081,310,,,0,86,,3082,310,,,0,85,,3083,310,,,0,84,,3084,310,,,0,42,,3086,310,,,0,82,,3087,310,,,0,79,,3088,310,,,0,40,,3089,310,,,0,79,,3090,310,,,0,80,,3091,310,,,0,40,,3092,310,,,0,80,,3093,310,,,0,121,,3101,310,0,5 6,0
