101,'Dimanche-01',809,,73,730,,,0,206,,74,730,,,0,131,,75,730,,,0,173,,76,730,,,0,127,,77,730,,,0,160,,78,730,,,0,120,,79,730,,,0,120,,80,730,,,0,157,,81,730,,,0,134,,82,730,,,0,114,,83,730,,,0,153,,84,730,,,0
101,'Fête-1-01',809,,2674,730,,,0,206,,2675,730,,,0,131,,2676,730,,,0,173,,2677,730,,,0,127,,2678,730,,,0,160,,2679,730,,,0,120,,2680,730,,,0,120,,2681,730,,,0,157,,2682,730,,,0,134,,2683,730,,,0,114,,2684,730,,,0,153,,2685,730,,,0
101,'Samedi-01',809,,115,730,,,0,206,,116,730,,,0,131,,117,730,,,0,173,,118,730,,,0,127,,119,730,,,0,160,,120,730,,,0,120,,121,730,,,0,120,,122,730,,,0,157,,123,730,,,0,134,,124,730,,,0,114,,125,730,,,0,153,,126,730,,,0
101,'Semaine-01',709,,127,730,,,0,101,,136,730,,,0,30,,138,730,,,0,90,,139,730,,,0,110,,140,730,,,0,105,,141,730,,,0,95,,143,730,,,0,105,,142,730,,,0,106,,144,730,,,0,81,,128,730,,,0,105,,129,730,,,0,96,,130,730,,,0,105,,131,730,,,0,74,,132,730,,,0,103,,133,730,,,0,43,,134,730,,,0,173,,135,730,,,0,173,,137,730,,,0
101,'Semaine-02',704,,2686,730,,,0,101,,2695,730,,,0,30,,2697,730,,,0,100,,2698,730,,,0,105,,2699,730,,,0,95,,2700,730,,,0,100,,2702,730,,,0,100,,2701,730,,,0,111,,2703,730,,,0,86,,2687,730,,,0,110,,2688,730,,,0,91,,2689,730,,,0,105,,2690,730,,,0,69,,2691,730,,,0,29,,2692,730,,,0,108,,2693,730,,,0,182,,2694,730,,,0,188,,2696,730,,,0
101,'Semaine-03',709,,2704,730,,,0,101,,2713,730,,,0,30,,2715,730,,,0,90,,2716,730,,,0,110,,2717,730,,,0,105,,2718,730,,,0,95,,2720,730,,,0,105,,2719,730,,,0,106,,2721,730,,,0,81,,2705,730,,,0,105,,2706,730,,,0,96,,2707,730,,,0,105,,2708,730,,,0,74,,2709,730,,,0,103,,2710,730,,,0,43,,2711,730,,,0,173,,2712,730,,,0,173,,2714,730,,,0
2001,'Dimanche-01',803,,190,560,,,0,124,,191,560,,,0,126,,192,560,,,0,165,,193,560,,,0,125,,194,560,,,0,165,,195,560,,,0,125,,196,560,,,0,125,,197,560,,,0
2001,'Fête-1-01',803,,2752,560,,,0,124,,2753,560,,,0,126,,2754,560,,,0,165,,2755,560,,,0,125,,2756,560,,,0,165,,2757,560,,,0,125,,2758,560,,,0,125,,2759,560,,,0
2001,'Samedi-01',803,,215,560,,,0,124,,216,560,,,0,126,,217,560,,,0,165,,218,560,,,0,125,,219,560,,,0,165,,220,560,,,0,125,,221,560,,,0,125,,222,560,,,0
2001,'Semaine-01',748,,223,550,,,0,166,,224,550,,,0,125,,225,550,,,0,166,,226,550,,,0,126,,227,550,,,0,125,,228,550,,,0,166,,229,550,,,0,126,,230,550,,,0,164,,231,550,,,0
2001,'Semaine-01-0001100',2034,,233,550,,,0,124,,232,550,,,0
2001,'Semaine-02',748,,2760,550,,,0,166,,2761,550,,,0,125,,2762,550,,,0,166,,2763,550,,,0,126,,2764,550,,,0,125,,2765,550,,,0,166,,2766,550,,,0,126,,2767,550,,,0,164,,2768,550,,,0
2001,'Semaine-02-0001100',2034,,2770,550,,,0,124,,2769,550,,,0
2001,'Semaine-03',748,,2771,550,,,0,166,,2772,550,,,0,125,,2773,550,,,0,166,,2774,550,,,0,126,,2775,550,,,0,125,,2776,550,,,0,166,,2777,550,,,0,126,,2778,550,,,0,164,,2779,550,,,0
2001,'Semaine-03-0001100',2034,,2781,550,,,0,124,,2780,550,,,0
2801,'Semaine-01',1801,,442,540,,,0
2801,'Semaine-02',1816,,2979,540,,,0
2801,'Semaine-03',1801,,2993,540,,,0
