2000,'Dimanche-01',710,,146,370,,,0,124,,147,370,,,0,166,,148,370,,,0,125,,149,370,,,0,125,,150,370,,,0,164,,151,370,,,0,125,,152,370,,,0,165,,153,370,,,0
2000,'Fête-1-01',710,,2722,370,,,0,124,,2723,370,,,0,166,,2724,370,,,0,125,,2725,370,,,0,125,,2726,370,,,0,164,,2727,370,,,0,125,,2728,370,,,0,165,,2729,370,,,0
2000,'Samedi-01',710,,171,370,,,0,124,,172,370,,,0,166,,173,370,,,0,125,,174,370,,,0,125,,175,370,,,0,164,,176,370,,,0,125,,177,370,,,0,165,,178,370,,,0
2000,'Semaine-01',653,,179,360,,,0,165,,180,360,,,0,125,,181,360,,,0,166,,182,360,,,0,126,,183,360,,,0,165,,184,360,,,0,126,,185,360,,,0,126,,186,360,,,0,166,,187,360,,,0
2000,'Semaine-01-0001100',1943,,189,360,,,0,164,,188,360,,,0
2000,'Semaine-02',653,,2730,360,,,0,165,,2731,360,,,0,125,,2732,360,,,0,166,,2733,360,,,0,126,,2734,360,,,0,165,,2735,360,,,0,126,,2736,360,,,0,126,,2737,360,,,0,166,,2738,360,,,0
2000,'Semaine-02-0001100',1943,,2740,360,,,0,164,,2739,360,,,0
2000,'Semaine-03',653,,2741,360,,,0,165,,2742,360,,,0,125,,2743,360,,,0,166,,2744,360,,,0,126,,2745,360,,,0,165,,2746,360,,,0,126,,2747,360,,,0,126,,2748,360,,,0,166,,2749,360,,,0
2000,'Semaine-03-0001100',1943,,2751,360,,,0,164,,2750,360,,,0
2000002000,'Dimanche-01',535,,1318,50,0,11 13,0,170,,1319,50,0,11 13,0,44,,1330,80,,,0,86,,1320,50,0,11 13,0,84,,1331,80,,,0,86,,1321,50,0,11 13,0,45,,1332,80,,,0,86,,1322,50,0,11 13,0,85,,1333,80,,,0,85,,1323,50,0,11 13,0,45,,1334,80,,,0,85,,1324,50,0,11 13,0,85,,1335,80,,,0,85,,1325,50,0,11 13,0,45,,1336,80,,,0,85,,1326,50,0,11 13,0,85,,1337,80,,,0,85,,1327,50,0,11 13,0,44,,1338,80,,,0,86,,1328,50,0,11 13,0,84,,1339,80,,,0,86,,1329,50,0,11 13,0,44,,1340,80,,,0,170,,1341,80,,,0
2000002000,'Fête-1-01',535,,3610,50,0,11 13,0,170,,3611,50,0,11 13,0,44,,3622,80,,,0,86,,3612,50,0,11 13,0,84,,3623,80,,,0,86,,3613,50,0,11 13,0,45,,3624,80,,,0,86,,3614,50,0,11 13,0,85,,3625,80,,,0,85,,3615,50,0,11 13,0,45,,3626,80,,,0,85,,3616,50,0,11 13,0,85,,3627,80,,,0,85,,3617,50,0,11 13,0,45,,3628,80,,,0,85,,3618,50,0,11 13,0,85,,3629,80,,,0,85,,3619,50,0,11 13,0,44,,3630,80,,,0,86,,3620,50,0,11 13,0,84,,3631,80,,,0,86,,3621,50,0,11 13,0,44,,3632,80,,,0,170,,3633,80,,,0
2000002000,'Samedi-01',535,,1397,50,0,11 13,0,170,,1398,50,0,11 13,0,44,,1409,80,,,0,86,,1399,50,0,11 13,0,84,,1410,80,,,0,86,,1400,50,0,11 13,0,45,,1411,80,,,0,86,,1401,50,0,11 13,0,85,,1412,80,,,0,85,,1402,50,0,11 13,0,45,,1413,80,,,0,85,,1403,50,0,11 13,0,85,,1414,80,,,0,85,,1404,50,0,11 13,0,45,,1415,80,,,0,85,,1405,50,0,11 13,0,85,,1416,80,,,0,85,,1406,50,0,11 13,0,44,,1417,80,,,0,86,,1407,50,0,11 13,0,84,,1418,80,,,0,86,,1408,50,0,11 13,0,44,,1419,80,,,0,170,,1420,80,,,0
2000002000,'Semaine-01',440,,1422,50,0,11 13,0,79,,1421,50,0,11 13,0,17,,1423,80,0,11 13,0,72,,1424,50,0,11 13,0,33,,1440,80,,,0,98,,1441,80,,,0,68,,1442,80,,,0,99,,1427,50,0,11 13,0,31,,1443,80,,,0,69,,1428,50,0,11 13,0,34,,1444,80,,,0,66,,1429,50,0,11 13,0,34,,1445,80,,,0,61,,1430,50,0,11 13,0,34,,1446,80,,,0,21,,1431,50,0,11 13,0,83,,1447,80,,,0,67,,1432,50,0,11 13,0,35,,1448,80,,,0,63,,1433,80,0,11 13,0,32,,1449,80,,,0,70,,1434,50,0,11 13,0,29,,1450,80,,,0,105,,1451,80,,,0,100,,1438,80,,,0,74,,1437,80,,,0,93,,1436,80,,,0,93,,1435,80,,,0,50,,1439,50,0,11 13,0,73,,1426,80,,,0,179,,1425,80,,,0
2000002000,'Semaine-02',440,,3635,50,0,11 13,0,79,,3634,50,0,11 13,0,17,,3636,80,0,11 13,0,72,,3637,50,0,11 13,0,33,,3653,80,,,0,98,,3654,80,,,0,68,,3655,80,,,0,99,,3640,50,0,11 13,0,31,,3656,80,,,0,69,,3641,50,0,11 13,0,34,,3657,80,,,0,66,,3642,50,0,11 13,0,34,,3658,80,,,0,61,,3643,50,0,11 13,0,34,,3659,80,,,0,21,,3644,50,0,11 13,0,83,,3660,80,,,0,67,,3645,50,0,11 13,0,35,,3661,80,,,0,63,,3646,80,0,11 13,0,32,,3662,80,,,0,70,,3647,50,0,11 13,0,29,,3663,80,,,0,105,,3664,80,,,0,100,,3651,80,,,0,74,,3650,80,,,0,93,,3649,80,,,0,93,,3648,80,,,0,50,,3652,50,0,11 13,0,73,,3639,80,,,0,179,,3638,80,,,0
2000002000,'Semaine-03',440,,3666,50,0,11 13,0,79,,3665,50,0,11 13,0,17,,3667,80,0,11 13,0,72,,3668,50,0,11 13,0,33,,3684,80,,,0,98,,3685,80,,,0,68,,3686,80,,,0,99,,3671,50,0,11 13,0,31,,3687,80,,,0,69,,3672,50,0,11 13,0,34,,3688,80,,,0,66,,3673,50,0,11 13,0,34,,3689,80,,,0,61,,3674,50,0,11 13,0,34,,3690,80,,,0,21,,3675,50,0,11 13,0,83,,3691,80,,,0,67,,3676,50,0,11 13,0,35,,3692,80,,,0,63,,3677,80,0,11 13,0,32,,3693,80,,,0,70,,3678,50,0,11 13,0,29,,3694,80,,,0,105,,3695,80,,,0,100,,3682,80,,,0,74,,3681,80,,,0,93,,3680,80,,,0,93,,3679,80,,,0,50,,3683,50,0,11 13,0,73,,3670,80,,,0,179,,3669,80,,,0
