101,'Dimanche-01',738,,73,230,,,0,205,,74,230,,,0,171,,75,230,,,0,133,,76,230,,,0,167,,77,230,,,0,120,,78,230,,,0,120,,79,230,,,0,160,,80,230,,,0,117,,81,230,,,0,174,,82,230,,,0,114,,83,230,,,0,114,,84,230,,,0
101,'Fête-1-01',738,,2674,230,,,0,205,,2675,230,,,0,171,,2676,230,,,0,133,,2677,230,,,0,167,,2678,230,,,0,120,,2679,230,,,0,120,,2680,230,,,0,160,,2681,230,,,0,117,,2682,230,,,0,174,,2683,230,,,0,114,,2684,230,,,0,114,,2685,230,,,0
101,'Samedi-01',738,,115,230,,,0,205,,116,230,,,0,171,,117,230,,,0,133,,118,230,,,0,167,,119,230,,,0,120,,120,230,,,0,120,,121,230,,,0,160,,122,230,,,0,117,,123,230,,,0,174,,124,230,,,0,114,,125,230,,,0,114,,126,230,,,0
101,'Semaine-01',637,,127,230,,,0,100,,136,230,,,0,70,,138,230,,,0,50,,139,230,,,0,151,,140,230,,,0,105,,141,230,,,0,95,,143,230,,,0,103,,142,230,,,0,106,,144,230,,,0,41,,128,230,,,0,143,,129,230,,,0,56,,130,230,,,0,147,,131,230,,,0,34,,132,230,,,0,103,,133,230,,,0,84,,134,230,,,0,134,,135,230,,,0,175,,137,230,,,0
101,'Semaine-02',632,,2686,230,,,0,100,,2695,230,,,0,70,,2697,230,,,0,100,,2698,230,,,0,106,,2699,230,,,0,95,,2700,230,,,0,100,,2702,230,,,0,98,,2701,230,,,0,111,,2703,230,,,0,46,,2687,230,,,0,148,,2688,230,,,0,51,,2689,230,,,0,147,,2690,230,,,0,29,,2691,230,,,0,69,,2692,230,,,0,108,,2693,230,,,0,144,,2694,230,,,0,190,,2696,230,,,0
101,'Semaine-03',637,,2704,230,,,0,100,,2713,230,,,0,70,,2715,230,,,0,50,,2716,230,,,0,151,,2717,230,,,0,105,,2718,230,,,0,95,,2720,230,,,0,103,,2719,230,,,0,106,,2721,230,,,0,41,,2705,230,,,0,143,,2706,230,,,0,56,,2707,230,,,0,147,,2708,230,,,0,34,,2709,230,,,0,103,,2710,230,,,0,84,,2711,230,,,0,134,,2712,230,,,0,175,,2714,230,,,0
2301,'Semaine-01',1558,,310,240,,,0,65,,311,240,,,0,30,,312,240,,,0,70,,313,240,,,0,28,,314,240,,,0,69,,315,240,,,0,30,,316,240,,,0
2301,'Semaine-02',1558,,2852,240,,,0,65,,2853,240,,,0,30,,2854,240,,,0,70,,2855,240,,,0,23,,2856,240,,,0,74,,2857,240,,,0,30,,2858,240,,,0
2301,'Semaine-03',1558,,2859,240,,,0,65,,2860,240,,,0,30,,2861,240,,,0,70,,2862,240,,,0,28,,2863,240,,,0,69,,2864,240,,,0,30,,2865,240,,,0
2401,'Semaine-01',1645,,332,140,,,0,85,,333,140,,,0,85,,336,140,,,0,21,,335,140,,,0,64,,334,140,,,0
2401,'Semaine-02',1610,,2877,140,,,0,47,,2878,140,,,0,86,,2881,140,,,0,85,,2880,140,,,0,82,,2879,140,,,0
2401,'Semaine-03',1645,,2882,140,,,0,85,,2883,140,,,0,85,,2886,140,,,0,21,,2885,140,,,0,64,,2884,140,,,0
2801,'Semaine-01',1402,,445,170,0,6,0,149,,451,170,0,6,0,57,,454,170,0,6,0,15,,458,170,0,6,0,17,,455,170,0,6,0,15,,443,170,0,7,0,50,,457,170,0,6,0,10,,446,170,0,6,0,9,,447,170,0,6,0,10,,442,170,,,0,10,,448,170,0,6,0,8,,449,170,0,6,0,50,,444,170,0,7,0,14,,450,170,0,6,0,10,,452,170,0,6,0,25,,453,170,0,6,0
2801,'Semaine-02',1402,,2982,170,0,6,0,149,,2986,170,0,6,0,57,,2989,170,0,6,0,15,,2992,170,0,6,0,17,,2980,170,0,7,0,15,,2990,170,0,6,0,55,,2991,170,0,6,0,14,,2983,170,0,6,0,15,,2979,170,,,0,13,,2984,170,0,6,0,54,,2981,170,0,7,0,15,,2985,170,0,6,0,10,,2987,170,0,6,0,20,,2988,170,0,6,0
2801,'Semaine-03',1402,,2996,170,0,6,0,149,,3002,170,0,6,0,57,,3005,170,0,6,0,15,,3008,170,0,6,0,17,,3006,170,0,6,0,15,,2994,170,0,7,0,50,,3007,170,0,6,0,10,,2997,170,0,6,0,9,,2998,170,0,6,0,10,,2993,170,,,0,10,,2999,170,0,6,0,8,,3000,170,0,6,0,50,,2995,170,0,7,0,14,,3001,170,0,6,0,10,,3003,170,0,6,0,25,,3004,170,0,6,0
3300,'Dimanche-01',544,,682,110,,,0,82,,680,110,,,0,90,,691,110,,,0,41,,701,110,,,0,83,,703,110,,,0,93,,704,110,,,0,80,,705,110,,,0,40,,706,110,,,0,80,,707,110,,,0,80,,683,110,,,0,40,,684,110,,,0,79,,685,110,,,0,80,,686,110,,,0,40,,687,110,,,0,79,,688,110,,,0,79,,689,110,,,0,39,,690,110,,,0,79,,692,110,,,0,79,,693,110,,,0,40,,694,110,,,0,87,,695,110,,,0,85,,696,110,,,0,86,,697,110,,,0,47,,698,110,,,0,86,,699,110,,,0,83,,700,110,,,0,88,,681,110,,,0,43,,702,110,,,0,159,,708,110,0,8 6,0
3300,'Fête-1-01',604,,3181,110,,,0,41,,3179,110,,,0,81,,3190,110,,,0,82,,3200,110,,,0,42,,3202,110,,,0,84,,3203,110,,,0,81,,3204,110,,,0,42,,3205,110,,,0,82,,3206,110,,,0,82,,3182,110,,,0,82,,3183,110,,,0,42,,3184,110,,,0,82,,3185,110,,,0,82,,3186,110,,,0,42,,3187,110,,,0,82,,3188,110,,,0,82,,3189,110,,,0,85,,3191,110,,,0,39,,3192,110,,,0,82,,3193,110,,,0,82,,3194,110,,,0,39,,3195,110,,,0,82,,3196,110,,,0,81,,3197,110,,,0,42,,3198,110,,,0,83,,3199,110,,,0,86,,3201,110,,,0,86,,3180,110,,,0,113,,3207,110,0,8 6,0
3300,'Samedi-01',604,,769,110,,,0,41,,767,110,,,0,81,,778,110,,,0,82,,788,110,,,0,42,,790,110,,,0,84,,791,110,,,0,81,,792,110,,,0,42,,793,110,,,0,82,,794,110,,,0,82,,770,110,,,0,82,,771,110,,,0,42,,772,110,,,0,82,,773,110,,,0,82,,774,110,,,0,42,,775,110,,,0,82,,776,110,,,0,82,,777,110,,,0,85,,779,110,,,0,39,,780,110,,,0,82,,781,110,,,0,82,,782,110,,,0,39,,783,110,,,0,82,,784,110,,,0,81,,785,110,,,0,42,,786,110,,,0,83,,787,110,,,0,86,,789,110,,,0,86,,768,110,,,0,113,,795,110,0,8 6,0
3300,'Semaine-01',611,,796,110,,,0,40,,824,110,,,0,81,,805,110,,,0,80,,815,110,,,0,40,,818,110,,,0,79,,819,110,,,0,80,,820,110,,,0,42,,821,110,,,0,81,,822,110,,,0,83,,797,110,,,0,83,,798,110,,,0,43,,799,110,,,0,82,,800,110,,,0,82,,801,110,,,0,46,,802,110,,,0,85,,803,110,,,0,85,,804,110,,,0,84,,806,110,,,0,44,,807,110,,,0,83,,808,110,,,0,82,,809,110,,,0,40,,810,110,,,0,80,,811,110,,,0,80,,812,110,,,0,40,,813,110,,,0,80,,814,110,,,0,80,,816,110,,,0,40,,817,110,,,0,96,,823,60,0,8 6,0
3300,'Semaine-02',606,,3208,110,,,0,41,,3236,110,,,0,82,,3217,110,,,0,82,,3227,110,,,0,42,,3230,110,,,0,81,,3231,110,,,0,82,,3232,110,,,0,43,,3233,110,,,0,83,,3234,110,,,0,83,,3209,110,,,0,83,,3210,110,,,0,43,,3211,110,,,0,83,,3212,110,,,0,84,,3213,110,,,0,87,,3214,110,,,0,47,,3215,110,,,0,85,,3216,110,,,0,85,,3218,110,,,0,81,,3219,110,,,0,41,,3220,110,,,0,81,,3221,110,,,0,81,,3222,110,,,0,41,,3223,110,,,0,81,,3224,110,,,0,80,,3225,110,,,0,40,,3226,110,,,0,80,,3228,110,,,0,80,,3229,110,,,0,45,,3235,60,0,8 6,0
3300,'Semaine-03',611,,3237,110,,,0,40,,3265,110,,,0,81,,3246,110,,,0,80,,3256,110,,,0,40,,3259,110,,,0,79,,3260,110,,,0,80,,3261,110,,,0,42,,3262,110,,,0,81,,3263,110,,,0,83,,3238,110,,,0,83,,3239,110,,,0,43,,3240,110,,,0,82,,3241,110,,,0,82,,3242,110,,,0,46,,3243,110,,,0,85,,3244,110,,,0,85,,3245,110,,,0,84,,3247,110,,,0,44,,3248,110,,,0,83,,3249,110,,,0,82,,3250,110,,,0,40,,3251,110,,,0,80,,3252,110,,,0,80,,3253,110,,,0,40,,3254,110,,,0,80,,3255,110,,,0,80,,3257,110,,,0,40,,3258,110,,,0,96,,3264,60,0,8 6,0
