2600,'Semaine-01',508,,364,120,,,0
2600,'Semaine-02',508,,2912,120,,,0
2600,'Semaine-03',508,,2914,120,,,0
2700,'Semaine-01',551,,375,150,,,0,80,,376,150,,,0,80,,377,150,,,0,40,,378,150,,,0,80,,379,150,,,0,786,,380,150,,,0,83,,381,150,,,0,46,,382,150,,,0,84,,383,150,,,0,86,,384,150,,,0
2700,'Semaine-02',546,,2915,150,,,0,79,,2916,150,,,0,81,,2917,150,,,0,42,,2918,150,,,0,82,,2919,150,,,0,799,,2920,150,,,0,86,,2921,150,,,0,85,,2922,150,,,0,40,,2923,150,,,0,84,,2924,150,,,0
2700,'Semaine-03',551,,2925,150,,,0,80,,2926,150,,,0,80,,2927,150,,,0,40,,2928,150,,,0,80,,2929,150,,,0,786,,2930,150,,,0,83,,2931,150,,,0,46,,2932,150,,,0,84,,2933,150,,,0,86,,2934,150,,,0
2000002701,'Dimanche-01',606,,2286,160,,,0,50,,2288,160,,,0,81,,2313,160,,,0,83,,2311,160,,,0,93,,2312,160,,,0,43,,2309,160,,,0,87,,2310,160,,,0,75,,2308,160,,,0,35,,2307,160,,,0,82,,2304,160,,,0,79,,2306,160,,,0,40,,2305,160,,,0,80,,2303,160,,,0,82,,2302,160,,,0,37,,2300,160,,,0,83,,2301,160,,,0,76,,2299,160,,,0,43,,2298,160,,,0,76,,2297,160,,,0,82,,2296,160,,,0,44,,2295,160,,,0,86,,2294,160,,,0,85,,2287,160,,,0,89,,2293,160,,,0,83,,2292,160,,,0,44,,2291,160,,,0,88,,2290,160,,,0,86,,2289,160,,,0
2000002701,'Fête-1-01',545,,4184,160,,,0,83,,4187,160,,,0,90,,4212,160,,,0,37,,4210,160,,,0,77,,4211,160,,,0,83,,4208,160,,,0,41,,4209,160,,,0,82,,4207,160,,,0,82,,4206,160,,,0,82,,4203,160,,,0,42,,4205,160,,,0,82,,4204,160,,,0,82,,4202,160,,,0,42,,4201,160,,,0,82,,4199,160,,,0,82,,4200,160,,,0,42,,4198,160,,,0,86,,4197,160,,,0,78,,4196,160,,,0,82,,4195,160,,,0,42,,4194,160,,,0,81,,4193,160,,,0,79,,4185,160,,,0,33,,4192,160,,,0,90,,4191,160,,,0,87,,4190,160,,,0,39,,4189,160,,,0,89,,4188,160,,,0,81,,4186,160,,,0
2000002701,'Samedi-01',545,,2363,160,,,0,83,,2366,160,,,0,90,,2391,160,,,0,37,,2389,160,,,0,77,,2390,160,,,0,83,,2387,160,,,0,41,,2388,160,,,0,82,,2386,160,,,0,82,,2385,160,,,0,82,,2382,160,,,0,42,,2384,160,,,0,82,,2383,160,,,0,82,,2381,160,,,0,42,,2380,160,,,0,82,,2378,160,,,0,82,,2379,160,,,0,42,,2377,160,,,0,86,,2376,160,,,0,78,,2375,160,,,0,82,,2374,160,,,0,42,,2373,160,,,0,81,,2372,160,,,0,79,,2364,160,,,0,33,,2371,160,,,0,90,,2370,160,,,0,87,,2369,160,,,0,39,,2368,160,,,0,89,,2367,160,,,0,81,,2365,160,,,0
2000002701,'Semaine-01',552,,2408,160,,,0,360,,2407,160,,,0,40,,2406,160,,,0,81,,2405,160,,,0,81,,2404,160,,,0,43,,2403,160,,,0,83,,2402,160,,,0,83,,2401,160,,,0,82,,2409,160,,,0,42,,2410,160,,,0,85,,2411,160,,,0,425,,2400,160,,,0,80,,2399,160,,,0,80,,2398,160,,,0,40,,2397,160,,,0,80,,2396,160,,,0,80,,2395,160,,,0,40,,2394,160,,,0,81,,2393,160,,,0,80,,2392,160,,,0
2000002701,'Semaine-02',552,,4229,160,,,0,360,,4228,160,,,0,40,,4227,160,,,0,81,,4226,160,,,0,81,,4225,160,,,0,43,,4224,160,,,0,83,,4223,160,,,0,83,,4222,160,,,0,82,,4230,160,,,0,42,,4231,160,,,0,85,,4232,160,,,0,425,,4221,160,,,0,80,,4220,160,,,0,80,,4219,160,,,0,40,,4218,160,,,0,80,,4217,160,,,0,80,,4216,160,,,0,40,,4215,160,,,0,81,,4214,160,,,0,80,,4213,160,,,0
2000002701,'Semaine-03',552,,4249,160,,,0,360,,4248,160,,,0,40,,4247,160,,,0,81,,4246,160,,,0,81,,4245,160,,,0,43,,4244,160,,,0,83,,4243,160,,,0,83,,4242,160,,,0,82,,4250,160,,,0,42,,4251,160,,,0,85,,4252,160,,,0,425,,4241,160,,,0,80,,4240,160,,,0,80,,4239,160,,,0,40,,4238,160,,,0,80,,4237,160,,,0,80,,4236,160,,,0,40,,4235,160,,,0,81,,4234,160,,,0,80,,4233,160,,,0
