2500,'Semaine-01',619,,343,150,,,0,90,,344,150,,,0,95,,345,150,,,0
2500,'Semaine-02',619,,2887,150,,,0,93,,2888,150,,,0,92,,2889,150,,,0
2500,'Semaine-03',619,,2893,150,,,0,90,,2894,150,,,0,95,,2895,150,,,0
2501,'Semaine-01',1610,,355,310,,,0,40,,356,310,,,0,74,,357,310,,,0,79,,358,310,,,0,40,,359,310,,,0,68,,360,310,,,0
2501,'Semaine-02',1610,,2899,310,,,0,40,,2900,310,,,0,74,,2901,310,,,0,79,,2902,310,,,0,35,,2903,310,,,0,73,,2904,310,,,0
2501,'Semaine-03',1610,,2905,310,,,0,40,,2906,310,,,0,74,,2907,310,,,0,79,,2908,310,,,0,40,,2909,310,,,0,68,,2910,310,,,0
2600,'Semaine-01',445,,363,20,,,0
2600,'Semaine-02',445,,2911,20,,,0
2600,'Semaine-03',445,,2913,20,,,0
2000002500,'Dimanche-01',536,,1991,140,,,0,87,,1993,190,,,0,78,,1994,190,,,0,35,,1995,190,,,0,68,,1996,190,,,0,34,,1997,190,,,0,78,,1998,190,,,0,37,,1999,190,,,0,76,,2000,190,,,0,72,,2001,190,,,0,45,,2002,190,,,0,85,,2003,190,,,0,95,,2004,190,,,0,23,,2005,190,,,0,62,,2006,190,,,0,45,,2007,190,,,0,80,,2008,190,,,0,80,,2009,190,,,0,40,,2010,190,,,0,75,,2011,190,,,0,81,,2012,190,,,0,39,,2013,190,,,0,80,,2014,190,,,0,70,,2015,190,,,0,35,,2016,190,,,0,75,,2017,190,,,0,35,,2018,190,,,0,75,,2019,190,,,0,35,,2020,190,,,0,70,,2021,190,,,0,75,,2022,190,,,0,35,,2023,190,,,0,76,,2024,190,,,0,102,,1992,190,,,0
2000002500,'Fête-1-01',523,,4047,140,,,0,26,,4016,190,,,0,76,,4032,190,,,0,83,,4017,190,,,0,27,,4033,190,,,0,77,,4018,190,,,0,40,,4034,190,,,0,80,,4019,190,,,0,70,,4035,190,,,0,40,,4020,190,,,0,80,,4036,190,,,0,37,,4021,190,,,0,70,,4015,190,,,0,73,,4022,190,,,0,41,,4037,190,,,0,78,,4023,190,,,0,86,,4038,190,,,0,45,,4024,190,,,0,79,,4039,190,,,0,71,,4025,190,,,0,34,,4040,190,,,0,84,,4026,190,,,0,80,,4041,190,,,0,44,,4027,190,,,0,80,,4042,190,,,0,90,,4028,190,,,0,41,,4043,190,,,0,76,,4029,190,,,0,76,,4044,190,,,0,32,,4030,190,,,0,72,,4045,190,,,0,111,,4031,190,,,0,96,,4046,190,,,0
2000002500,'Samedi-01',523,,2121,140,,,0,26,,2090,190,,,0,76,,2106,190,,,0,83,,2091,190,,,0,27,,2107,190,,,0,77,,2092,190,,,0,40,,2108,190,,,0,80,,2093,190,,,0,70,,2109,190,,,0,40,,2094,190,,,0,80,,2110,190,,,0,37,,2095,190,,,0,70,,2089,190,,,0,73,,2096,190,,,0,41,,2111,190,,,0,78,,2097,190,,,0,86,,2112,190,,,0,45,,2098,190,,,0,79,,2113,190,,,0,71,,2099,190,,,0,34,,2114,190,,,0,84,,2100,190,,,0,80,,2115,190,,,0,44,,2101,190,,,0,80,,2116,190,,,0,90,,2102,190,,,0,41,,2117,190,,,0,76,,2103,190,,,0,76,,2118,190,,,0,32,,2104,190,,,0,72,,2119,190,,,0,111,,2105,190,,,0,96,,2120,190,,,0
2000002500,'Semaine-01',556,,2123,140,,,0,76,,2124,190,,,0,80,,2125,190,,,0,40,,2122,190,,,0,80,,2126,190,,,0,80,,2127,190,,,0,40,,2128,190,,,0,80,,2129,190,,,0,81,,2130,190,,,0,42,,2131,190,,,0,83,,2132,190,,,0,83,,2133,190,,,0,83,,2134,190,,,0,42,,2135,190,,,0,82,,2136,190,,,0,85,,2137,190,,,0,45,,2138,190,,,0,86,,2139,190,,,0,85,,2140,190,,,0,85,,2141,190,,,0,42,,2142,190,,,0,82,,2143,190,,,0,79,,2144,190,,,0,40,,2145,190,,,0,80,,2146,190,,,0,80,,2147,190,,,0,40,,2148,190,,,0,80,,2149,190,,,0,20,,2150,190,,,0,70,,2151,190,,,0,82,,2152,190,,,0
2000002500,'Semaine-02',556,,4049,140,,,0,76,,4050,190,,,0,80,,4051,190,,,0,40,,4048,190,,,0,80,,4052,190,,,0,80,,4053,190,,,0,40,,4054,190,,,0,80,,4055,190,,,0,81,,4056,190,,,0,42,,4057,190,,,0,83,,4058,190,,,0,83,,4059,190,,,0,83,,4060,190,,,0,42,,4061,190,,,0,82,,4062,190,,,0,85,,4063,190,,,0,45,,4064,190,,,0,86,,4065,190,,,0,85,,4066,190,,,0,85,,4067,190,,,0,42,,4068,190,,,0,82,,4069,190,,,0,79,,4070,190,,,0,40,,4071,190,,,0,80,,4072,190,,,0,80,,4073,190,,,0,40,,4074,190,,,0,80,,4075,190,,,0,20,,4076,190,,,0,70,,4077,190,,,0,82,,4078,190,,,0
2000002500,'Semaine-03',556,,4080,140,,,0,76,,4081,190,,,0,80,,4082,190,,,0,40,,4079,190,,,0,80,,4083,190,,,0,80,,4084,190,,,0,40,,4085,190,,,0,80,,4086,190,,,0,81,,4087,190,,,0,42,,4088,190,,,0,83,,4089,190,,,0,83,,4090,190,,,0,83,,4091,190,,,0,42,,4092,190,,,0,82,,4093,190,,,0,85,,4094,190,,,0,45,,4095,190,,,0,86,,4096,190,,,0,85,,4097,190,,,0,85,,4098,190,,,0,42,,4099,190,,,0,82,,4100,190,,,0,79,,4101,190,,,0,40,,4102,190,,,0,80,,4103,190,,,0,80,,4104,190,,,0,40,,4105,190,,,0,80,,4106,190,,,0,20,,4107,190,,,0,70,,4108,190,,,0,82,,4109,190,,,0
