2500,'Semaine-01',551,,346,140,,,0,74,,343,160,,,0,21,,347,140,,,0,69,,344,160,,,0,26,,348,140,,,0,69,,345,160,,,0
2500,'Semaine-02',551,,2890,140,,,0,74,,2887,160,,,0,21,,2891,140,,,0,72,,2888,160,,,0,23,,2892,140,,,0,69,,2889,160,,,0
2500,'Semaine-03',551,,2896,140,,,0,74,,2893,160,,,0,21,,2897,140,,,0,69,,2894,160,,,0,26,,2898,140,,,0,69,,2895,160,,,0
2700,'Semaine-01',545,,375,60,,,0,80,,376,60,,,0,80,,377,60,,,0,40,,378,60,,,0,80,,379,60,,,0,787,,380,60,,,0,43,,381,60,,,0,86,,382,60,,,0,84,,383,60,,,0,86,,384,60,,,0
2700,'Semaine-02',540,,2915,60,,,0,79,,2916,60,,,0,81,,2917,60,,,0,42,,2918,60,,,0,82,,2919,60,,,0,800,,2920,60,,,0,86,,2921,60,,,0,45,,2922,60,,,0,80,,2923,60,,,0,84,,2924,60,,,0
2700,'Semaine-03',545,,2925,60,,,0,80,,2926,60,,,0,80,,2927,60,,,0,40,,2928,60,,,0,80,,2929,60,,,0,787,,2930,60,,,0,43,,2931,60,,,0,86,,2932,60,,,0,84,,2933,60,,,0,86,,2934,60,,,0
2000002701,'Dimanche-01',601,,2286,60,,,0,50,,2288,60,,,0,81,,2313,60,,,0,83,,2311,60,,,0,93,,2312,60,,,0,43,,2309,60,,,0,87,,2310,60,,,0,75,,2308,60,,,0,35,,2307,60,,,0,82,,2304,60,,,0,79,,2306,60,,,0,40,,2305,60,,,0,80,,2303,60,,,0,82,,2302,60,,,0,37,,2300,60,,,0,83,,2301,60,,,0,76,,2299,60,,,0,43,,2298,60,,,0,76,,2297,60,,,0,82,,2296,60,,,0,44,,2295,60,,,0,86,,2294,60,,,0,85,,2287,60,,,0,89,,2293,60,,,0,43,,2292,60,,,0,84,,2291,60,,,0,88,,2290,60,,,0,86,,2289,60,,,0
2000002701,'Fête-1-01',540,,4184,60,,,0,83,,4187,60,,,0,90,,4212,60,,,0,37,,4210,60,,,0,77,,4211,60,,,0,83,,4208,60,,,0,41,,4209,60,,,0,82,,4207,60,,,0,82,,4206,60,,,0,42,,4203,60,,,0,82,,4205,60,,,0,82,,4204,60,,,0,82,,4202,60,,,0,42,,4201,60,,,0,82,,4199,60,,,0,82,,4200,60,,,0,42,,4198,60,,,0,86,,4197,60,,,0,78,,4196,60,,,0,42,,4195,60,,,0,82,,4194,60,,,0,81,,4193,60,,,0,39,,4185,60,,,0,73,,4192,60,,,0,90,,4191,60,,,0,87,,4190,60,,,0,39,,4189,60,,,0,89,,4188,60,,,0,81,,4186,60,,,0
2000002701,'Samedi-01',540,,2363,60,,,0,83,,2366,60,,,0,90,,2391,60,,,0,37,,2389,60,,,0,77,,2390,60,,,0,83,,2387,60,,,0,41,,2388,60,,,0,82,,2386,60,,,0,82,,2385,60,,,0,42,,2382,60,,,0,82,,2384,60,,,0,82,,2383,60,,,0,82,,2381,60,,,0,42,,2380,60,,,0,82,,2378,60,,,0,82,,2379,60,,,0,42,,2377,60,,,0,86,,2376,60,,,0,78,,2375,60,,,0,42,,2374,60,,,0,82,,2373,60,,,0,81,,2372,60,,,0,39,,2364,60,,,0,73,,2371,60,,,0,90,,2370,60,,,0,87,,2369,60,,,0,39,,2368,60,,,0,89,,2367,60,,,0,81,,2365,60,,,0
2000002701,'Semaine-01',547,,2408,60,,,0,360,,2407,60,,,0,40,,2406,60,,,0,81,,2405,60,,,0,81,,2404,60,,,0,43,,2403,60,,,0,83,,2402,60,,,0,83,,2401,60,,,0,82,,2409,60,,,0,42,,2410,60,,,0,85,,2411,60,,,0,425,,2400,60,,,0,80,,2399,60,,,0,80,,2398,60,,,0,40,,2397,60,,,0,80,,2396,60,,,0,80,,2395,60,,,0,40,,2394,60,,,0,81,,2393,60,,,0,80,,2392,60,,,0
2000002701,'Semaine-02',547,,4229,60,,,0,360,,4228,60,,,0,40,,4227,60,,,0,81,,4226,60,,,0,81,,4225,60,,,0,43,,4224,60,,,0,83,,4223,60,,,0,83,,4222,60,,,0,82,,4230,60,,,0,42,,4231,60,,,0,85,,4232,60,,,0,425,,4221,60,,,0,80,,4220,60,,,0,80,,4219,60,,,0,40,,4218,60,,,0,80,,4217,60,,,0,80,,4216,60,,,0,40,,4215,60,,,0,81,,4214,60,,,0,80,,4213,60,,,0
2000002701,'Semaine-03',547,,4249,60,,,0,360,,4248,60,,,0,40,,4247,60,,,0,81,,4246,60,,,0,81,,4245,60,,,0,43,,4244,60,,,0,83,,4243,60,,,0,83,,4242,60,,,0,82,,4250,60,,,0,42,,4251,60,,,0,85,,4252,60,,,0,425,,4241,60,,,0,80,,4240,60,,,0,80,,4239,60,,,0,40,,4238,60,,,0,80,,4237,60,,,0,80,,4236,60,,,0,40,,4235,60,,,0,81,,4234,60,,,0,80,,4233,60,,,0
