101,'Dimanche-01',736,,73,200,,,0,205,,74,200,,,0,171,,75,200,,,0,133,,76,200,,,0,167,,77,200,,,0,120,,78,200,,,0,120,,79,200,,,0,160,,80,200,,,0,117,,81,200,,,0,174,,82,200,,,0,114,,83,200,,,0,114,,84,200,,,0
101,'Fête-1-01',736,,2674,200,,,0,205,,2675,200,,,0,171,,2676,200,,,0,133,,2677,200,,,0,167,,2678,200,,,0,120,,2679,200,,,0,120,,2680,200,,,0,160,,2681,200,,,0,117,,2682,200,,,0,174,,2683,200,,,0,114,,2684,200,,,0,114,,2685,200,,,0
101,'Samedi-01',736,,115,200,,,0,205,,116,200,,,0,171,,117,200,,,0,133,,118,200,,,0,167,,119,200,,,0,120,,120,200,,,0,120,,121,200,,,0,160,,122,200,,,0,117,,123,200,,,0,174,,124,200,,,0,114,,125,200,,,0,114,,126,200,,,0
101,'Semaine-01',635,,127,200,,,0,100,,136,200,,,0,70,,138,200,,,0,50,,139,200,,,0,151,,140,200,,,0,105,,141,200,,,0,95,,143,200,,,0,103,,142,200,,,0,106,,144,200,,,0,41,,128,200,,,0,102,,129,200,,,0,96,,130,200,,,0,148,,131,200,,,0,34,,132,200,,,0,103,,133,200,,,0,84,,134,200,,,0,134,,135,200,,,0,175,,137,200,,,0
101,'Semaine-02',630,,2686,200,,,0,100,,2695,200,,,0,70,,2697,200,,,0,100,,2698,200,,,0,106,,2699,200,,,0,95,,2700,200,,,0,100,,2702,200,,,0,58,,2701,200,,,0,151,,2703,200,,,0,46,,2687,200,,,0,147,,2688,200,,,0,51,,2689,200,,,0,148,,2690,200,,,0,29,,2691,200,,,0,69,,2692,200,,,0,108,,2693,200,,,0,144,,2694,200,,,0,190,,2696,200,,,0
101,'Semaine-03',635,,2704,200,,,0,100,,2713,200,,,0,70,,2715,200,,,0,50,,2716,200,,,0,151,,2717,200,,,0,105,,2718,200,,,0,95,,2720,200,,,0,103,,2719,200,,,0,106,,2721,200,,,0,41,,2705,200,,,0,102,,2706,200,,,0,96,,2707,200,,,0,148,,2708,200,,,0,34,,2709,200,,,0,103,,2710,200,,,0,84,,2711,200,,,0,134,,2712,200,,,0,175,,2714,200,,,0
2100,'Semaine-01',527,,240,50,,,0,30,,241,50,,,0,70,,242,50,,,0,75,,243,50,,,0,30,,244,50,,,0,75,,245,50,,,0
2100,'Semaine-02',522,,2782,50,,,0,30,,2783,50,,,0,70,,2784,50,,,0,35,,2785,50,,,0,70,,2786,50,,,0,75,,2787,50,,,0
2100,'Semaine-03',527,,2788,50,,,0,30,,2789,50,,,0,70,,2790,50,,,0,75,,2791,50,,,0,30,,2792,50,,,0,75,,2793,50,,,0
2101,'Semaine-01',1625,,254,200,,,0,23,,255,200,,,0,66,,256,200,,,0,24,,257,200,,,0,65,,258,200,,,0,28,,259,200,,,0
2101,'Semaine-02',1628,,2794,200,,,0,25,,2795,200,,,0,64,,2796,200,,,0,24,,2797,200,,,0,65,,2798,200,,,0,28,,2799,200,,,0
2101,'Semaine-03',1625,,2803,200,,,0,23,,2804,200,,,0,66,,2805,200,,,0,24,,2806,200,,,0,65,,2807,200,,,0,28,,2808,200,,,0
2801,'Semaine-01',1400,,445,140,0,6,0,148,,451,140,0,6,0,57,,454,140,0,6,0,15,,458,140,0,6,0,17,,455,140,0,6,0,15,,443,140,0,7,0,50,,457,140,0,6,0,10,,446,140,0,6,0,9,,447,140,0,6,0,10,,442,140,,,0,10,,448,140,0,6,0,8,,449,140,0,6,0,10,,444,140,0,7,0,54,,450,140,0,6,0,11,,452,140,0,6,0,25,,453,140,0,6,0
2801,'Semaine-02',1400,,2982,140,0,6,0,148,,2986,140,0,6,0,57,,2989,140,0,6,0,15,,2992,140,0,6,0,17,,2980,140,0,7,0,15,,2990,140,0,6,0,55,,2991,140,0,6,0,14,,2983,140,0,6,0,15,,2979,140,,,0,13,,2984,140,0,6,0,54,,2981,140,0,7,0,15,,2985,140,0,6,0,11,,2987,140,0,6,0,20,,2988,140,0,6,0
2801,'Semaine-03',1400,,2996,140,0,6,0,148,,3002,140,0,6,0,57,,3005,140,0,6,0,15,,3008,140,0,6,0,17,,3006,140,0,6,0,15,,2994,140,0,7,0,50,,3007,140,0,6,0,10,,2997,140,0,6,0,9,,2998,140,0,6,0,10,,2993,140,,,0,10,,2999,140,0,6,0,8,,3000,140,0,6,0,10,,2995,140,0,7,0,54,,3001,140,0,6,0,11,,3003,140,0,6,0,25,,3004,140,0,6,0
3100,'Dimanche-01',718,,492,280,,,0,218,,493,280,,,0,278,,491,280,,,0,123,,484,280,,,0,120,,485,280,,,0,158,,486,280,,,0,118,,487,280,,,0,119,,488,280,,,0,167,,489,280,,,0,221,,483,280,,,0,215,,490,280,,,0
3100,'Fête-1-01',607,,3034,280,,,0,43,,3045,280,,,0,204,,3046,280,,,0,165,,3043,280,,,0,124,,3033,280,,,0,164,,3044,280,,,0,124,,3035,280,,,0,124,,3036,280,,,0,164,,3037,280,,,0,124,,3038,280,,,0,164,,3039,280,,,0,27,,3040,280,,,0,216,,3041,280,,,0,255,,3042,280,,,0
3100,'Samedi-01',607,,537,280,,,0,43,,548,280,,,0,204,,549,280,,,0,165,,546,280,,,0,124,,536,280,,,0,164,,547,280,,,0,124,,538,280,,,0,124,,539,280,,,0,164,,540,280,,,0,124,,541,280,,,0,164,,542,280,,,0,27,,543,280,,,0,216,,544,280,,,0,255,,545,280,,,0
3100,'Semaine-01',615,,574,280,,,0,40,,550,280,,,0,80,,560,280,,,0,80,,575,280,,,0,40,,569,280,,,0,80,,570,280,,,0,80,,571,280,,,0,41,,577,280,,,0,83,,572,280,,,0,83,,573,280,,,0,83,,551,280,,,0,43,,552,280,,,0,82,,553,280,,,0,82,,554,280,,,0,45,,555,280,,,0,85,,556,280,,,0,86,,557,280,,,0,85,,558,280,,,0,44,,559,280,,,0,82,,561,280,,,0,82,,562,280,,,0,79,,563,280,,,0,40,,564,280,,,0,80,,565,280,,,0,80,,566,280,,,0,40,,567,280,,,0,80,,568,280,,,0,121,,576,280,0,5 6,0
3100,'Semaine-02',609,,3071,280,,,0,41,,3047,280,,,0,81,,3057,280,,,0,82,,3072,280,,,0,42,,3066,280,,,0,82,,3067,280,,,0,82,,3068,280,,,0,82,,3074,280,,,0,45,,3069,280,,,0,83,,3070,280,,,0,83,,3048,280,,,0,43,,3049,280,,,0,83,,3050,280,,,0,84,,3051,280,,,0,86,,3052,280,,,0,48,,3053,280,,,0,86,,3054,280,,,0,85,,3055,280,,,0,81,,3056,280,,,0,40,,3058,280,,,0,81,,3059,280,,,0,80,,3060,280,,,0,41,,3061,280,,,0,81,,3062,280,,,0,80,,3063,280,,,0,40,,3064,280,,,0,80,,3065,280,,,0,111,,3073,280,0,5 6,0
3100,'Semaine-03',615,,3099,280,,,0,40,,3075,280,,,0,80,,3085,280,,,0,80,,3100,280,,,0,40,,3094,280,,,0,80,,3095,280,,,0,80,,3096,280,,,0,41,,3102,280,,,0,83,,3097,280,,,0,83,,3098,280,,,0,83,,3076,280,,,0,43,,3077,280,,,0,82,,3078,280,,,0,82,,3079,280,,,0,45,,3080,280,,,0,85,,3081,280,,,0,86,,3082,280,,,0,85,,3083,280,,,0,44,,3084,280,,,0,82,,3086,280,,,0,82,,3087,280,,,0,79,,3088,280,,,0,40,,3089,280,,,0,80,,3090,280,,,0,80,,3091,280,,,0,40,,3092,280,,,0,80,,3093,280,,,0,121,,3101,280,0,5 6,0
3300,'Dimanche-01',542,,682,80,,,0,82,,680,80,,,0,90,,691,80,,,0,41,,701,80,,,0,83,,703,80,,,0,93,,704,80,,,0,80,,705,80,,,0,40,,706,80,,,0,80,,707,80,,,0,80,,683,80,,,0,40,,684,80,,,0,79,,685,80,,,0,80,,686,80,,,0,40,,687,80,,,0,79,,688,80,,,0,79,,689,80,,,0,39,,690,80,,,0,79,,692,80,,,0,79,,693,80,,,0,40,,694,80,,,0,87,,695,80,,,0,85,,696,80,,,0,86,,697,80,,,0,47,,698,80,,,0,86,,699,80,,,0,83,,700,80,,,0,88,,681,80,,,0,43,,702,80,,,0,159,,708,80,0,8 6,0
3300,'Fête-1-01',602,,3181,80,,,0,41,,3179,80,,,0,81,,3190,80,,,0,82,,3200,80,,,0,42,,3202,80,,,0,84,,3203,80,,,0,81,,3204,80,,,0,42,,3205,80,,,0,82,,3206,80,,,0,82,,3182,80,,,0,82,,3183,80,,,0,42,,3184,80,,,0,82,,3185,80,,,0,82,,3186,80,,,0,42,,3187,80,,,0,82,,3188,80,,,0,82,,3189,80,,,0,45,,3191,80,,,0,79,,3192,80,,,0,82,,3193,80,,,0,82,,3194,80,,,0,39,,3195,80,,,0,82,,3196,80,,,0,81,,3197,80,,,0,42,,3198,80,,,0,83,,3199,80,,,0,86,,3201,80,,,0,86,,3180,80,,,0,113,,3207,80,0,8 6,0
3300,'Samedi-01',602,,769,80,,,0,41,,767,80,,,0,81,,778,80,,,0,82,,788,80,,,0,42,,790,80,,,0,84,,791,80,,,0,81,,792,80,,,0,42,,793,80,,,0,82,,794,80,,,0,82,,770,80,,,0,82,,771,80,,,0,42,,772,80,,,0,82,,773,80,,,0,82,,774,80,,,0,42,,775,80,,,0,82,,776,80,,,0,82,,777,80,,,0,45,,779,80,,,0,79,,780,80,,,0,82,,781,80,,,0,82,,782,80,,,0,39,,783,80,,,0,82,,784,80,,,0,81,,785,80,,,0,42,,786,80,,,0,83,,787,80,,,0,86,,789,80,,,0,86,,768,80,,,0,113,,795,80,0,8 6,0
3300,'Semaine-01',609,,796,80,,,0,40,,824,80,,,0,81,,805,80,,,0,80,,815,80,,,0,40,,818,80,,,0,79,,819,80,,,0,80,,820,80,,,0,42,,821,80,,,0,81,,822,80,,,0,83,,797,80,,,0,43,,798,80,,,0,83,,799,80,,,0,82,,800,80,,,0,82,,801,80,,,0,45,,802,80,,,0,85,,803,80,,,0,85,,804,80,,,0,85,,806,80,,,0,44,,807,80,,,0,83,,808,80,,,0,82,,809,80,,,0,40,,810,80,,,0,80,,811,80,,,0,80,,812,80,,,0,40,,813,80,,,0,80,,814,80,,,0,80,,816,80,,,0,40,,817,80,,,0,96,,823,30,0,8 6,0
3300,'Semaine-02',604,,3208,80,,,0,41,,3236,80,,,0,82,,3217,80,,,0,82,,3227,80,,,0,42,,3230,80,,,0,81,,3231,80,,,0,82,,3232,80,,,0,43,,3233,80,,,0,83,,3234,80,,,0,83,,3209,80,,,0,83,,3210,80,,,0,43,,3211,80,,,0,83,,3212,80,,,0,84,,3213,80,,,0,86,,3214,80,,,0,47,,3215,80,,,0,86,,3216,80,,,0,85,,3218,80,,,0,81,,3219,80,,,0,41,,3220,80,,,0,81,,3221,80,,,0,81,,3222,80,,,0,41,,3223,80,,,0,81,,3224,80,,,0,80,,3225,80,,,0,40,,3226,80,,,0,80,,3228,80,,,0,80,,3229,80,,,0,45,,3235,30,0,8 6,0
3300,'Semaine-03',609,,3237,80,,,0,40,,3265,80,,,0,81,,3246,80,,,0,80,,3256,80,,,0,40,,3259,80,,,0,79,,3260,80,,,0,80,,3261,80,,,0,42,,3262,80,,,0,81,,3263,80,,,0,83,,3238,80,,,0,43,,3239,80,,,0,83,,3240,80,,,0,82,,3241,80,,,0,82,,3242,80,,,0,45,,3243,80,,,0,85,,3244,80,,,0,85,,3245,80,,,0,85,,3247,80,,,0,44,,3248,80,,,0,83,,3249,80,,,0,82,,3250,80,,,0,40,,3251,80,,,0,80,,3252,80,,,0,80,,3253,80,,,0,40,,3254,80,,,0,80,,3255,80,,,0,80,,3257,80,,,0,40,,3258,80,,,0,96,,3264,30,0,8 6,0
14001,'Dimanche-01',817,,979,20,,,0,114,,980,20,,,0,115,,981,20,,,0,155,,982,20,,,0,115,,983,20,,,0,115,,984,20,,,0,120,,985,20,,,0,160,,978,20,,,0
14001,'Fête-1-01',817,,3385,20,,,0,114,,3386,20,,,0,115,,3387,20,,,0,155,,3388,20,,,0,115,,3389,20,,,0,115,,3390,20,,,0,120,,3391,20,,,0,160,,3384,20,,,0
14001,'Samedi-01',817,,1010,20,,,0,114,,1011,20,,,0,115,,1012,20,,,0,155,,1013,20,,,0,115,,1014,20,,,0,115,,1015,20,,,0,120,,1016,20,,,0,160,,1009,20,,,0
14001,'Semaine-01',851,,1019,20,,,0,160,,1020,20,,,0,120,,1021,20,,,0,125,,1022,20,,,0,165,,1023,20,,,0,125,,1024,20,,,0,165,,1025,20,,,0,125,,1026,20,,,0,120,,1027,20,,,0,155,,1028,20,,,0
14001,'Semaine-02',851,,3394,20,,,0,160,,3395,20,,,0,120,,3396,20,,,0,125,,3397,20,,,0,165,,3398,20,,,0,125,,3399,20,,,0,165,,3400,20,,,0,125,,3401,20,,,0,120,,3402,20,,,0,155,,3403,20,,,0
14001,'Semaine-03',851,,3407,20,,,0,160,,3408,20,,,0,120,,3409,20,,,0,125,,3410,20,,,0,165,,3411,20,,,0,125,,3412,20,,,0,165,,3413,20,,,0,125,,3414,20,,,0,120,,3415,20,,,0,155,,3416,20,,,0
