101,'Dimanche-01',739,,73,260,,,0,206,,74,260,,,0,171,,75,260,,,0,133,,76,260,,,0,167,,77,260,,,0,120,,78,260,,,0,120,,79,260,,,0,160,,80,260,,,0,117,,81,260,,,0,174,,82,260,,,0,114,,83,260,,,0,113,,84,260,,,0
101,'Fête-1-01',739,,2674,260,,,0,206,,2675,260,,,0,171,,2676,260,,,0,133,,2677,260,,,0,167,,2678,260,,,0,120,,2679,260,,,0,120,,2680,260,,,0,160,,2681,260,,,0,117,,2682,260,,,0,174,,2683,260,,,0,114,,2684,260,,,0,113,,2685,260,,,0
101,'Samedi-01',739,,115,260,,,0,206,,116,260,,,0,171,,117,260,,,0,133,,118,260,,,0,167,,119,260,,,0,120,,120,260,,,0,120,,121,260,,,0,160,,122,260,,,0,117,,123,260,,,0,174,,124,260,,,0,114,,125,260,,,0,113,,126,260,,,0
101,'Semaine-01',638,,127,260,,,0,101,,136,260,,,0,70,,138,260,,,0,50,,139,260,,,0,151,,140,260,,,0,105,,141,260,,,0,95,,143,260,,,0,103,,142,260,,,0,106,,144,260,,,0,81,,128,260,,,0,103,,129,260,,,0,56,,130,260,,,0,147,,131,260,,,0,34,,132,260,,,0,103,,133,260,,,0,84,,134,260,,,0,173,,135,260,,,0,135,,137,260,,,0
101,'Semaine-02',633,,2686,260,,,0,101,,2695,260,,,0,70,,2697,260,,,0,100,,2698,260,,,0,106,,2699,260,,,0,95,,2700,260,,,0,100,,2702,260,,,0,98,,2701,260,,,0,111,,2703,260,,,0,86,,2687,260,,,0,108,,2688,260,,,0,51,,2689,260,,,0,147,,2690,260,,,0,29,,2691,260,,,0,69,,2692,260,,,0,108,,2693,260,,,0,143,,2694,260,,,0,190,,2696,260,,,0
101,'Semaine-03',638,,2704,260,,,0,101,,2713,260,,,0,70,,2715,260,,,0,50,,2716,260,,,0,151,,2717,260,,,0,105,,2718,260,,,0,95,,2720,260,,,0,103,,2719,260,,,0,106,,2721,260,,,0,81,,2705,260,,,0,103,,2706,260,,,0,56,,2707,260,,,0,147,,2708,260,,,0,34,,2709,260,,,0,103,,2710,260,,,0,84,,2711,260,,,0,173,,2712,260,,,0,135,,2714,260,,,0
2301,'Semaine-01',1600,,310,270,,,0,25,,311,270,,,0,30,,312,270,,,0,70,,313,270,,,0,28,,314,270,,,0,69,,315,270,,,0,29,,316,270,,,0
2301,'Semaine-02',1600,,2852,270,,,0,25,,2853,270,,,0,30,,2854,270,,,0,70,,2855,270,,,0,23,,2856,270,,,0,74,,2857,270,,,0,29,,2858,270,,,0
2301,'Semaine-03',1600,,2859,270,,,0,25,,2860,270,,,0,30,,2861,270,,,0,70,,2862,270,,,0,28,,2863,270,,,0,69,,2864,270,,,0,29,,2865,270,,,0
2401,'Semaine-01',1647,,332,170,,,0,85,,333,170,,,0,85,,336,170,,,0,21,,335,170,,,0,64,,334,170,,,0
2401,'Semaine-02',1612,,2877,170,,,0,47,,2878,170,,,0,86,,2881,170,,,0,85,,2880,170,,,0,82,,2879,170,,,0
2401,'Semaine-03',1647,,2882,170,,,0,85,,2883,170,,,0,85,,2886,170,,,0,21,,2885,170,,,0,64,,2884,170,,,0
2801,'Semaine-01',1404,,445,200,0,6,0,150,,451,200,0,6,0,56,,454,200,0,6,0,15,,458,200,0,6,0,17,,455,200,0,6,0,15,,443,200,0,7,0,50,,457,200,0,6,0,10,,446,200,0,6,0,9,,447,200,0,6,0,10,,442,200,,,0,10,,448,200,0,6,0,8,,449,200,0,6,0,50,,444,200,0,7,0,14,,450,200,0,6,0,10,,452,200,0,6,0,25,,453,200,0,6,0
2801,'Semaine-02',1404,,2982,200,0,6,0,150,,2986,200,0,6,0,56,,2989,200,0,6,0,15,,2992,200,0,6,0,17,,2980,200,0,7,0,15,,2990,200,0,6,0,55,,2991,200,0,6,0,14,,2983,200,0,6,0,15,,2979,200,,,0,13,,2984,200,0,6,0,54,,2981,200,0,7,0,15,,2985,200,0,6,0,10,,2987,200,0,6,0,20,,2988,200,0,6,0
2801,'Semaine-03',1404,,2996,200,0,6,0,150,,3002,200,0,6,0,56,,3005,200,0,6,0,15,,3008,200,0,6,0,17,,3006,200,0,6,0,15,,2994,200,0,7,0,50,,3007,200,0,6,0,10,,2997,200,0,6,0,9,,2998,200,0,6,0,10,,2993,200,,,0,10,,2999,200,0,6,0,8,,3000,200,0,6,0,50,,2995,200,0,7,0,14,,3001,200,0,6,0,10,,3003,200,0,6,0,25,,3004,200,0,6,0
3300,'Dimanche-01',546,,682,140,,,0,82,,680,140,,,0,90,,691,140,,,0,41,,701,140,,,0,83,,703,140,,,0,93,,704,140,,,0,80,,705,140,,,0,40,,706,140,,,0,80,,707,140,,,0,80,,683,140,,,0,40,,684,140,,,0,79,,685,140,,,0,80,,686,140,,,0,40,,687,140,,,0,79,,688,140,,,0,79,,689,140,,,0,39,,690,140,,,0,79,,692,140,,,0,79,,693,140,,,0,40,,694,140,,,0,87,,695,140,,,0,85,,696,140,,,0,86,,697,140,,,0,47,,698,140,,,0,86,,699,140,,,0,83,,700,140,,,0,88,,681,140,,,0,43,,702,140,,,0,159,,708,140,0,8 6,0
3300,'Fête-1-01',606,,3181,140,,,0,41,,3179,140,,,0,81,,3190,140,,,0,82,,3200,140,,,0,42,,3202,140,,,0,84,,3203,140,,,0,81,,3204,140,,,0,42,,3205,140,,,0,82,,3206,140,,,0,82,,3182,140,,,0,82,,3183,140,,,0,42,,3184,140,,,0,82,,3185,140,,,0,82,,3186,140,,,0,42,,3187,140,,,0,82,,3188,140,,,0,82,,3189,140,,,0,85,,3191,140,,,0,39,,3192,140,,,0,82,,3193,140,,,0,82,,3194,140,,,0,39,,3195,140,,,0,82,,3196,140,,,0,81,,3197,140,,,0,42,,3198,140,,,0,83,,3199,140,,,0,86,,3201,140,,,0,86,,3180,140,,,0,113,,3207,140,0,8 6,0
3300,'Samedi-01',606,,769,140,,,0,41,,767,140,,,0,81,,778,140,,,0,82,,788,140,,,0,42,,790,140,,,0,84,,791,140,,,0,81,,792,140,,,0,42,,793,140,,,0,82,,794,140,,,0,82,,770,140,,,0,82,,771,140,,,0,42,,772,140,,,0,82,,773,140,,,0,82,,774,140,,,0,42,,775,140,,,0,82,,776,140,,,0,82,,777,140,,,0,85,,779,140,,,0,39,,780,140,,,0,82,,781,140,,,0,82,,782,140,,,0,39,,783,140,,,0,82,,784,140,,,0,81,,785,140,,,0,42,,786,140,,,0,83,,787,140,,,0,86,,789,140,,,0,86,,768,140,,,0,113,,795,140,0,8 6,0
3300,'Semaine-01',613,,796,140,,,0,40,,824,140,,,0,81,,805,140,,,0,80,,815,140,,,0,40,,818,140,,,0,79,,819,140,,,0,80,,820,140,,,0,42,,821,140,,,0,81,,822,140,,,0,83,,797,140,,,0,83,,798,140,,,0,43,,799,140,,,0,82,,800,140,,,0,82,,801,140,,,0,46,,802,140,,,0,85,,803,140,,,0,85,,804,140,,,0,84,,806,140,,,0,44,,807,140,,,0,83,,808,140,,,0,82,,809,140,,,0,40,,810,140,,,0,80,,811,140,,,0,80,,812,140,,,0,40,,813,140,,,0,80,,814,140,,,0,80,,816,140,,,0,40,,817,140,,,0,96,,823,90,0,8 6,0
3300,'Semaine-02',608,,3208,140,,,0,41,,3236,140,,,0,82,,3217,140,,,0,82,,3227,140,,,0,42,,3230,140,,,0,81,,3231,140,,,0,82,,3232,140,,,0,83,,3233,140,,,0,43,,3234,140,,,0,83,,3209,140,,,0,83,,3210,140,,,0,43,,3211,140,,,0,83,,3212,140,,,0,84,,3213,140,,,0,87,,3214,140,,,0,47,,3215,140,,,0,85,,3216,140,,,0,85,,3218,140,,,0,81,,3219,140,,,0,41,,3220,140,,,0,81,,3221,140,,,0,81,,3222,140,,,0,41,,3223,140,,,0,81,,3224,140,,,0,80,,3225,140,,,0,40,,3226,140,,,0,80,,3228,140,,,0,80,,3229,140,,,0,45,,3235,90,0,8 6,0
3300,'Semaine-03',613,,3237,140,,,0,40,,3265,140,,,0,81,,3246,140,,,0,80,,3256,140,,,0,40,,3259,140,,,0,79,,3260,140,,,0,80,,3261,140,,,0,42,,3262,140,,,0,81,,3263,140,,,0,83,,3238,140,,,0,83,,3239,140,,,0,43,,3240,140,,,0,82,,3241,140,,,0,82,,3242,140,,,0,46,,3243,140,,,0,85,,3244,140,,,0,85,,3245,140,,,0,84,,3247,140,,,0,44,,3248,140,,,0,83,,3249,140,,,0,82,,3250,140,,,0,40,,3251,140,,,0,80,,3252,140,,,0,80,,3253,140,,,0,40,,3254,140,,,0,80,,3255,140,,,0,80,,3257,140,,,0,40,,3258,140,,,0,96,,3264,90,0,8 6,0
