'SO-E24-SOGTFS-Dimanche-01',3100,63700,,'',0,26700,,'',0,22500,,'',0,27500,,'',0,19800,,'',0,11700,,'',0,12500,,'',0,11200,,'',0,14900,,'',0,23900,,'',0
'SO-E24-SOGTFS-Fête-1-01',3100,63700,,'',0,9400,,'',0,17300,,'',0,10600,,'',0,11900,,'',0,29000,,'',0,13000,,'',0,17000,,'',0,13000,,'',0,17000,,'',0,8300,,'',0,24200,,'',0
'SO-E24-SOGTFS-Samedi-01',3100,63700,,'',0,9400,,'',0,17300,,'',0,10600,,'',0,11900,,'',0,29000,,'',0,13000,,'',0,17000,,'',0,13000,,'',0,17000,,'',0,8300,,'',0,24200,,'',0
'SO-E24-SOGTFS-Semaine-01',3100,61300,,'',0,4000,,'',0,8000,,'',0,8000,,'',0,4000,,'',0,8000,,'',0,8000,,'',0,4100,,'',0,8200,,'',0,8300,,'',0,8300,,'',0,4300,,'',0,8200,,'',0,8200,,'',0,4500,,'',0,8500,,'',0,8600,,'',0,8500,,'',0,4500,,'',0,8200,,'',0,8200,,'',0,3900,,'',0,8000,,'',0,8000,,'',0,4000,,'',0,8000,,'',0,8000,,'',0,12100,0,'Term Châteauguay',0
'SO-E24-SOGTFS-Dimanche-01',3300,52900,4,'',0,9800,4,'',0,8500,4,'',0,8800,4,'',0,4500,4,'',0,8500,4,'',0,8500,4,'',0,8500,4,'',0,4500,4,'',0,8400,4,'',0,8500,4,'',0,4500,4,'',0,8600,4,'',0,8500,4,'',0,8500,4,'',0,8500,4,'',0,4500,4,'',0,8500,4,'',0,8500,4,'',0,8500,4,'',0,4500,4,'',0,8200,4,'',0,8500,4,'',0,4000,4,'',0,8000,4,'',0,8000,4,'',0,4000,4,'',0,8600,4,'',0
'SO-E24-SOGTFS-Fête-1-01',3300,52900,4,'',0,9800,4,'',0,8000,4,'',0,9300,4,'',0,4500,4,'',0,8500,4,'',0,8500,4,'',0,8500,4,'',0,4500,4,'',0,8400,4,'',0,8500,4,'',0,4500,4,'',0,8600,4,'',0,8500,4,'',0,8500,4,'',0,8500,4,'',0,4500,4,'',0,8500,4,'',0,8500,4,'',0,8500,4,'',0,4500,4,'',0,8200,4,'',0,8500,4,'',0,4500,4,'',0,8000,4,'',0,8000,4,'',0,4000,4,'',0,8100,4,'',0
'SO-E24-SOGTFS-Samedi-01',3300,52900,4,'',0,9800,4,'',0,8000,4,'',0,9300,4,'',0,4500,4,'',0,8500,4,'',0,8500,4,'',0,8500,4,'',0,4500,4,'',0,8400,4,'',0,8500,4,'',0,4500,4,'',0,8600,4,'',0,8500,4,'',0,8500,4,'',0,8500,4,'',0,4500,4,'',0,8500,4,'',0,8500,4,'',0,8500,4,'',0,4500,4,'',0,8200,4,'',0,8500,4,'',0,4500,4,'',0,8000,4,'',0,8000,4,'',0,4000,4,'',0,8100,4,'',0
'SO-E24-SOGTFS-Semaine-01',3300,63600,4,'',0,8000,4,'',0,4100,4,'',0,8000,4,'',0,8000,4,'',0,4000,4,'',0,8000,4,'',0,8200,4,'',0,8100,4,'',0,4300,4,'',0,8300,4,'',0,8300,4,'',0,4300,4,'',0,8400,4,'',0,8600,4,'',0,8400,4,'',0,4500,4,'',0,8400,4,'',0,8100,4,'',0,4300,4,'',0,8200,4,'',0,8000,4,'',0,8000,4,'',0,3900,4,'',0,8000,4,'',0,8000,4,'',0,4000,4,'',0,8000,4,'',0
'SO-E24-SOGTFS-Dimanche-01',2000002300,50000,4,'',0,10000,0,'Haute-Riv',0,3300,4,'',0,700,0,'Haute-Riv',0,9400,4,'',0,800,0,'Haute-Riv',0,7100,4,'',0,400,0,'Haute-Riv',0,8400,4,'',0,600,0,'Haute-Riv',0,2500,4,'',0,500,0,'Haute-Riv',0,7200,4,'',0,600,0,'Haute-Riv',0,8600,4,'',0,600,0,'Haute-Riv',0,1900,4,'',0,600,0,'Haute-Riv',0,2500,4,'',0,4600,0,'Haute-Riv',0,3500,4,'',0,600,0,'Haute-Riv',0,5600,0,'Haute-Riv',0,2700,4,'',0,600,0,'Haute-Riv',0,6800,4,'',0,600,0,'Haute-Riv',0,10300,4,'',0,400,0,'Haute-Riv',0,1700,4,'',0,600,0,'Haute-Riv',0,2200,4,'',0,4500,0,'Haute-Riv',0,1800,4,'',0,600,0,'Haute-Riv',0,8800,4,'',0,600,0,'Haute-Riv',0,3600,4,'',0,4300,0,'Haute-Riv',0,3000,4,'',0,600,0,'Haute-Riv',0,7200,4,'',0,600,0,'Haute-Riv',0,3800,4,'',0,600,0,'Haute-Riv',0,6300,4,'',0,600,0,'Haute-Riv',0,7400,4,'',0,600,0,'Haute-Riv',0,2300,4,'',0,600,0,'Haute-Riv',0,7800,4,'',0,600,0,'Haute-Riv',0,3500,4,'',0,4600,0,'Haute-Riv',0,3900,4,'',0,600,0,'Haute-Riv',0,10000,4,'',0,600,0,'Haute-Riv',0
'SO-E24-SOGTFS-Fête-1-01',2000002300,54300,4,'',0,5700,0,'Haute-Riv',0,3400,4,'',0,600,0,'Haute-Riv',0,9100,4,'',0,1100,0,'Haute-Riv',0,9400,4,'',0,600,0,'Haute-Riv',0,5900,4,'',0,600,0,'Haute-Riv',0,2400,4,'',0,600,0,'Haute-Riv',0,7000,4,'',0,800,0,'Haute-Riv',0,8600,4,'',0,600,0,'Haute-Riv',0,3100,4,'',0,600,0,'Haute-Riv',0,8600,4,'',0,1500,0,'Haute-Riv',0,6400,4,'',0,600,0,'Haute-Riv',0,8500,4,'',0,800,0,'Haute-Riv',0,2900,4,'',0,800,0,'Haute-Riv',0,8600,4,'',0,600,0,'Haute-Riv',0,7200,4,'',0,600,0,'Haute-Riv',0,8600,4,'',0,600,0,'Haute-Riv',0,3100,4,'',0,600,0,'Haute-Riv',0,8700,4,'',0,600,0,'Haute-Riv',0,7200,4,'',0,600,0,'Haute-Riv',0,10100,4,'',0,600,0,'Haute-Riv',0,3700,4,'',0,4600,0,'Haute-Riv',0,2100,4,'',0,600,0,'Haute-Riv',0,7800,4,'',0,600,0,'Haute-Riv',0,4000,4,'',0,4600,0,'Haute-Riv',0,3900,4,'',0,600,0,'Haute-Riv',0,10000,4,'',0,600,0,'Haute-Riv',0,14700,4,'',0,400,0,'Haute-Riv',0
'SO-E24-SOGTFS-Samedi-01',2000002300,54300,4,'',0,5700,0,'Haute-Riv',0,3400,4,'',0,600,0,'Haute-Riv',0,9100,4,'',0,1100,0,'Haute-Riv',0,9400,4,'',0,600,0,'Haute-Riv',0,5900,4,'',0,600,0,'Haute-Riv',0,2400,4,'',0,600,0,'Haute-Riv',0,7000,4,'',0,800,0,'Haute-Riv',0,8600,4,'',0,600,0,'Haute-Riv',0,3100,4,'',0,600,0,'Haute-Riv',0,8600,4,'',0,1500,0,'Haute-Riv',0,6400,4,'',0,600,0,'Haute-Riv',0,8500,4,'',0,800,0,'Haute-Riv',0,2900,4,'',0,800,0,'Haute-Riv',0,8600,4,'',0,600,0,'Haute-Riv',0,7200,4,'',0,600,0,'Haute-Riv',0,8600,4,'',0,600,0,'Haute-Riv',0,3100,4,'',0,600,0,'Haute-Riv',0,8700,4,'',0,600,0,'Haute-Riv',0,7200,4,'',0,600,0,'Haute-Riv',0,10100,4,'',0,600,0,'Haute-Riv',0,3700,4,'',0,4600,0,'Haute-Riv',0,2100,4,'',0,600,0,'Haute-Riv',0,7800,4,'',0,600,0,'Haute-Riv',0,4000,4,'',0,4600,0,'Haute-Riv',0,3900,4,'',0,600,0,'Haute-Riv',0,10000,4,'',0,600,0,'Haute-Riv',0,14700,4,'',0,400,0,'Haute-Riv',0
'SO-E24-SOGTFS-Semaine-01',2000002300,60800,4,'',0,1000,0,'Haute-Riv',0,3000,4,'',0,1000,0,'Haute-Riv',0,7000,4,'',0,1000,0,'Haute-Riv',0,7100,4,'',0,900,0,'Haute-Riv',0,3000,4,'',0,1000,0,'Haute-Riv',0,7000,4,'',0,1000,0,'Haute-Riv',0,7000,4,'',0,1000,0,'Haute-Riv',0,3100,4,'',0,1000,0,'Haute-Riv',0,7200,4,'',0,1000,0,'Haute-Riv',0,7300,4,'',0,1000,0,'Haute-Riv',0,3300,4,'',0,5000,0,'Haute-Riv',0,3300,4,'',0,1000,0,'Haute-Riv',0,7200,4,'',0,1000,0,'Haute-Riv',0,7200,4,'',0,1000,0,'Haute-Riv',0,3500,4,'',0,1000,0,'Haute-Riv',0,7500,4,'',0,1000,0,'Haute-Riv',0,7600,4,'',0,1000,0,'Haute-Riv',0,7500,4,'',0,1000,0,'Haute-Riv',0,3500,4,'',0,5000,0,'Haute-Riv',0,3200,4,'',0,1000,0,'Haute-Riv',0,7200,4,'',0,1000,0,'Haute-Riv',0,2900,4,'',0,5000,0,'Haute-Riv',0,3000,4,'',0,1000,0,'Haute-Riv',0,7000,4,'',0,1000,0,'Haute-Riv',0,3000,4,'',0,5000,0,'Haute-Riv',0,3000,4,'',0,1000,0,'Haute-Riv',0,7000,4,'',0,1000,0,'Haute-Riv',0,3400,0,'Haute-Riv',0,7700,4,'',0,2100,0,'Haute-Riv',0
'SO-E24-SOGTFS-Dimanche-01',2000002500,50000,,'',0,2600,4,'',0,7900,,'',0,2600,4,'',0,900,,'',0,6600,4,'',0,400,,'',0,2600,4,'',0,600,,'',0,6600,4,'',0,2700,,'',0,6600,4,'',0,600,,'',0,2600,4,'',0,700,,'',0,6600,4,'',0,900,,'',0,2600,4,'',0,900,,'',0,6600,4,'',0,1600,,'',0,2600,4,'',0,4700,,'',0,2600,4,'',0,1300,,'',0,6600,4,'',0,2500,,'',0,6600,4,'',0,600,,'',0,2600,4,'',0,700,,'',0,6600,4,'',0,900,,'',0,2600,4,'',0,1300,,'',0,6600,4,'',0,1000,,'',0,2600,4,'',0,5400,,'',0,2600,4,'',0,1700,,'',0,6600,4,'',0,1100,,'',0,2600,4,'',0,4800,,'',0,2600,4,'',0,500,,'',0,6600,4,'',0,600,,'',0,2600,4,'',0,200,,'',0,6600,4,'',0,700,,'',0,2600,4,'',0,600,,'',0,6600,4,'',0,1600,,'',0,2600,4,'',0,5400,,'',0,2600,4,'',0,1900,,'',0,6600,4,'',0,700,,'',0,2600,4,'',0,900,,'',0,6600,4,'',0,8600,,'',0
'SO-E24-SOGTFS-Fête-1-01',2000002500,55700,4,'',0,4300,,'',0,2600,4,'',0,1400,,'',0,6600,4,'',0,200,,'',0,2600,4,'',0,900,,'',0,6600,4,'',0,100,,'',0,2600,4,'',0,600,,'',0,6600,4,'',0,200,,'',0,2600,4,'',0,100,,'',0,6600,4,'',0,1300,,'',0,2600,4,'',0,1400,,'',0,6600,4,'',0,2300,,'',0,6600,4,'',0,400,,'',0,2600,4,'',0,300,,'',0,6600,4,'',0,1000,,'',0,2600,4,'',0,6400,,'',0,2600,4,'',0,1400,,'',0,6600,4,'',0,2400,,'',0,6600,4,'',0,1300,,'',0,2600,4,'',0,6600,,'',0,2600,4,'',0,1000,,'',0,6600,4,'',0,700,,'',0,2600,4,'',0,800,,'',0,6600,,'',0,2600,4,'',0,400,,'',0,6600,4,'',0,900,,'',0,2600,4,'',0,5400,,'',0,2600,4,'',0,600,,'',0,6600,4,'',0,1400,,'',0,2600,4,'',0,6000,,'',0,2600,4,'',0,1900,,'',0,6600,4,'',0,600,,'',0,2600,4,'',0,800,,'',0,6600,4,'',0
'SO-E24-SOGTFS-Samedi-01',2000002500,55700,4,'',0,4300,,'',0,2600,4,'',0,1400,,'',0,6600,4,'',0,200,,'',0,2600,4,'',0,900,,'',0,6600,4,'',0,100,,'',0,2600,4,'',0,600,,'',0,6600,4,'',0,200,,'',0,2600,4,'',0,100,,'',0,6600,4,'',0,1300,,'',0,2600,4,'',0,1400,,'',0,6600,4,'',0,2300,,'',0,6600,4,'',0,400,,'',0,2600,4,'',0,300,,'',0,6600,4,'',0,1000,,'',0,2600,4,'',0,6400,,'',0,2600,4,'',0,1400,,'',0,6600,4,'',0,2400,,'',0,6600,4,'',0,1300,,'',0,2600,4,'',0,6600,,'',0,2600,4,'',0,1000,,'',0,6600,4,'',0,700,,'',0,2600,4,'',0,800,,'',0,6600,,'',0,2600,4,'',0,400,,'',0,6600,4,'',0,900,,'',0,2600,4,'',0,5400,,'',0,2600,4,'',0,600,,'',0,6600,4,'',0,1400,,'',0,2600,4,'',0,6000,,'',0,2600,4,'',0,1900,,'',0,6600,4,'',0,600,,'',0,2600,4,'',0,800,,'',0,6600,4,'',0
'SO-E24-SOGTFS-Semaine-01',2000002500,62600,4,'',0,1000,,'',0,7000,4,'',0,1000,,'',0,3000,4,'',0,1000,,'',0,7000,4,'',0,1000,,'',0,7000,4,'',0,1000,,'',0,3100,4,'',0,1000,,'',0,7100,4,'',0,1000,,'',0,7100,4,'',0,1000,,'',0,3300,4,'',0,5000,,'',0,3300,4,'',0,1000,,'',0,7300,4,'',0,1000,,'',0,7200,4,'',0,1000,,'',0,3200,4,'',0,1000,,'',0,7500,4,'',0,1000,,'',0,7500,4,'',0,1000,,'',0,3400,4,'',0,5000,,'',0,3600,4,'',0,1000,,'',0,7500,4,'',0,1000,,'',0,7200,4,'',0,1000,,'',0,3300,4,'',0,5000,,'',0,3100,4,'',0,1000,,'',0,7000,4,'',0,1000,,'',0,3000,4,'',0,5000,,'',0,2900,4,'',0,1100,,'',0,7000,4,'',0,1000,,'',0,3000,4,'',0,5000,,'',0,3000,4,'',0,2400,,'',0,7700,4,'',0,2100,,'',0
