2401,'Semaine-01',1640,,332,70,,,0,85,,333,70,,,0,85,,336,70,,,0,21,,335,70,,,0,24,,334,70,,,0
2401,'Semaine-02',1605,,2877,70,,,0,47,,2878,70,,,0,86,,2881,70,,,0,85,,2880,70,,,0,82,,2879,70,,,0
2401,'Semaine-03',1640,,2882,70,,,0,85,,2883,70,,,0,85,,2886,70,,,0,21,,2885,70,,,0,24,,2884,70,,,0
2501,'Semaine-01',1557,,355,180,,,0,80,,356,180,,,0,74,,357,180,,,0,39,,358,180,,,0,80,,359,180,,,0,28,,360,180,,,0
2501,'Semaine-02',1557,,2899,180,,,0,80,,2900,180,,,0,74,,2901,180,,,0,39,,2902,180,,,0,75,,2903,180,,,0,33,,2904,180,,,0
2501,'Semaine-03',1557,,2905,180,,,0,80,,2906,180,,,0,74,,2907,180,,,0,39,,2908,180,,,0,80,,2909,180,,,0,28,,2910,180,,,0
2701,'Semaine-01',610,,394,70,,,0,40,,395,70,,,0,81,,396,70,,,0,80,,397,70,,,0,744,,401,70,,,0,81,,398,70,,,0,84,,402,70,,,0,86,,399,70,,,0,45,,400,70,,,0
2701,'Semaine-02',604,,2935,70,,,0,41,,2936,70,,,0,83,,2937,70,,,0,82,,2938,70,,,0,799,,2942,70,,,0,44,,2939,70,,,0,86,,2943,70,,,0,80,,2940,70,,,0,84,,2941,70,,,0
2701,'Semaine-03',610,,2944,70,,,0,40,,2945,70,,,0,81,,2946,70,,,0,80,,2947,70,,,0,744,,2951,70,,,0,81,,2948,70,,,0,84,,2952,70,,,0,86,,2949,70,,,0,45,,2950,70,,,0
3200,'Dimanche-01',559,,578,180,,,0,254,,583,180,,,0,223,,586,180,,,0,192,,587,180,,,0,119,,579,180,,,0,162,,589,180,,,0,120,,580,180,,,0,119,,582,180,,,0,158,,581,180,,,0,215,,584,180,,,0,216,,585,180,,,0,213,,588,180,0,6,0
3200,'Fête-1-01',530,,3103,60,,,0,181,,3109,180,,,0,37,,3104,180,,,0,160,,3112,180,,,0,123,,3113,180,,,0,124,,3114,180,,,0,164,,3105,180,,,0,124,,3116,180,,,0,164,,3106,180,,,0,128,,3107,180,,,0,120,,3108,180,,,0,276,,3110,180,,,0,216,,3111,180,,,0,207,,3115,180,0,6,0
3200,'Samedi-01',530,,635,60,,,0,181,,641,180,,,0,37,,636,180,,,0,160,,644,180,,,0,123,,645,180,,,0,124,,646,180,,,0,164,,637,180,,,0,124,,648,180,,,0,164,,638,180,,,0,128,,639,180,,,0,120,,640,180,,,0,276,,642,180,,,0,216,,643,180,,,0,207,,647,180,0,6,0
3200,'Semaine-01',626,,674,180,,,0,80,,649,180,,,0,39,,677,180,,,0,80,,660,180,,,0,80,,668,180,,,0,41,,669,180,,,0,81,,670,180,,,0,81,,671,180,,,0,43,,672,180,,,0,84,,673,180,,,0,83,,650,180,,,0,82,,651,180,,,0,42,,652,180,,,0,85,,676,180,,,0,85,,654,180,,,0,44,,655,180,,,0,86,,656,180,,,0,85,,657,180,,,0,82,,658,180,,,0,43,,659,180,,,0,81,,661,180,,,0,80,,662,180,,,0,40,,663,180,,,0,80,,664,180,,,0,80,,665,180,,,0,40,,666,180,,,0,80,,667,180,,,0,112,,675,180,0,6,0
3200,'Semaine-02',625,,3142,180,,,0,81,,3117,180,,,0,41,,3145,180,,,0,82,,3128,180,,,0,83,,3136,180,,,0,42,,3137,180,,,0,82,,3138,180,,,0,83,,3139,180,,,0,83,,3140,180,,,0,44,,3141,180,,,0,83,,3118,180,,,0,83,,3119,180,,,0,44,,3120,180,,,0,86,,3144,180,,,0,87,,3122,180,,,0,86,,3123,180,,,0,85,,3124,180,,,0,42,,3125,180,,,0,81,,3126,180,,,0,81,,3127,180,,,0,42,,3129,180,,,0,81,,3130,180,,,0,81,,3131,180,,,0,40,,3132,180,,,0,80,,3133,180,,,0,80,,3134,180,,,0,40,,3135,180,,,0,98,,3143,180,0,6,0
3200,'Semaine-03',626,,3173,180,,,0,80,,3148,180,,,0,39,,3176,180,,,0,80,,3159,180,,,0,80,,3167,180,,,0,41,,3168,180,,,0,81,,3169,180,,,0,81,,3170,180,,,0,43,,3171,180,,,0,84,,3172,180,,,0,83,,3149,180,,,0,82,,3150,180,,,0,42,,3151,180,,,0,85,,3175,180,,,0,85,,3153,180,,,0,44,,3154,180,,,0,86,,3155,180,,,0,85,,3156,180,,,0,82,,3157,180,,,0,43,,3158,180,,,0,81,,3160,180,,,0,80,,3161,180,,,0,40,,3162,180,,,0,80,,3163,180,,,0,80,,3164,180,,,0,40,,3165,180,,,0,80,,3166,180,,,0,112,,3174,180,0,6,0
