100,'Dimanche-01',605,,12,150,,,0,200,,1,150,,,0,125,,2,150,,,0,170,,3,150,,,0,125,,4,150,,,0,124,,5,150,,,0,160,,6,150,,,0,120,,7,150,,,0,124,,8,150,,,0,175,,9,150,,,0,115,,10,150,,,0,115,,11,150,,,0
100,'Fête-1-01',605,,2637,150,,,0,200,,2626,150,,,0,125,,2627,150,,,0,170,,2628,150,,,0,125,,2629,150,,,0,124,,2630,150,,,0,160,,2631,150,,,0,120,,2632,150,,,0,124,,2633,150,,,0,175,,2634,150,,,0,115,,2635,150,,,0,115,,2636,150,,,0
100,'Samedi-01',605,,54,150,,,0,200,,43,150,,,0,125,,44,150,,,0,170,,45,150,,,0,125,,46,150,,,0,124,,47,150,,,0,160,,48,150,,,0,120,,49,150,,,0,124,,50,150,,,0,175,,51,150,,,0,115,,52,150,,,0,115,,53,150,,,0
100,'Semaine-01',448,,55,150,,,0,103,,56,150,,,0,65,,57,150,,,0,41,,58,150,,,0,159,,59,150,,,0,106,,62,150,,,0,94,,71,150,,,0,101,,63,150,,,0,99,,72,150,,,0,38,,64,150,,,0,102,,65,150,,,0,100,,69,150,,,0,150,,66,150,,,0,35,,67,150,,,0,109,,60,150,,,0,95,,61,150,,,0,173,,70,150,,,0,185,,68,150,,,0
100,'Semaine-02',446,,2638,150,,,0,100,,2639,150,,,0,70,,2640,150,,,0,41,,2641,150,,,0,169,,2642,150,,,0,100,,2645,150,,,0,30,,2654,150,,,0,100,,2646,150,,,0,145,,2655,150,,,0,55,,2647,150,,,0,100,,2648,150,,,0,100,,2652,150,,,0,150,,2649,150,,,0,50,,2650,150,,,0,154,,2643,150,,,0,90,,2644,150,,,0,103,,2653,150,,,0,197,,2651,150,,,0
100,'Semaine-03',448,,2656,150,,,0,103,,2657,150,,,0,65,,2658,150,,,0,41,,2659,150,,,0,159,,2660,150,,,0,106,,2663,150,,,0,94,,2672,150,,,0,101,,2664,150,,,0,99,,2673,150,,,0,38,,2665,150,,,0,102,,2666,150,,,0,100,,2670,150,,,0,150,,2667,150,,,0,35,,2668,150,,,0,109,,2661,150,,,0,95,,2662,150,,,0,173,,2671,150,,,0,185,,2669,150,,,0
2000,'Dimanche-01',701,,146,200,,,0,124,,147,200,,,0,126,,148,200,,,0,165,,149,200,,,0,125,,150,200,,,0,164,,151,200,,,0,125,,152,200,,,0,125,,153,200,,,0
2000,'Fête-1-01',701,,2722,200,,,0,124,,2723,200,,,0,126,,2724,200,,,0,165,,2725,200,,,0,125,,2726,200,,,0,164,,2727,200,,,0,125,,2728,200,,,0,125,,2729,200,,,0
2000,'Samedi-01',701,,171,200,,,0,124,,172,200,,,0,126,,173,200,,,0,165,,174,200,,,0,125,,175,200,,,0,164,,176,200,,,0,125,,177,200,,,0,125,,178,200,,,0
2000,'Semaine-01',644,,179,190,,,0,165,,180,190,,,0,125,,181,190,,,0,166,,182,190,,,0,126,,183,190,,,0,125,,184,190,,,0,166,,185,190,,,0,126,,186,190,,,0,166,,187,190,,,0
2000,'Semaine-01-0001100',1934,,189,190,,,0,124,,188,190,,,0
2000,'Semaine-02',644,,2730,190,,,0,165,,2731,190,,,0,125,,2732,190,,,0,166,,2733,190,,,0,126,,2734,190,,,0,125,,2735,190,,,0,166,,2736,190,,,0,126,,2737,190,,,0,166,,2738,190,,,0
2000,'Semaine-02-0001100',1934,,2740,190,,,0,124,,2739,190,,,0
2000,'Semaine-03',644,,2741,190,,,0,165,,2742,190,,,0,125,,2743,190,,,0,166,,2744,190,,,0,126,,2745,190,,,0,125,,2746,190,,,0,166,,2747,190,,,0,126,,2748,190,,,0,166,,2749,190,,,0
2000,'Semaine-03-0001100',1934,,2751,190,,,0,124,,2750,190,,,0
