11101,'Dimanche-01',739,,921,130,,,0,185,,917,260,,,0,189,,916,260,,,0,297,,918,260,,,0,249,,919,260,,,0,151,,922,130,,,0,190,,920,260,,,0,251,,923,130,,,0
11101,'Fête-1-01',739,,3342,130,,,0,185,,3338,260,,,0,189,,3337,260,,,0,297,,3339,260,,,0,249,,3340,260,,,0,151,,3343,130,,,0,190,,3341,260,,,0,251,,3344,130,,,0
11101,'Samedi-01',739,,953,130,,,0,185,,949,260,,,0,189,,948,260,,,0,297,,950,260,,,0,249,,951,260,,,0,151,,954,130,,,0,190,,952,260,,,0,251,,955,130,,,0
11101,'Semaine-01',654,,965,260,,,0,98,,972,260,,,0,450,,976,130,,,0,7,,975,260,,,0,227,,956,260,,,0,110,,957,200,,,0,10,,959,260,,,0,91,,960,200,,,0,59,,967,260,,,0,16,,962,200,,,0,30,,963,200,,,0,53,,961,200,,,0,11,,968,260,,,0,9,,964,200,,,0,84,,969,260,,,0,37,,958,270,,,0,106,,974,130,,,0,194,,971,260,,,0
11101,'Semaine-02',732,,3353,270,,,0,110,,3356,270,,,0,99,,3357,270,,,0,262,,3360,130,,,0,16,,3359,260,,,0,207,,3345,260,,,0,183,,3346,270,,,0,25,,3348,270,,,0,70,,3349,270,,,0,30,,3350,270,,,0,70,,3351,270,,,0,30,,3352,270,,,0,88,,3354,270,,,0,23,,3347,270,,,0,102,,3358,130,,,0,202,,3361,260,,,0
11101,'Semaine-03',654,,3371,260,,,0,98,,3378,260,,,0,450,,3382,130,,,0,7,,3381,260,,,0,227,,3362,260,,,0,110,,3363,200,,,0,10,,3365,260,,,0,91,,3366,200,,,0,59,,3373,260,,,0,16,,3368,200,,,0,30,,3369,200,,,0,53,,3367,200,,,0,11,,3374,260,,,0,9,,3370,200,,,0,84,,3375,260,,,0,37,,3364,270,,,0,106,,3380,130,,,0,194,,3377,260,,,0
14001,'Dimanche-01',838,,979,140,,,0,115,,980,140,,,0,155,,981,140,,,0,115,,982,140,,,0,115,,983,140,,,0,115,,984,140,,,0,160,,985,140,,,0,120,,978,140,,,0
14001,'Fête-1-01',838,,3385,140,,,0,115,,3386,140,,,0,155,,3387,140,,,0,115,,3388,140,,,0,115,,3389,140,,,0,115,,3390,140,,,0,160,,3391,140,,,0,120,,3384,140,,,0
14001,'Samedi-01',838,,1010,140,,,0,115,,1011,140,,,0,155,,1012,140,,,0,115,,1013,140,,,0,115,,1014,140,,,0,115,,1015,140,,,0,160,,1016,140,,,0,120,,1009,140,,,0
14001,'Semaine-01',751,,1017,90,,,0,161,,1019,140,,,0,120,,1020,140,,,0,121,,1021,140,,,0,165,,1022,140,,,0,125,,1023,140,,,0,165,,1024,140,,,0,125,,1025,140,,,0,126,,1026,140,,,0,160,,1027,140,,,0,113,,1028,140,,,0
14001,'Semaine-02',751,,3392,90,,,0,161,,3394,140,,,0,120,,3395,140,,,0,121,,3396,140,,,0,165,,3397,140,,,0,125,,3398,140,,,0,165,,3399,140,,,0,125,,3400,140,,,0,126,,3401,140,,,0,160,,3402,140,,,0,113,,3403,140,,,0
14001,'Semaine-03',751,,3405,90,,,0,161,,3407,140,,,0,120,,3408,140,,,0,121,,3409,140,,,0,165,,3410,140,,,0,125,,3411,140,,,0,165,,3412,140,,,0,125,,3413,140,,,0,126,,3414,140,,,0,160,,3415,140,,,0,113,,3416,140,,,0
