2301,'Semaine-01',1550,,310,140,,,0,65,,311,140,,,0,30,,312,140,,,0,70,,313,140,,,0,29,,314,140,,,0,69,,315,140,,,0,30,,316,140,,,0
2301,'Semaine-02',1550,,2852,140,,,0,65,,2853,140,,,0,30,,2854,140,,,0,70,,2855,140,,,0,24,,2856,140,,,0,74,,2857,140,,,0,30,,2858,140,,,0
2301,'Semaine-03',1550,,2859,140,,,0,65,,2860,140,,,0,30,,2861,140,,,0,70,,2862,140,,,0,29,,2863,140,,,0,69,,2864,140,,,0,30,,2865,140,,,0
2401,'Semaine-01',1637,,332,30,,,0,85,,333,30,,,0,85,,336,30,,,0,21,,335,30,,,0,24,,334,30,,,0
2401,'Semaine-02',1602,,2877,30,,,0,47,,2878,30,,,0,86,,2881,30,,,0,85,,2880,30,,,0,82,,2879,30,,,0
2401,'Semaine-03',1637,,2882,30,,,0,85,,2883,30,,,0,85,,2886,30,,,0,21,,2885,30,,,0,24,,2884,30,,,0
2501,'Semaine-01',1554,,355,140,,,0,80,,356,140,,,0,74,,357,140,,,0,39,,358,140,,,0,80,,359,140,,,0,28,,360,140,,,0
2501,'Semaine-02',1554,,2899,140,,,0,80,,2900,140,,,0,74,,2901,140,,,0,39,,2902,140,,,0,75,,2903,140,,,0,33,,2904,140,,,0
2501,'Semaine-03',1554,,2905,140,,,0,80,,2906,140,,,0,74,,2907,140,,,0,39,,2908,140,,,0,80,,2909,140,,,0,28,,2910,140,,,0
2701,'Semaine-01',606,,394,30,,,0,40,,395,30,,,0,81,,396,30,,,0,80,,397,30,,,0,744,,401,30,,,0,81,,398,30,,,0,84,,402,30,,,0,86,,399,30,,,0,45,,400,30,,,0
2701,'Semaine-02',600,,2935,30,,,0,41,,2936,30,,,0,83,,2937,30,,,0,82,,2938,30,,,0,799,,2942,30,,,0,44,,2939,30,,,0,86,,2943,30,,,0,80,,2940,30,,,0,44,,2941,30,,,0
2701,'Semaine-03',606,,2944,30,,,0,40,,2945,30,,,0,81,,2946,30,,,0,80,,2947,30,,,0,744,,2951,30,,,0,81,,2948,30,,,0,84,,2952,30,,,0,86,,2949,30,,,0,45,,2950,30,,,0
3200,'Dimanche-01',555,,578,140,,,0,254,,583,140,,,0,223,,586,140,,,0,192,,587,140,,,0,119,,579,140,,,0,162,,589,140,,,0,120,,580,140,,,0,119,,582,140,,,0,158,,581,140,,,0,215,,584,140,,,0,216,,585,140,,,0,213,,588,140,0,6,0
3200,'Fête-1-01',526,,3103,20,,,0,181,,3109,140,,,0,37,,3104,140,,,0,160,,3112,140,,,0,123,,3113,140,,,0,124,,3114,140,,,0,164,,3105,140,,,0,124,,3116,140,,,0,164,,3106,140,,,0,128,,3107,140,,,0,120,,3108,140,,,0,276,,3110,140,,,0,216,,3111,140,,,0,208,,3115,140,0,6,0
3200,'Samedi-01',526,,635,20,,,0,181,,641,140,,,0,37,,636,140,,,0,160,,644,140,,,0,123,,645,140,,,0,124,,646,140,,,0,164,,637,140,,,0,124,,648,140,,,0,164,,638,140,,,0,128,,639,140,,,0,120,,640,140,,,0,276,,642,140,,,0,216,,643,140,,,0,208,,647,140,0,6,0
3200,'Semaine-01',623,,674,140,,,0,80,,649,140,,,0,39,,677,140,,,0,79,,660,140,,,0,80,,668,140,,,0,42,,669,140,,,0,81,,670,140,,,0,81,,671,140,,,0,43,,672,140,,,0,83,,673,140,,,0,83,,650,140,,,0,42,,651,140,,,0,82,,652,140,,,0,85,,676,140,,,0,85,,654,140,,,0,44,,655,140,,,0,86,,656,140,,,0,85,,657,140,,,0,82,,658,140,,,0,43,,659,140,,,0,81,,661,140,,,0,80,,662,140,,,0,40,,663,140,,,0,80,,664,140,,,0,80,,665,140,,,0,41,,666,140,,,0,80,,667,140,,,0,112,,675,140,0,6,0
3200,'Semaine-02',622,,3142,140,,,0,81,,3117,140,,,0,41,,3145,140,,,0,81,,3128,140,,,0,84,,3136,140,,,0,42,,3137,140,,,0,82,,3138,140,,,0,83,,3139,140,,,0,43,,3140,140,,,0,83,,3141,140,,,0,83,,3118,140,,,0,83,,3119,140,,,0,44,,3120,140,,,0,86,,3144,140,,,0,87,,3122,140,,,0,86,,3123,140,,,0,45,,3124,140,,,0,82,,3125,140,,,0,81,,3126,140,,,0,81,,3127,140,,,0,42,,3129,140,,,0,81,,3130,140,,,0,81,,3131,140,,,0,40,,3132,140,,,0,81,,3133,140,,,0,80,,3134,140,,,0,40,,3135,140,,,0,98,,3143,140,0,6,0
3200,'Semaine-03',623,,3173,140,,,0,80,,3148,140,,,0,39,,3176,140,,,0,79,,3159,140,,,0,80,,3167,140,,,0,42,,3168,140,,,0,81,,3169,140,,,0,81,,3170,140,,,0,43,,3171,140,,,0,83,,3172,140,,,0,83,,3149,140,,,0,42,,3150,140,,,0,82,,3151,140,,,0,85,,3175,140,,,0,85,,3153,140,,,0,44,,3154,140,,,0,86,,3155,140,,,0,85,,3156,140,,,0,82,,3157,140,,,0,43,,3158,140,,,0,81,,3160,140,,,0,80,,3161,140,,,0,40,,3162,140,,,0,80,,3163,140,,,0,80,,3164,140,,,0,41,,3165,140,,,0,80,,3166,140,,,0,112,,3174,140,0,6,0
