100,'Dimanche-01',541,,12,40,,,0,200,,1,40,,,0,165,,2,40,,,0,130,,3,40,,,0,165,,4,40,,,0,125,,5,40,,,0,120,,6,40,,,0,160,,7,40,,,0,124,,8,40,,,0,175,,9,40,,,0,115,,10,40,,,0,115,,11,40,,,0
100,'Fête-1-01',541,,2637,40,,,0,200,,2626,40,,,0,165,,2627,40,,,0,130,,2628,40,,,0,165,,2629,40,,,0,125,,2630,40,,,0,120,,2631,40,,,0,160,,2632,40,,,0,124,,2633,40,,,0,175,,2634,40,,,0,115,,2635,40,,,0,115,,2636,40,,,0
100,'Samedi-01',541,,54,40,,,0,200,,43,40,,,0,165,,44,40,,,0,130,,45,40,,,0,165,,46,40,,,0,125,,47,40,,,0,120,,48,40,,,0,160,,49,40,,,0,124,,50,40,,,0,175,,51,40,,,0,115,,52,40,,,0,115,,53,40,,,0
100,'Semaine-01',423,,55,40,,,0,103,,56,40,,,0,25,,57,40,,,0,81,,58,40,,,0,120,,59,40,,,0,106,,62,40,,,0,94,,71,40,,,0,101,,63,40,,,0,99,,72,40,,,0,78,,64,40,,,0,102,,65,40,,,0,100,,69,40,,,0,110,,66,40,,,0,75,,67,40,,,0,109,,60,40,,,0,95,,61,40,,,0,135,,70,40,,,0,185,,68,40,,,0
100,'Semaine-02',421,,2638,40,,,0,100,,2639,40,,,0,30,,2640,40,,,0,81,,2641,40,,,0,170,,2642,40,,,0,100,,2645,40,,,0,30,,2654,40,,,0,100,,2646,40,,,0,105,,2655,40,,,0,95,,2647,40,,,0,100,,2648,40,,,0,100,,2652,40,,,0,110,,2649,40,,,0,90,,2650,40,,,0,114,,2643,40,,,0,90,,2644,40,,,0,105,,2653,40,,,0,197,,2651,40,,,0
100,'Semaine-03',423,,2656,40,,,0,103,,2657,40,,,0,25,,2658,40,,,0,81,,2659,40,,,0,120,,2660,40,,,0,106,,2663,40,,,0,94,,2672,40,,,0,101,,2664,40,,,0,99,,2673,40,,,0,78,,2665,40,,,0,102,,2666,40,,,0,100,,2670,40,,,0,110,,2667,40,,,0,75,,2668,40,,,0,109,,2661,40,,,0,95,,2662,40,,,0,135,,2671,40,,,0,185,,2669,40,,,0
101,'Dimanche-01',830,,73,770,4,,0,206,,74,770,4,,0,171,,75,770,4,,0,133,,76,770,4,,0,167,,77,770,4,,0,120,,78,770,4,,0,120,,79,770,4,,0,160,,80,770,4,,0,117,,81,770,4,,0,134,,82,770,4,,0,154,,83,770,4,,0,113,,84,770,4,,0
101,'Fête-1-01',830,,2674,770,4,,0,206,,2675,770,4,,0,171,,2676,770,4,,0,133,,2677,770,4,,0,167,,2678,770,4,,0,120,,2679,770,4,,0,120,,2680,770,4,,0,160,,2681,770,4,,0,117,,2682,770,4,,0,134,,2683,770,4,,0,154,,2684,770,4,,0,113,,2685,770,4,,0
101,'Samedi-01',830,,115,770,4,,0,206,,116,770,4,,0,171,,117,770,4,,0,133,,118,770,4,,0,167,,119,770,4,,0,120,,120,770,4,,0,120,,121,770,4,,0,160,,122,770,4,,0,117,,123,770,4,,0,134,,124,770,4,,0,154,,125,770,4,,0,113,,126,770,4,,0
101,'Semaine-01',731,,127,770,4,,0,101,,136,770,4,,0,70,,138,770,4,,0,50,,139,770,4,,0,150,,140,770,4,,0,105,,141,770,4,,0,95,,143,770,4,,0,105,,142,770,4,,0,106,,144,770,4,,0,41,,128,770,4,,0,105,,129,770,4,,0,96,,130,770,4,,0,104,,131,770,4,,0,74,,132,770,4,,0,103,,133,770,4,,0,83,,134,770,4,,0,132,,135,770,4,,0,173,,137,770,4,,0
101,'Semaine-02',726,,2686,770,4,,0,101,,2695,770,4,,0,30,,2697,770,4,,0,100,,2698,770,4,,0,145,,2699,770,4,,0,55,,2700,770,4,,0,100,,2702,770,4,,0,100,,2701,770,4,,0,151,,2703,770,4,,0,46,,2687,770,4,,0,150,,2688,770,4,,0,51,,2689,770,4,,0,104,,2690,770,4,,0,69,,2691,770,4,,0,29,,2692,770,4,,0,148,,2693,770,4,,0,141,,2694,770,4,,0,188,,2696,770,4,,0
101,'Semaine-03',731,,2704,770,4,,0,101,,2713,770,4,,0,70,,2715,770,4,,0,50,,2716,770,4,,0,150,,2717,770,4,,0,105,,2718,770,4,,0,95,,2720,770,4,,0,105,,2719,770,4,,0,106,,2721,770,4,,0,41,,2705,770,4,,0,105,,2706,770,4,,0,96,,2707,770,4,,0,104,,2708,770,4,,0,74,,2709,770,4,,0,103,,2710,770,4,,0,83,,2711,770,4,,0,132,,2712,770,4,,0,173,,2714,770,4,,0
