100,'Dimanche-01',632,,12,550,,,0,200,,1,550,,,0,127,,2,550,,,0,170,,3,550,,,0,125,,4,550,,,0,163,,5,550,,,0,118,,6,550,,,0,120,,7,550,,,0,163,,8,550,,,0,135,,9,550,,,0,155,,10,550,,,0,115,,11,550,,,0
100,'Fête-1-01',632,,2637,550,,,0,200,,2626,550,,,0,127,,2627,550,,,0,170,,2628,550,,,0,125,,2629,550,,,0,163,,2630,550,,,0,118,,2631,550,,,0,120,,2632,550,,,0,163,,2633,550,,,0,135,,2634,550,,,0,155,,2635,550,,,0,115,,2636,550,,,0
100,'Samedi-01',632,,54,550,,,0,200,,43,550,,,0,127,,44,550,,,0,170,,45,550,,,0,125,,46,550,,,0,163,,47,550,,,0,118,,48,550,,,0,120,,49,550,,,0,163,,50,550,,,0,135,,51,550,,,0,155,,52,550,,,0,115,,53,550,,,0
100,'Semaine-01',519,,55,550,,,0,104,,56,550,,,0,26,,57,550,,,0,81,,58,550,,,0,119,,59,550,,,0,104,,62,550,,,0,94,,71,550,,,0,101,,63,550,,,0,100,,72,550,,,0,78,,64,550,,,0,102,,65,550,,,0,100,,69,550,,,0,110,,66,550,,,0,75,,67,550,,,0,106,,60,550,,,0,92,,61,550,,,0,133,,70,550,,,0,184,,68,550,,,0
100,'Semaine-02',517,,2638,550,,,0,102,,2639,550,,,0,30,,2640,550,,,0,81,,2641,550,,,0,129,,2642,550,,,0,98,,2645,550,,,0,70,,2654,550,,,0,100,,2646,550,,,0,106,,2655,550,,,0,95,,2647,550,,,0,100,,2648,550,,,0,100,,2652,550,,,0,110,,2649,550,,,0,89,,2650,550,,,0,112,,2643,550,,,0,87,,2644,550,,,0,103,,2653,550,,,0,196,,2651,550,,,0
100,'Semaine-03',519,,2656,550,,,0,104,,2657,550,,,0,26,,2658,550,,,0,81,,2659,550,,,0,119,,2660,550,,,0,104,,2663,550,,,0,94,,2672,550,,,0,101,,2664,550,,,0,100,,2673,550,,,0,78,,2665,550,,,0,102,,2666,550,,,0,100,,2670,550,,,0,110,,2667,550,,,0,75,,2668,550,,,0,106,,2661,550,,,0,92,,2662,550,,,0,133,,2671,550,,,0,184,,2669,550,,,0
2300,'Semaine-01',538,,295,220,,,0,65,,296,220,,,0,15,,297,220,,,0,35,,298,220,,,0,65,,299,220,,,0,20,,300,220,,,0,20,,301,220,,,0,60,,302,220,,,0
2300,'Semaine-02',538,,2836,220,,,0,65,,2837,220,,,0,15,,2838,220,,,0,35,,2839,220,,,0,65,,2840,220,,,0,15,,2841,220,,,0,25,,2842,220,,,0,60,,2843,220,,,0
2300,'Semaine-03',538,,2844,220,,,0,65,,2845,220,,,0,15,,2846,220,,,0,35,,2847,220,,,0,65,,2848,220,,,0,20,,2849,220,,,0,20,,2850,220,,,0,60,,2851,220,,,0
2800,'Semaine-01',509,,417,80,,,0,20,,416,80,,,0,15,,414,320,,,0,15,,428,80,,,0,55,,425,80,,,0,15,,413,360,,,0,10,,426,80,,,0,10,,415,320,,,0,51,,427,80,,,0,10,,418,80,,,0,10,,419,80,,,0,15,,420,80,,,0,15,,422,80,,,0,60,,423,80,,,0
2800,'Semaine-02',509,,2957,80,,,0,20,,2956,80,,,0,15,,2954,320,,,0,15,,2963,80,,,0,55,,2964,80,,,0,15,,2953,360,,,0,15,,2955,320,,,0,56,,2958,80,,,0,15,,2959,80,,,0,15,,2960,80,,,0,20,,2961,80,,,0,60,,2962,80,,,0
2800,'Semaine-03',509,,2969,80,,,0,20,,2968,80,,,0,15,,2966,320,,,0,15,,2978,80,,,0,55,,2975,80,,,0,15,,2965,360,,,0,10,,2976,80,,,0,10,,2967,320,,,0,51,,2977,80,,,0,10,,2970,80,,,0,10,,2971,80,,,0,15,,2972,80,,,0,15,,2973,80,,,0,60,,2974,80,,,0
3300,'Dimanche-01',603,,682,400,,,0,42,,680,400,,,0,91,,691,400,,,0,81,,701,400,,,0,83,,703,400,,,0,53,,704,400,,,0,80,,705,400,,,0,80,,706,400,,,0,40,,707,400,,,0,80,,683,400,,,0,80,,684,400,,,0,39,,685,400,,,0,80,,686,400,,,0,80,,687,400,,,0,39,,688,400,,,0,79,,689,400,,,0,79,,690,400,,,0,39,,692,400,,,0,79,,693,400,,,0,80,,694,400,,,0,47,,695,400,,,0,85,,696,400,,,0,85,,697,400,,,0,87,,698,400,,,0,46,,699,400,,,0,83,,700,400,,,0,88,,681,400,,,0,83,,702,400,,,0
3300,'Fête-1-01',623,,3181,400,,,0,81,,3179,400,,,0,42,,3190,400,,,0,82,,3200,400,,,0,82,,3202,400,,,0,44,,3203,400,,,0,81,,3204,400,,,0,82,,3205,400,,,0,42,,3206,400,,,0,82,,3182,400,,,0,82,,3183,400,,,0,82,,3184,400,,,0,42,,3185,400,,,0,82,,3186,400,,,0,82,,3187,400,,,0,42,,3188,400,,,0,82,,3189,400,,,0,85,,3191,400,,,0,39,,3192,400,,,0,82,,3193,400,,,0,82,,3194,400,,,0,79,,3195,400,,,0,41,,3196,400,,,0,81,,3197,400,,,0,82,,3198,400,,,0,43,,3199,400,,,0,86,,3201,400,,,0,86,,3180,400,,,0
3300,'Samedi-01',623,,769,400,,,0,81,,767,400,,,0,42,,778,400,,,0,82,,788,400,,,0,82,,790,400,,,0,44,,791,400,,,0,81,,792,400,,,0,82,,793,400,,,0,42,,794,400,,,0,82,,770,400,,,0,82,,771,400,,,0,82,,772,400,,,0,42,,773,400,,,0,82,,774,400,,,0,82,,775,400,,,0,42,,776,400,,,0,82,,777,400,,,0,85,,779,400,,,0,39,,780,400,,,0,82,,781,400,,,0,82,,782,400,,,0,79,,783,400,,,0,41,,784,400,,,0,81,,785,400,,,0,82,,786,400,,,0,43,,787,400,,,0,86,,789,400,,,0,86,,768,400,,,0
3300,'Semaine-01',630,,796,400,,,0,80,,824,400,,,0,41,,805,400,,,0,80,,815,400,,,0,80,,818,400,,,0,40,,819,400,,,0,80,,820,400,,,0,82,,821,400,,,0,41,,822,400,,,0,83,,797,400,,,0,83,,798,400,,,0,83,,799,400,,,0,43,,800,400,,,0,83,,801,400,,,0,86,,802,400,,,0,85,,803,400,,,0,45,,804,400,,,0,84,,806,400,,,0,81,,807,400,,,0,43,,808,400,,,0,82,,809,400,,,0,80,,810,400,,,0,40,,811,400,,,0,79,,812,400,,,0,80,,813,400,,,0,40,,814,400,,,0,80,,816,400,,,0,80,,817,400,,,0
3300,'Semaine-02',625,,3208,400,,,0,81,,3236,400,,,0,42,,3217,400,,,0,82,,3227,400,,,0,82,,3230,400,,,0,42,,3231,400,,,0,82,,3232,400,,,0,83,,3233,400,,,0,83,,3234,400,,,0,43,,3209,400,,,0,83,,3210,400,,,0,83,,3211,400,,,0,44,,3212,400,,,0,85,,3213,400,,,0,87,,3214,400,,,0,87,,3215,400,,,0,45,,3216,400,,,0,82,,3218,400,,,0,81,,3219,400,,,0,81,,3220,400,,,0,41,,3221,400,,,0,81,,3222,400,,,0,81,,3223,400,,,0,40,,3224,400,,,0,80,,3225,400,,,0,80,,3226,400,,,0,40,,3228,400,,,0,80,,3229,400,,,0
3300,'Semaine-03',630,,3237,400,,,0,80,,3265,400,,,0,41,,3246,400,,,0,80,,3256,400,,,0,80,,3259,400,,,0,40,,3260,400,,,0,80,,3261,400,,,0,82,,3262,400,,,0,41,,3263,400,,,0,83,,3238,400,,,0,83,,3239,400,,,0,83,,3240,400,,,0,43,,3241,400,,,0,83,,3242,400,,,0,86,,3243,400,,,0,85,,3244,400,,,0,45,,3245,400,,,0,84,,3247,400,,,0,81,,3248,400,,,0,43,,3249,400,,,0,82,,3250,400,,,0,80,,3251,400,,,0,40,,3252,400,,,0,79,,3253,400,,,0,80,,3254,400,,,0,40,,3255,400,,,0,80,,3257,400,,,0,80,,3258,400,,,0
