101,'Dimanche-01',715,,73,50,,,0,205,,74,50,,,0,130,,75,50,,,0,171,,76,50,,,0,125,,77,50,,,0,160,,78,50,,,0,120,,79,50,,,0,120,,80,50,,,0,159,,81,50,,,0,135,,82,50,,,0,115,,83,50,,,0,155,,84,50,,,0
101,'Fête-1-01',715,,2674,50,,,0,205,,2675,50,,,0,130,,2676,50,,,0,171,,2677,50,,,0,125,,2678,50,,,0,160,,2679,50,,,0,120,,2680,50,,,0,120,,2681,50,,,0,159,,2682,50,,,0,135,,2683,50,,,0,115,,2684,50,,,0,155,,2685,50,,,0
101,'Samedi-01',715,,115,50,,,0,205,,116,50,,,0,130,,117,50,,,0,171,,118,50,,,0,125,,119,50,,,0,160,,120,50,,,0,120,,121,50,,,0,120,,122,50,,,0,159,,123,50,,,0,135,,124,50,,,0,115,,125,50,,,0,155,,126,50,,,0
101,'Semaine-01',611,,127,50,,,0,100,,136,50,,,0,30,,138,50,,,0,90,,139,50,,,0,110,,140,50,,,0,105,,141,50,,,0,95,,143,50,,,0,100,,142,50,,,0,106,,144,50,,,0,80,,128,50,,,0,100,,129,50,,,0,100,,130,50,,,0,109,,131,50,,,0,75,,132,50,,,0,105,,133,50,,,0,84,,134,50,,,0,135,,135,50,,,0,175,,137,50,,,0
101,'Semaine-02',606,,2686,50,,,0,100,,2695,50,,,0,30,,2697,50,,,0,100,,2698,50,,,0,105,,2699,50,,,0,95,,2700,50,,,0,100,,2702,50,,,0,95,,2701,50,,,0,111,,2703,50,,,0,85,,2687,50,,,0,105,,2688,50,,,0,95,,2689,50,,,0,109,,2690,50,,,0,70,,2691,50,,,0,30,,2692,50,,,0,109,,2693,50,,,0,185,,2694,50,,,0,190,,2696,50,,,0
101,'Semaine-03',611,,2704,50,,,0,100,,2713,50,,,0,30,,2715,50,,,0,90,,2716,50,,,0,110,,2717,50,,,0,105,,2718,50,,,0,95,,2720,50,,,0,100,,2719,50,,,0,106,,2721,50,,,0,80,,2705,50,,,0,100,,2706,50,,,0,100,,2707,50,,,0,109,,2708,50,,,0,75,,2709,50,,,0,105,,2710,50,,,0,84,,2711,50,,,0,135,,2712,50,,,0,175,,2714,50,,,0
2101,'Semaine-01',644,,260,50,0,5 6,0,79,,261,50,0,5 6,0,81,,262,50,0,5 6,0,754,,254,50,,,0,63,,255,50,,,0,27,,256,50,,,0,65,,257,50,,,0,25,,258,50,,,0,68,,259,50,,,0
2101,'Semaine-02',639,,2800,50,0,5 6,0,82,,2801,50,0,5 6,0,82,,2802,50,0,5 6,0,756,,2794,50,,,0,65,,2795,50,,,0,24,,2796,50,,,0,65,,2797,50,,,0,25,,2798,50,,,0,68,,2799,50,,,0
2101,'Semaine-03',644,,2809,50,0,5 6,0,79,,2810,50,0,5 6,0,81,,2811,50,0,5 6,0,754,,2803,50,,,0,63,,2804,50,,,0,27,,2805,50,,,0,65,,2806,50,,,0,25,,2807,50,,,0,68,,2808,50,,,0
2301,'Semaine-01',1531,,310,50,,,0,25,,311,50,,,0,70,,312,50,,,0,30,,313,50,,,0,70,,314,50,,,0,30,,315,50,,,0,70,,316,50,,,0
2301,'Semaine-02',1531,,2852,50,,,0,25,,2853,50,,,0,70,,2854,50,,,0,30,,2855,50,,,0,65,,2856,50,,,0,35,,2857,50,,,0,70,,2858,50,,,0
2301,'Semaine-03',1531,,2859,50,,,0,25,,2860,50,,,0,70,,2861,50,,,0,30,,2862,50,,,0,70,,2863,50,,,0,30,,2864,50,,,0,70,,2865,50,,,0
2501,'Semaine-01',1536,,355,50,,,0,80,,356,50,,,0,35,,357,50,,,0,80,,358,50,,,0,80,,359,50,,,0,29,,360,50,,,0
2501,'Semaine-02',1536,,2899,50,,,0,80,,2900,50,,,0,35,,2901,50,,,0,80,,2902,50,,,0,75,,2903,50,,,0,34,,2904,50,,,0
2501,'Semaine-03',1536,,2905,50,,,0,80,,2906,50,,,0,35,,2907,50,,,0,80,,2908,50,,,0,80,,2909,50,,,0,29,,2910,50,,,0
3100,'Dimanche-01',650,,492,50,,,0,255,,493,50,,,0,238,,491,50,,,0,163,,484,50,,,0,120,,485,50,,,0,118,,486,50,,,0,158,,487,50,,,0,119,,488,50,,,0,127,,489,50,,,0,261,,483,50,,,0,216,,490,50,,,0
3100,'Fête-1-01',539,,3034,50,,,0,83,,3045,50,,,0,201,,3046,50,,,0,125,,3043,50,,,0,164,,3033,50,,,0,124,,3044,50,,,0,164,,3035,50,,,0,124,,3036,50,,,0,124,,3037,50,,,0,164,,3038,50,,,0,124,,3039,50,,,0,67,,3040,50,,,0,216,,3041,50,,,0,216,,3042,50,,,0
3100,'Samedi-01',539,,537,50,,,0,83,,548,50,,,0,201,,549,50,,,0,125,,546,50,,,0,164,,536,50,,,0,124,,547,50,,,0,164,,538,50,,,0,124,,539,50,,,0,124,,540,50,,,0,164,,541,50,,,0,124,,542,50,,,0,67,,543,50,,,0,216,,544,50,,,0,216,,545,50,,,0
3100,'Semaine-01',545,,574,50,,,0,80,,550,50,,,0,79,,560,50,,,0,40,,575,50,,,0,80,,569,50,,,0,80,,570,50,,,0,40,,571,50,,,0,81,,577,50,,,0,81,,572,50,,,0,43,,573,50,,,0,83,,551,50,,,0,83,,552,50,,,0,42,,553,50,,,0,82,,554,50,,,0,84,,555,50,,,0,84,,556,50,,,0,45,,557,50,,,0,87,,558,50,,,0,85,,559,50,,,0,85,,561,50,,,0,42,,562,50,,,0,80,,563,50,,,0,80,,564,50,,,0,40,,565,50,,,0,80,,566,50,,,0,80,,567,50,,,0,40,,568,50,,,0,161,,576,50,0,5 6,0
3100,'Semaine-02',537,,3071,50,,,0,81,,3047,50,,,0,40,,3057,50,,,0,82,,3072,50,,,0,82,,3066,50,,,0,82,,3067,50,,,0,42,,3068,50,,,0,82,,3074,50,,,0,83,,3069,50,,,0,43,,3070,50,,,0,83,,3048,50,,,0,83,,3049,50,,,0,83,,3050,50,,,0,43,,3051,50,,,0,85,,3052,50,,,0,87,,3053,50,,,0,86,,3054,50,,,0,47,,3055,50,,,0,82,,3056,50,,,0,83,,3058,50,,,0,41,,3059,50,,,0,81,,3060,50,,,0,81,,3061,50,,,0,81,,3062,50,,,0,40,,3063,50,,,0,80,,3064,50,,,0,80,,3065,50,,,0,111,,3073,50,0,5 6,0
3100,'Semaine-03',545,,3099,50,,,0,80,,3075,50,,,0,79,,3085,50,,,0,40,,3100,50,,,0,80,,3094,50,,,0,80,,3095,50,,,0,40,,3096,50,,,0,81,,3102,50,,,0,81,,3097,50,,,0,43,,3098,50,,,0,83,,3076,50,,,0,83,,3077,50,,,0,42,,3078,50,,,0,82,,3079,50,,,0,84,,3080,50,,,0,84,,3081,50,,,0,45,,3082,50,,,0,87,,3083,50,,,0,85,,3084,50,,,0,85,,3086,50,,,0,42,,3087,50,,,0,80,,3088,50,,,0,80,,3089,50,,,0,40,,3090,50,,,0,80,,3091,50,,,0,80,,3092,50,,,0,40,,3093,50,,,0,161,,3101,50,0,5 6,0
3200,'Dimanche-01',540,,578,50,,,0,214,,583,50,,,0,262,,586,50,,,0,192,,587,50,,,0,119,,579,50,,,0,122,,589,50,,,0,160,,580,50,,,0,119,,582,50,,,0,118,,581,50,,,0,255,,584,50,,,0,216,,585,50,,,0,213,,588,50,0,6,0
3200,'Fête-1-01',652,,3109,50,,,0,77,,3104,50,,,0,120,,3112,50,,,0,162,,3113,50,,,0,124,,3114,50,,,0,124,,3105,50,,,0,164,,3116,50,,,0,124,,3106,50,,,0,168,,3107,50,,,0,120,,3108,50,,,0,276,,3110,50,,,0,216,,3111,50,,,0,212,,3115,50,0,6,0
3200,'Samedi-01',652,,641,50,,,0,77,,636,50,,,0,120,,644,50,,,0,162,,645,50,,,0,124,,646,50,,,0,124,,637,50,,,0,164,,648,50,,,0,124,,638,50,,,0,168,,639,50,,,0,120,,640,50,,,0,276,,642,50,,,0,216,,643,50,,,0,212,,647,50,0,6,0
3200,'Semaine-01',609,,674,50,,,0,39,,649,50,,,0,78,,677,50,,,0,79,,660,50,,,0,40,,668,50,,,0,83,,669,50,,,0,81,,670,50,,,0,41,,671,50,,,0,83,,672,50,,,0,82,,673,50,,,0,43,,650,50,,,0,82,,651,50,,,0,81,,652,50,,,0,84,,676,50,,,0,45,,654,50,,,0,85,,655,50,,,0,86,,656,50,,,0,86,,657,50,,,0,43,,658,50,,,0,84,,659,50,,,0,81,,661,50,,,0,40,,662,50,,,0,80,,663,50,,,0,80,,664,50,,,0,40,,665,50,,,0,82,,666,50,,,0,80,,667,50,,,0,112,,675,50,0,6,0
3200,'Semaine-02',607,,3142,50,,,0,40,,3117,50,,,0,79,,3145,50,,,0,81,,3128,50,,,0,44,,3136,50,,,0,82,,3137,50,,,0,82,,3138,50,,,0,43,,3139,50,,,0,83,,3140,50,,,0,83,,3141,50,,,0,83,,3118,50,,,0,43,,3119,50,,,0,83,,3120,50,,,0,85,,3144,50,,,0,87,,3122,50,,,0,47,,3123,50,,,0,85,,3124,50,,,0,83,,3125,50,,,0,82,,3126,50,,,0,43,,3127,50,,,0,82,,3129,50,,,0,81,,3130,50,,,0,41,,3131,50,,,0,80,,3132,50,,,0,83,,3133,50,,,0,40,,3134,50,,,0,80,,3135,50,,,0,98,,3143,50,0,6,0
3200,'Semaine-03',609,,3173,50,,,0,39,,3148,50,,,0,78,,3176,50,,,0,79,,3159,50,,,0,40,,3167,50,,,0,83,,3168,50,,,0,81,,3169,50,,,0,41,,3170,50,,,0,83,,3171,50,,,0,82,,3172,50,,,0,43,,3149,50,,,0,82,,3150,50,,,0,81,,3151,50,,,0,84,,3175,50,,,0,45,,3153,50,,,0,85,,3154,50,,,0,86,,3155,50,,,0,86,,3156,50,,,0,43,,3157,50,,,0,84,,3158,50,,,0,81,,3160,50,,,0,40,,3161,50,,,0,80,,3162,50,,,0,80,,3163,50,,,0,40,,3164,50,,,0,82,,3165,50,,,0,80,,3166,50,,,0,112,,3174,50,0,6,0
9800,'Semaine-01',722,,843,50,,,0,102,,847,50,,,0,105,,848,50,,,0,506,,849,50,,,0,105,,850,50,,,0,105,,851,50,,,0,105,,852,50,,,0,104,,853,50,,,0,99,,854,50,,,0,100,,844,50,,,0,90,,845,50,,,0,90,,846,50,,,0
9800,'Semaine-02',719,,3266,50,,,0,105,,3270,50,,,0,110,,3271,50,,,0,495,,3272,50,,,0,108,,3273,50,,,0,108,,3274,50,,,0,110,,3275,50,,,0,149,,3276,50,,,0,99,,3277,50,,,0,100,,3267,50,,,0,55,,3268,50,,,0,95,,3269,50,,,0
9800,'Semaine-03',722,,3279,50,,,0,102,,3283,50,,,0,105,,3284,50,,,0,506,,3285,50,,,0,105,,3286,50,,,0,105,,3287,50,,,0,105,,3288,50,,,0,104,,3289,50,,,0,99,,3290,50,,,0,100,,3280,50,,,0,90,,3281,50,,,0,90,,3282,50,,,0
11101,'Dimanche-01',859,,917,50,,,0,187,,916,50,,,0,295,,918,50,,,0,288,,919,50,,,0,304,,920,50,,,0
11101,'Fête-1-01',859,,3338,50,,,0,187,,3337,50,,,0,295,,3339,50,,,0,288,,3340,50,,,0,304,,3341,50,,,0
11101,'Samedi-01',859,,949,50,,,0,187,,948,50,,,0,295,,950,50,,,0,288,,951,50,,,0,304,,952,50,,,0
11101,'Semaine-01',630,,965,50,,,0,95,,972,50,,,0,130,,973,50,,,0,95,,970,50,,,0,191,,975,50,,,0,265,,956,50,,,0,120,,959,50,,,0,110,,967,50,,,0,110,,968,50,,,0,95,,969,50,,,0,75,,958,60,,,0,305,,971,50,,,0
11101,'Semaine-02',705,,3353,60,,,0,107,,3356,60,,,0,101,,3357,60,,,0,12,,3355,50,,,0,226,,3359,50,,,0,205,,3345,50,,,0,180,,3346,60,,,0,65,,3348,60,,,0,30,,3349,60,,,0,70,,3350,60,,,0,30,,3351,60,,,0,70,,3352,60,,,0,50,,3354,60,,,0,65,,3347,60,,,0,305,,3361,50,,,0
11101,'Semaine-03',630,,3371,50,,,0,95,,3378,50,,,0,130,,3379,50,,,0,95,,3376,50,,,0,191,,3381,50,,,0,265,,3362,50,,,0,120,,3365,50,,,0,110,,3373,50,,,0,110,,3374,50,,,0,95,,3375,50,,,0,75,,3364,60,,,0,305,,3377,50,,,0
