2400,'Semaine-01',559,,322,30,,,0,62,,323,30,,,0,33,,324,30,,,0,92,,326,30,,,0,74,,327,30,,,0,80,,325,30,,,0
2400,'Semaine-02',543,,2866,30,,,0,78,,2867,30,,,0,80,,2868,30,,,0,42,,2869,30,,,0,82,,2870,30,,,0
2400,'Semaine-03',559,,2871,30,,,0,62,,2872,30,,,0,33,,2873,30,,,0,92,,2875,30,,,0,74,,2876,30,,,0,80,,2874,30,,,0
2501,'Semaine-01',1616,,355,370,,,0,40,,356,370,,,0,73,,357,370,,,0,79,,358,370,,,0,40,,359,370,,,0,68,,360,370,,,0
2501,'Semaine-02',1616,,2899,370,,,0,40,,2900,370,,,0,73,,2901,370,,,0,79,,2902,370,,,0,35,,2903,370,,,0,73,,2904,370,,,0
2501,'Semaine-03',1616,,2905,370,,,0,40,,2906,370,,,0,73,,2907,370,,,0,79,,2908,370,,,0,40,,2909,370,,,0,68,,2910,370,,,0
2600,'Semaine-01',449,,363,80,,,0
2600,'Semaine-02',449,,2911,80,,,0
2600,'Semaine-03',449,,2913,80,,,0
2000002500,'Dimanche-01',540,,1991,220,,,0,87,,1993,270,,,0,78,,1994,270,,,0,35,,1995,270,,,0,68,,1996,270,,,0,34,,1997,270,,,0,78,,1998,270,,,0,37,,1999,270,,,0,76,,2000,270,,,0,72,,2001,270,,,0,45,,2002,270,,,0,85,,2003,270,,,0,95,,2004,270,,,0,23,,2005,270,,,0,62,,2006,270,,,0,85,,2007,270,,,0,40,,2008,270,,,0,80,,2009,270,,,0,80,,2010,270,,,0,35,,2011,270,,,0,81,,2012,270,,,0,39,,2013,270,,,0,80,,2014,270,,,0,70,,2015,270,,,0,35,,2016,270,,,0,75,,2017,270,,,0,35,,2018,270,,,0,75,,2019,270,,,0,75,,2020,270,,,0,30,,2021,270,,,0,75,,2022,270,,,0,35,,2023,270,,,0,76,,2024,270,,,0
2000002500,'Fête-1-01',527,,4047,220,,,0,26,,4016,270,,,0,76,,4032,270,,,0,83,,4017,270,,,0,27,,4033,270,,,0,77,,4018,270,,,0,40,,4034,270,,,0,80,,4019,270,,,0,70,,4035,270,,,0,40,,4020,270,,,0,80,,4036,270,,,0,77,,4021,270,,,0,30,,4015,270,,,0,73,,4022,270,,,0,41,,4037,270,,,0,78,,4023,270,,,0,86,,4038,270,,,0,45,,4024,270,,,0,79,,4039,270,,,0,71,,4025,270,,,0,34,,4040,270,,,0,84,,4026,270,,,0,80,,4041,270,,,0,44,,4027,270,,,0,80,,4042,270,,,0,90,,4028,270,,,0,41,,4043,270,,,0,76,,4029,270,,,0,76,,4044,270,,,0,32,,4030,270,,,0,72,,4045,270,,,0,111,,4031,270,,,0
2000002500,'Samedi-01',527,,2121,220,,,0,26,,2090,270,,,0,76,,2106,270,,,0,83,,2091,270,,,0,27,,2107,270,,,0,77,,2092,270,,,0,40,,2108,270,,,0,80,,2093,270,,,0,70,,2109,270,,,0,40,,2094,270,,,0,80,,2110,270,,,0,77,,2095,270,,,0,30,,2089,270,,,0,73,,2096,270,,,0,41,,2111,270,,,0,78,,2097,270,,,0,86,,2112,270,,,0,45,,2098,270,,,0,79,,2113,270,,,0,71,,2099,270,,,0,34,,2114,270,,,0,84,,2100,270,,,0,80,,2115,270,,,0,44,,2101,270,,,0,80,,2116,270,,,0,90,,2102,270,,,0,41,,2117,270,,,0,76,,2103,270,,,0,76,,2118,270,,,0,32,,2104,270,,,0,72,,2119,270,,,0,111,,2105,270,,,0
2000002500,'Semaine-01',600,,2123,220,,,0,36,,2124,270,,,0,80,,2125,270,,,0,40,,2122,270,,,0,80,,2126,270,,,0,80,,2127,270,,,0,40,,2128,270,,,0,80,,2129,270,,,0,81,,2130,270,,,0,42,,2131,270,,,0,83,,2132,270,,,0,83,,2133,270,,,0,83,,2134,270,,,0,42,,2135,270,,,0,82,,2136,270,,,0,85,,2137,270,,,0,85,,2138,270,,,0,46,,2139,270,,,0,85,,2140,270,,,0,85,,2141,270,,,0,82,,2142,270,,,0,42,,2143,270,,,0,79,,2144,270,,,0,80,,2145,270,,,0,40,,2146,270,,,0,80,,2147,270,,,0,80,,2148,270,,,0,40,,2149,270,,,0,60,,2150,270,,,0,30,,2151,270,,,0,82,,2152,270,,,0
2000002500,'Semaine-02',600,,4049,220,,,0,36,,4050,270,,,0,80,,4051,270,,,0,40,,4048,270,,,0,80,,4052,270,,,0,80,,4053,270,,,0,40,,4054,270,,,0,80,,4055,270,,,0,81,,4056,270,,,0,42,,4057,270,,,0,83,,4058,270,,,0,83,,4059,270,,,0,83,,4060,270,,,0,42,,4061,270,,,0,82,,4062,270,,,0,85,,4063,270,,,0,85,,4064,270,,,0,46,,4065,270,,,0,85,,4066,270,,,0,85,,4067,270,,,0,82,,4068,270,,,0,42,,4069,270,,,0,79,,4070,270,,,0,80,,4071,270,,,0,40,,4072,270,,,0,80,,4073,270,,,0,80,,4074,270,,,0,40,,4075,270,,,0,60,,4076,270,,,0,30,,4077,270,,,0,82,,4078,270,,,0
2000002500,'Semaine-03',600,,4080,220,,,0,36,,4081,270,,,0,80,,4082,270,,,0,40,,4079,270,,,0,80,,4083,270,,,0,80,,4084,270,,,0,40,,4085,270,,,0,80,,4086,270,,,0,81,,4087,270,,,0,42,,4088,270,,,0,83,,4089,270,,,0,83,,4090,270,,,0,83,,4091,270,,,0,42,,4092,270,,,0,82,,4093,270,,,0,85,,4094,270,,,0,85,,4095,270,,,0,46,,4096,270,,,0,85,,4097,270,,,0,85,,4098,270,,,0,82,,4099,270,,,0,42,,4100,270,,,0,79,,4101,270,,,0,80,,4102,270,,,0,40,,4103,270,,,0,80,,4104,270,,,0,80,,4105,270,,,0,40,,4106,270,,,0,60,,4107,270,,,0,30,,4108,270,,,0,82,,4109,270,,,0
