100,'Dimanche-01',700,,12,770,4,,0,200,,1,770,4,,0,130,,2,770,4,,0,171,,3,770,4,,0,125,,4,770,4,,0,123,,5,770,4,,0,157,,6,770,4,,0,120,,7,770,4,,0,122,,8,770,4,,0,175,,9,770,4,,0,115,,10,770,4,,0,115,,11,770,4,,0
100,'Fête-1-01',700,,2637,770,4,,0,200,,2626,770,4,,0,130,,2627,770,4,,0,171,,2628,770,4,,0,125,,2629,770,4,,0,123,,2630,770,4,,0,157,,2631,770,4,,0,120,,2632,770,4,,0,122,,2633,770,4,,0,175,,2634,770,4,,0,115,,2635,770,4,,0,115,,2636,770,4,,0
100,'Samedi-01',700,,54,770,4,,0,200,,43,770,4,,0,130,,44,770,4,,0,171,,45,770,4,,0,125,,46,770,4,,0,123,,47,770,4,,0,157,,48,770,4,,0,120,,49,770,4,,0,122,,50,770,4,,0,175,,51,770,4,,0,115,,52,770,4,,0,115,,53,770,4,,0
100,'Semaine-01',548,,55,770,4,,0,106,,56,770,4,,0,68,,57,770,4,,0,84,,58,770,4,,0,115,,59,770,4,,0,103,,62,770,4,,0,92,,71,770,4,,0,103,,63,770,4,,0,105,,72,770,4,,0,78,,64,770,4,,0,101,,65,770,4,,0,100,,69,770,4,,0,110,,66,770,4,,0,34,,67,770,4,,0,102,,60,770,4,,0,92,,61,770,4,,0,171,,70,770,4,,0,143,,68,770,4,,0
100,'Semaine-02',549,,2638,770,4,,0,104,,2639,770,4,,0,72,,2640,770,4,,0,84,,2641,770,4,,0,125,,2642,770,4,,0,97,,2645,770,4,,0,28,,2654,770,4,,0,142,,2646,770,4,,0,111,,2655,770,4,,0,95,,2647,770,4,,0,99,,2648,770,4,,0,100,,2652,770,4,,0,110,,2649,770,4,,0,87,,2650,770,4,,0,110,,2643,770,4,,0,46,,2644,770,4,,0,142,,2653,770,4,,0,154,,2651,770,4,,0
100,'Semaine-03',548,,2656,770,4,,0,106,,2657,770,4,,0,68,,2658,770,4,,0,84,,2659,770,4,,0,115,,2660,770,4,,0,103,,2663,770,4,,0,92,,2672,770,4,,0,103,,2664,770,4,,0,105,,2673,770,4,,0,78,,2665,770,4,,0,101,,2666,770,4,,0,100,,2670,770,4,,0,110,,2667,770,4,,0,34,,2668,770,4,,0,102,,2661,770,4,,0,92,,2662,770,4,,0,171,,2671,770,4,,0,143,,2669,770,4,,0
2100,'Semaine-01',605,,240,410,4,,0,30,,241,410,4,,0,73,,242,410,4,,0,38,,243,410,4,,0,70,,244,410,4,,0,36,,245,410,4,,0
2100,'Semaine-02',607,,2782,410,4,,0,30,,2783,410,4,,0,73,,2784,410,4,,0,37,,2785,410,4,,0,70,,2786,410,4,,0,36,,2787,410,4,,0
2100,'Semaine-03',605,,2788,410,4,,0,30,,2789,410,4,,0,73,,2790,410,4,,0,38,,2791,410,4,,0,70,,2792,410,4,,0,36,,2793,410,4,,0
2300,'Semaine-01',606,,295,450,4,,0,27,,296,450,4,,0,17,,297,450,4,,0,75,,298,450,4,,0,26,,299,450,4,,0,61,,300,450,4,,0,21,,301,450,4,,0,20,,302,450,4,,0
2300,'Semaine-02',610,,2836,450,4,,0,26,,2837,450,4,,0,16,,2838,450,4,,0,76,,2839,450,4,,0,23,,2840,450,4,,0,59,,2841,450,4,,0,23,,2842,450,4,,0,23,,2843,450,4,,0
2300,'Semaine-03',606,,2844,450,4,,0,27,,2845,450,4,,0,17,,2846,450,4,,0,75,,2847,450,4,,0,26,,2848,450,4,,0,61,,2849,450,4,,0,21,,2850,450,4,,0,20,,2851,450,4,,0
2500,'Semaine-01',623,,346,430,4,,0,34,,343,450,4,,0,61,,347,430,4,,0,29,,344,450,4,,0,66,,348,430,4,,0,29,,345,450,4,,0
2500,'Semaine-02',626,,2890,430,4,,0,74,,2887,450,4,,0,18,,2891,430,4,,0,34,,2888,450,4,,0,61,,2892,430,4,,0,29,,2889,450,4,,0
2500,'Semaine-03',623,,2896,430,4,,0,34,,2893,450,4,,0,61,,2897,430,4,,0,29,,2894,450,4,,0,66,,2898,430,4,,0,29,,2895,450,4,,0
2600,'Semaine-01',520,,363,400,4,,0,16,,364,410,4,,0
2600,'Semaine-02',520,,2911,400,4,,0,19,,2912,410,4,,0
2600,'Semaine-03',520,,2913,400,4,,0,16,,2914,410,4,,0
3100,'Dimanche-01',740,,492,490,4,,0,219,,493,490,4,,0,278,,491,490,4,,0,163,,484,490,4,,0,120,,485,490,4,,0,118,,486,490,4,,0,118,,487,490,4,,0,159,,488,490,4,,0,127,,489,490,4,,0,261,,483,490,4,,0,213,,490,490,4,,0
3100,'Fête-1-01',629,,3034,490,4,,0,83,,3045,490,4,,0,205,,3046,490,4,,0,125,,3043,490,4,,0,164,,3033,490,4,,0,124,,3044,490,4,,0,124,,3035,490,4,,0,164,,3036,490,4,,0,124,,3037,490,4,,0,164,,3038,490,4,,0,124,,3039,490,4,,0,27,,3040,490,4,,0,256,,3041,490,4,,0,213,,3042,490,4,,0
3100,'Samedi-01',629,,537,490,4,,0,83,,548,490,4,,0,205,,549,490,4,,0,125,,546,490,4,,0,164,,536,490,4,,0,124,,547,490,4,,0,124,,538,490,4,,0,164,,539,490,4,,0,124,,540,490,4,,0,164,,541,490,4,,0,124,,542,490,4,,0,27,,543,490,4,,0,256,,544,490,4,,0,213,,545,490,4,,0
3100,'Semaine-01',643,,574,490,4,,0,80,,550,490,4,,0,82,,560,490,4,,0,40,,575,490,4,,0,80,,569,490,4,,0,80,,570,490,4,,0,37,,571,490,4,,0,79,,577,490,4,,0,84,,572,490,4,,0,43,,573,490,4,,0,83,,551,490,4,,0,83,,552,490,4,,0,42,,553,490,4,,0,84,,554,490,4,,0,84,,555,490,4,,0,85,,556,490,4,,0,46,,557,490,4,,0,83,,558,490,4,,0,84,,559,490,4,,0,82,,561,490,4,,0,42,,562,490,4,,0,79,,563,490,4,,0,80,,564,490,4,,0,37,,565,490,4,,0,80,,566,490,4,,0,80,,567,490,4,,0,40,,568,490,4,,0
3100,'Semaine-02',639,,3071,490,4,,0,81,,3047,490,4,,0,83,,3057,490,4,,0,43,,3072,490,4,,0,82,,3066,490,4,,0,82,,3067,490,4,,0,39,,3068,490,4,,0,80,,3074,490,4,,0,86,,3069,490,4,,0,43,,3070,490,4,,0,83,,3048,490,4,,0,83,,3049,490,4,,0,83,,3050,490,4,,0,45,,3051,490,4,,0,85,,3052,490,4,,0,89,,3053,490,4,,0,86,,3054,490,4,,0,43,,3055,490,4,,0,81,,3056,490,4,,0,79,,3058,490,4,,0,41,,3059,490,4,,0,80,,3060,490,4,,0,81,,3061,490,4,,0,39,,3062,490,4,,0,80,,3063,490,4,,0,80,,3064,490,4,,0,40,,3065,490,4,,0
3100,'Semaine-03',643,,3099,490,4,,0,80,,3075,490,4,,0,82,,3085,490,4,,0,40,,3100,490,4,,0,80,,3094,490,4,,0,80,,3095,490,4,,0,37,,3096,490,4,,0,79,,3102,490,4,,0,84,,3097,490,4,,0,43,,3098,490,4,,0,83,,3076,490,4,,0,83,,3077,490,4,,0,42,,3078,490,4,,0,84,,3079,490,4,,0,84,,3080,490,4,,0,85,,3081,490,4,,0,46,,3082,490,4,,0,83,,3083,490,4,,0,84,,3084,490,4,,0,82,,3086,490,4,,0,42,,3087,490,4,,0,79,,3088,490,4,,0,80,,3089,490,4,,0,37,,3090,490,4,,0,80,,3091,490,4,,0,80,,3092,490,4,,0,40,,3093,490,4,,0
3200,'Dimanche-01',635,,578,500,4,,0,214,,583,500,4,,0,263,,586,500,4,,0,192,,587,500,4,,0,119,,579,500,4,,0,122,,589,500,4,,0,160,,580,500,4,,0,119,,582,500,4,,0,118,,581,500,4,,0,213,,584,500,4,,0,256,,585,500,4,,0
3200,'Fête-1-01',606,,3103,380,4,,0,141,,3109,500,4,,0,77,,3104,500,4,,0,120,,3112,500,4,,0,163,,3113,500,4,,0,124,,3114,500,4,,0,124,,3105,500,4,,0,164,,3116,500,4,,0,124,,3106,500,4,,0,168,,3107,500,4,,0,120,,3108,500,4,,0,274,,3110,500,4,,0,216,,3111,500,4,,0
3200,'Samedi-01',606,,635,380,4,,0,141,,641,500,4,,0,77,,636,500,4,,0,120,,644,500,4,,0,163,,645,500,4,,0,124,,646,500,4,,0,124,,637,500,4,,0,164,,648,500,4,,0,124,,638,500,4,,0,168,,639,500,4,,0,120,,640,500,4,,0,274,,642,500,4,,0,216,,643,500,4,,0
3200,'Semaine-01',707,,674,500,4,,0,41,,649,500,4,,0,80,,677,500,4,,0,80,,660,500,4,,0,40,,668,500,4,,0,77,,669,500,4,,0,81,,670,500,4,,0,41,,671,500,4,,0,83,,672,500,4,,0,83,,673,500,4,,0,43,,650,500,4,,0,82,,651,500,4,,0,84,,652,500,4,,0,86,,676,500,4,,0,17,,653,150,4,,0,28,,654,500,4,,0,58,,678,150,4,,0,24,,655,500,4,,0,20,,679,150,4,,0,65,,656,500,4,,0,84,,657,500,4,,0,41,,658,500,4,,0,83,,659,500,4,,0,80,,661,500,4,,0,40,,662,500,4,,0,80,,663,500,4,,0,80,,664,500,4,,0,40,,665,500,4,,0,80,,666,500,4,,0,80,,667,500,4,,0
3200,'Semaine-02',708,,3142,500,4,,0,43,,3117,500,4,,0,82,,3145,500,4,,0,82,,3128,500,4,,0,38,,3136,500,4,,0,82,,3137,500,4,,0,82,,3138,500,4,,0,83,,3139,500,4,,0,43,,3140,500,4,,0,84,,3141,500,4,,0,83,,3118,500,4,,0,43,,3119,500,4,,0,85,,3120,500,4,,0,87,,3144,500,4,,0,22,,3121,150,4,,0,65,,3122,500,4,,0,22,,3146,150,4,,0,22,,3123,500,4,,0,63,,3147,150,4,,0,22,,3124,500,4,,0,81,,3125,500,4,,0,80,,3126,500,4,,0,42,,3127,500,4,,0,81,,3129,500,4,,0,81,,3130,500,4,,0,41,,3131,500,4,,0,80,,3132,500,4,,0,80,,3133,500,4,,0,40,,3134,500,4,,0,80,,3135,500,4,,0
3200,'Semaine-03',707,,3173,500,4,,0,41,,3148,500,4,,0,80,,3176,500,4,,0,80,,3159,500,4,,0,40,,3167,500,4,,0,77,,3168,500,4,,0,81,,3169,500,4,,0,41,,3170,500,4,,0,83,,3171,500,4,,0,83,,3172,500,4,,0,43,,3149,500,4,,0,82,,3150,500,4,,0,84,,3151,500,4,,0,86,,3175,500,4,,0,17,,3152,150,4,,0,28,,3153,500,4,,0,58,,3177,150,4,,0,24,,3154,500,4,,0,20,,3178,150,4,,0,65,,3155,500,4,,0,84,,3156,500,4,,0,41,,3157,500,4,,0,83,,3158,500,4,,0,80,,3160,500,4,,0,40,,3161,500,4,,0,80,,3162,500,4,,0,80,,3163,500,4,,0,40,,3164,500,4,,0,80,,3165,500,4,,0,80,,3166,500,4,,0
9800,'Semaine-01',708,,855,290,4,,0,102,,843,390,4,,0,104,,847,390,4,,0,105,,848,390,4,,0,506,,849,390,4,,0,105,,850,390,4,,0,105,,851,390,4,,0,104,,852,390,4,,0,102,,853,390,4,,0,97,,854,390,4,,0,94,,844,390,4,,0,90,,845,390,4,,0
9800,'Semaine-02',703,,3278,290,4,,0,104,,3266,390,4,,0,107,,3270,390,4,,0,105,,3271,390,4,,0,500,,3272,390,4,,0,108,,3273,390,4,,0,108,,3274,390,4,,0,109,,3275,390,4,,0,105,,3276,390,4,,0,96,,3277,390,4,,0,97,,3267,390,4,,0,95,,3268,390,4,,0
9800,'Semaine-03',708,,3291,290,4,,0,102,,3279,390,4,,0,104,,3283,390,4,,0,105,,3284,390,4,,0,506,,3285,390,4,,0,105,,3286,390,4,,0,105,,3287,390,4,,0,104,,3288,390,4,,0,102,,3289,390,4,,0,97,,3290,390,4,,0,94,,3280,390,4,,0,90,,3281,390,4,,0
11100,'Dimanche-01',846,,857,520,4,,0,187,,856,520,4,,0,291,,858,520,4,,0,290,,859,520,4,,0,305,,860,520,4,,0
11100,'Fête-1-01',846,,3293,520,4,,0,187,,3292,520,4,,0,291,,3294,520,4,,0,290,,3295,520,4,,0,305,,3296,520,4,,0
11100,'Samedi-01',846,,887,520,4,,0,187,,886,520,4,,0,291,,888,520,4,,0,290,,889,520,4,,0,305,,890,520,4,,0
11100,'Semaine-01',611,,896,520,4,,0,97,,897,520,4,,0,111,,898,520,4,,0,95,,899,520,4,,0,114,,912,520,4,,0,75,,894,520,4,,0,225,,895,520,4,,0,380,,906,520,4,,0,99,,908,520,4,,0,394,,910,450,4,,0
11100,'Semaine-02',600,,3304,520,4,,0,30,,3302,520,4,,0,77,,3305,520,4,,0,30,,3303,520,4,,0,71,,3309,520,4,,0,30,,3310,520,4,,0,66,,3301,520,4,,0,106,,3311,520,4,,0,93,,3315,520,4,,0,233,,3300,520,4,,0,404,,3306,520,4,,0,63,,3308,520,4,,0,31,,3307,520,4,,0,367,,3314,450,4,,0
11100,'Semaine-03',611,,3318,520,4,,0,97,,3319,520,4,,0,111,,3320,520,4,,0,95,,3321,520,4,,0,114,,3334,520,4,,0,75,,3316,520,4,,0,225,,3317,520,4,,0,380,,3328,520,4,,0,99,,3330,520,4,,0,394,,3332,450,4,,0
