2501,'Semaine-01',1605,,355,290,,,0,40,,356,290,,,0,74,,357,290,,,0,39,,358,290,,,0,80,,359,290,,,0,68,,360,290,,,0
2501,'Semaine-02',1605,,2899,290,,,0,40,,2900,290,,,0,74,,2901,290,,,0,39,,2902,290,,,0,75,,2903,290,,,0,73,,2904,290,,,0
2501,'Semaine-03',1605,,2905,290,,,0,40,,2906,290,,,0,74,,2907,290,,,0,39,,2908,290,,,0,80,,2909,290,,,0,68,,2910,290,,,0
2701,'Semaine-01',617,,394,180,,,0,40,,395,180,,,0,81,,396,180,,,0,80,,397,180,,,0,785,,401,180,,,0,41,,398,180,,,0,84,,402,180,,,0,86,,399,180,,,0,45,,400,180,,,0
2701,'Semaine-02',611,,2935,180,,,0,41,,2936,180,,,0,83,,2937,180,,,0,82,,2938,180,,,0,800,,2942,180,,,0,84,,2939,180,,,0,46,,2943,180,,,0,80,,2940,180,,,0,84,,2941,180,,,0
2701,'Semaine-03',617,,2944,180,,,0,40,,2945,180,,,0,81,,2946,180,,,0,80,,2947,180,,,0,785,,2951,180,,,0,41,,2948,180,,,0,84,,2952,180,,,0,86,,2949,180,,,0,45,,2950,180,,,0
2000002500,'Dimanche-01',531,,1991,120,,,0,87,,1993,170,,,0,38,,1994,170,,,0,75,,1995,170,,,0,28,,1996,170,,,0,74,,1997,170,,,0,78,,1998,170,,,0,37,,1999,170,,,0,76,,2000,170,,,0,32,,2001,170,,,0,85,,2002,170,,,0,85,,2003,170,,,0,95,,2004,170,,,0,23,,2005,170,,,0,62,,2006,170,,,0,45,,2007,170,,,0,80,,2008,170,,,0,80,,2009,170,,,0,40,,2010,170,,,0,75,,2011,170,,,0,81,,2012,170,,,0,39,,2013,170,,,0,80,,2014,170,,,0,30,,2015,170,,,0,75,,2016,170,,,0,75,,2017,170,,,0,35,,2018,170,,,0,75,,2019,170,,,0,35,,2020,170,,,0,70,,2021,170,,,0,35,,2022,170,,,0,75,,2023,170,,,0,76,,2024,170,,,0,102,,1992,170,,,0
2000002500,'Fête-1-01',518,,4047,120,,,0,26,,4016,170,,,0,76,,4032,170,,,0,83,,4017,170,,,0,27,,4033,170,,,0,77,,4018,170,,,0,40,,4034,170,,,0,80,,4019,170,,,0,30,,4035,170,,,0,80,,4020,170,,,0,80,,4036,170,,,0,37,,4021,170,,,0,70,,4015,170,,,0,33,,4022,170,,,0,81,,4037,170,,,0,78,,4023,170,,,0,86,,4038,170,,,0,45,,4024,170,,,0,79,,4039,170,,,0,31,,4025,170,,,0,74,,4040,170,,,0,84,,4026,170,,,0,40,,4041,170,,,0,84,,4027,170,,,0,80,,4042,170,,,0,90,,4028,170,,,0,41,,4043,170,,,0,76,,4029,170,,,0,76,,4044,170,,,0,32,,4030,170,,,0,72,,4045,170,,,0,111,,4031,170,,,0,96,,4046,170,,,0
2000002500,'Samedi-01',518,,2121,120,,,0,26,,2090,170,,,0,76,,2106,170,,,0,83,,2091,170,,,0,27,,2107,170,,,0,77,,2092,170,,,0,40,,2108,170,,,0,80,,2093,170,,,0,30,,2109,170,,,0,80,,2094,170,,,0,80,,2110,170,,,0,37,,2095,170,,,0,70,,2089,170,,,0,33,,2096,170,,,0,81,,2111,170,,,0,78,,2097,170,,,0,86,,2112,170,,,0,45,,2098,170,,,0,79,,2113,170,,,0,31,,2099,170,,,0,74,,2114,170,,,0,84,,2100,170,,,0,40,,2115,170,,,0,84,,2101,170,,,0,80,,2116,170,,,0,90,,2102,170,,,0,41,,2117,170,,,0,76,,2103,170,,,0,76,,2118,170,,,0,32,,2104,170,,,0,72,,2119,170,,,0,111,,2105,170,,,0,96,,2120,170,,,0
2000002500,'Semaine-01',551,,2123,120,,,0,76,,2124,170,,,0,80,,2125,170,,,0,40,,2122,170,,,0,80,,2126,170,,,0,80,,2127,170,,,0,40,,2128,170,,,0,80,,2129,170,,,0,81,,2130,170,,,0,42,,2131,170,,,0,83,,2132,170,,,0,83,,2133,170,,,0,43,,2134,170,,,0,82,,2135,170,,,0,82,,2136,170,,,0,85,,2137,170,,,0,45,,2138,170,,,0,86,,2139,170,,,0,85,,2140,170,,,0,85,,2141,170,,,0,42,,2142,170,,,0,82,,2143,170,,,0,79,,2144,170,,,0,40,,2145,170,,,0,80,,2146,170,,,0,80,,2147,170,,,0,40,,2148,170,,,0,80,,2149,170,,,0,20,,2150,170,,,0,70,,2151,170,,,0,82,,2152,170,,,0
2000002500,'Semaine-02',551,,4049,120,,,0,76,,4050,170,,,0,80,,4051,170,,,0,40,,4048,170,,,0,80,,4052,170,,,0,80,,4053,170,,,0,40,,4054,170,,,0,80,,4055,170,,,0,81,,4056,170,,,0,42,,4057,170,,,0,83,,4058,170,,,0,83,,4059,170,,,0,43,,4060,170,,,0,82,,4061,170,,,0,82,,4062,170,,,0,85,,4063,170,,,0,45,,4064,170,,,0,86,,4065,170,,,0,85,,4066,170,,,0,85,,4067,170,,,0,42,,4068,170,,,0,82,,4069,170,,,0,79,,4070,170,,,0,40,,4071,170,,,0,80,,4072,170,,,0,80,,4073,170,,,0,40,,4074,170,,,0,80,,4075,170,,,0,20,,4076,170,,,0,70,,4077,170,,,0,82,,4078,170,,,0
2000002500,'Semaine-03',551,,4080,120,,,0,76,,4081,170,,,0,80,,4082,170,,,0,40,,4079,170,,,0,80,,4083,170,,,0,80,,4084,170,,,0,40,,4085,170,,,0,80,,4086,170,,,0,81,,4087,170,,,0,42,,4088,170,,,0,83,,4089,170,,,0,83,,4090,170,,,0,43,,4091,170,,,0,82,,4092,170,,,0,82,,4093,170,,,0,85,,4094,170,,,0,45,,4095,170,,,0,86,,4096,170,,,0,85,,4097,170,,,0,85,,4098,170,,,0,42,,4099,170,,,0,82,,4100,170,,,0,79,,4101,170,,,0,40,,4102,170,,,0,80,,4103,170,,,0,80,,4104,170,,,0,40,,4105,170,,,0,80,,4106,170,,,0,20,,4107,170,,,0,70,,4108,170,,,0,82,,4109,170,,,0
2000002700,'Dimanche-01',632,,2153,130,,,0,90,,2157,130,,,0,81,,2154,130,,,0,43,,2158,130,,,0,93,,2159,130,,,0,83,,2160,130,,,0,85,,2161,130,,,0,35,,2162,130,,,0,74,,2163,130,,,0,85,,2164,130,,,0,39,,2165,130,,,0,80,,2166,130,,,0,80,,2167,130,,,0,42,,2168,130,,,0,76,,2169,130,,,0,83,,2170,130,,,0,35,,2171,130,,,0,84,,2172,130,,,0,35,,2173,130,,,0,84,,2174,130,,,0,84,,2175,130,,,0,86,,2176,130,,,0,44,,2155,130,,,0,90,,2177,130,,,0,82,,2178,130,,,0,84,,2179,130,,,0,49,,2180,130,,,0,84,,2181,130,,,0,82,,2156,130,,,0
2000002700,'Fête-1-01',611,,4110,130,,,0,43,,4114,130,,,0,90,,4111,130,,,0,77,,4115,130,,,0,36,,4116,130,,,0,84,,4117,130,,,0,81,,4118,130,,,0,82,,4119,130,,,0,42,,4120,130,,,0,82,,4121,130,,,0,82,,4122,130,,,0,42,,4123,130,,,0,82,,4124,130,,,0,82,,4125,130,,,0,42,,4126,130,,,0,82,,4127,130,,,0,82,,4128,130,,,0,86,,4129,130,,,0,38,,4130,130,,,0,82,,4131,130,,,0,82,,4132,130,,,0,42,,4133,130,,,0,74,,4112,130,,,0,77,,4134,130,,,0,50,,4135,130,,,0,86,,4136,130,,,0,80,,4137,130,,,0,89,,4138,130,,,0,39,,4113,130,,,0,76,,4139,130,,,0
2000002700,'Samedi-01',611,,2234,130,,,0,43,,2238,130,,,0,90,,2235,130,,,0,77,,2239,130,,,0,36,,2240,130,,,0,84,,2241,130,,,0,81,,2242,130,,,0,82,,2243,130,,,0,42,,2244,130,,,0,82,,2245,130,,,0,82,,2246,130,,,0,42,,2247,130,,,0,82,,2248,130,,,0,82,,2249,130,,,0,42,,2250,130,,,0,82,,2251,130,,,0,82,,2252,130,,,0,86,,2253,130,,,0,38,,2254,130,,,0,82,,2255,130,,,0,82,,2256,130,,,0,42,,2257,130,,,0,74,,2236,130,,,0,77,,2258,130,,,0,50,,2259,130,,,0,86,,2260,130,,,0,80,,2261,130,,,0,89,,2262,130,,,0,39,,2237,130,,,0,76,,2263,130,,,0
2000002700,'Semaine-01',618,,2283,130,,,0,241,,2264,130,,,0,80,,2266,130,,,0,80,,2282,130,,,0,81,,2281,130,,,0,41,,2280,130,,,0,83,,2279,130,,,0,83,,2278,130,,,0,43,,2277,130,,,0,82,,2276,130,,,0,82,,2284,130,,,0,45,,2285,130,,,0,382,,2275,130,,,0,83,,2274,130,,,0,80,,2273,130,,,0,40,,2272,130,,,0,80,,2271,130,,,0,80,,2270,130,,,0,40,,2269,130,,,0,80,,2268,130,,,0,80,,2267,130,,,0,40,,2265,130,,,0
2000002700,'Semaine-02',618,,4159,130,,,0,241,,4140,130,,,0,80,,4142,130,,,0,80,,4158,130,,,0,81,,4157,130,,,0,41,,4156,130,,,0,83,,4155,130,,,0,83,,4154,130,,,0,43,,4153,130,,,0,82,,4152,130,,,0,82,,4160,130,,,0,45,,4161,130,,,0,382,,4151,130,,,0,83,,4150,130,,,0,80,,4149,130,,,0,40,,4148,130,,,0,80,,4147,130,,,0,80,,4146,130,,,0,40,,4145,130,,,0,80,,4144,130,,,0,80,,4143,130,,,0,40,,4141,130,,,0
2000002700,'Semaine-03',618,,4181,130,,,0,241,,4162,130,,,0,80,,4164,130,,,0,80,,4180,130,,,0,81,,4179,130,,,0,41,,4178,130,,,0,83,,4177,130,,,0,83,,4176,130,,,0,43,,4175,130,,,0,82,,4174,130,,,0,82,,4182,130,,,0,45,,4183,130,,,0,382,,4173,130,,,0,83,,4172,130,,,0,80,,4171,130,,,0,40,,4170,130,,,0,80,,4169,130,,,0,80,,4168,130,,,0,40,,4167,130,,,0,80,,4166,130,,,0,80,,4165,130,,,0,40,,4163,130,,,0
