101,'Dimanche-01',736,,73,190,,,0,205,,74,190,,,0,170,,75,190,,,0,133,,76,190,,,0,167,,77,190,,,0,120,,78,190,,,0,120,,79,190,,,0,160,,80,190,,,0,118,,81,190,,,0,174,,82,190,,,0,114,,83,190,,,0,114,,84,190,,,0
101,'Fête-1-01',736,,2674,190,,,0,205,,2675,190,,,0,170,,2676,190,,,0,133,,2677,190,,,0,167,,2678,190,,,0,120,,2679,190,,,0,120,,2680,190,,,0,160,,2681,190,,,0,118,,2682,190,,,0,174,,2683,190,,,0,114,,2684,190,,,0,114,,2685,190,,,0
101,'Samedi-01',736,,115,190,,,0,205,,116,190,,,0,170,,117,190,,,0,133,,118,190,,,0,167,,119,190,,,0,120,,120,190,,,0,120,,121,190,,,0,160,,122,190,,,0,118,,123,190,,,0,174,,124,190,,,0,114,,125,190,,,0,114,,126,190,,,0
101,'Semaine-01',635,,127,190,,,0,100,,136,190,,,0,70,,138,190,,,0,50,,139,190,,,0,151,,140,190,,,0,105,,141,190,,,0,95,,143,190,,,0,102,,142,190,,,0,106,,144,190,,,0,41,,128,190,,,0,102,,129,190,,,0,96,,130,190,,,0,149,,131,190,,,0,34,,132,190,,,0,103,,133,190,,,0,84,,134,190,,,0,134,,135,190,,,0,175,,137,190,,,0
101,'Semaine-02',630,,2686,190,,,0,100,,2695,190,,,0,70,,2697,190,,,0,100,,2698,190,,,0,106,,2699,190,,,0,95,,2700,190,,,0,100,,2702,190,,,0,57,,2701,190,,,0,151,,2703,190,,,0,46,,2687,190,,,0,147,,2688,190,,,0,51,,2689,190,,,0,149,,2690,190,,,0,29,,2691,190,,,0,69,,2692,190,,,0,108,,2693,190,,,0,144,,2694,190,,,0,190,,2696,190,,,0
101,'Semaine-03',635,,2704,190,,,0,100,,2713,190,,,0,70,,2715,190,,,0,50,,2716,190,,,0,151,,2717,190,,,0,105,,2718,190,,,0,95,,2720,190,,,0,102,,2719,190,,,0,106,,2721,190,,,0,41,,2705,190,,,0,102,,2706,190,,,0,96,,2707,190,,,0,149,,2708,190,,,0,34,,2709,190,,,0,103,,2710,190,,,0,84,,2711,190,,,0,134,,2712,190,,,0,175,,2714,190,,,0
2100,'Semaine-01',526,,240,40,,,0,30,,241,40,,,0,70,,242,40,,,0,75,,243,40,,,0,30,,244,40,,,0,75,,245,40,,,0
2100,'Semaine-02',521,,2782,40,,,0,30,,2783,40,,,0,70,,2784,40,,,0,35,,2785,40,,,0,70,,2786,40,,,0,75,,2787,40,,,0
2100,'Semaine-03',526,,2788,40,,,0,30,,2789,40,,,0,70,,2790,40,,,0,75,,2791,40,,,0,30,,2792,40,,,0,75,,2793,40,,,0
2101,'Semaine-01',1624,,254,190,,,0,23,,255,190,,,0,66,,256,190,,,0,24,,257,190,,,0,65,,258,190,,,0,28,,259,190,,,0
2101,'Semaine-02',1627,,2794,190,,,0,25,,2795,190,,,0,64,,2796,190,,,0,24,,2797,190,,,0,65,,2798,190,,,0,28,,2799,190,,,0
2101,'Semaine-03',1624,,2803,190,,,0,23,,2804,190,,,0,66,,2805,190,,,0,24,,2806,190,,,0,65,,2807,190,,,0,28,,2808,190,,,0
2801,'Semaine-01',1359,,445,130,0,6,0,188,,451,130,0,6,0,57,,454,130,0,6,0,15,,458,130,0,6,0,17,,455,130,0,6,0,15,,443,130,0,7,0,50,,457,130,0,6,0,10,,446,130,0,6,0,9,,447,130,0,6,0,10,,442,130,,,0,10,,448,130,0,6,0,8,,449,130,0,6,0,10,,444,130,0,7,0,54,,450,130,0,6,0,11,,452,130,0,6,0,25,,453,130,0,6,0
2801,'Semaine-02',1359,,2982,130,0,6,0,188,,2986,130,0,6,0,57,,2989,130,0,6,0,15,,2992,130,0,6,0,17,,2980,130,0,7,0,15,,2990,130,0,6,0,55,,2991,130,0,6,0,14,,2983,130,0,6,0,15,,2979,130,,,0,13,,2984,130,0,6,0,54,,2981,130,0,7,0,15,,2985,130,0,6,0,11,,2987,130,0,6,0,20,,2988,130,0,6,0
2801,'Semaine-03',1359,,2996,130,0,6,0,188,,3002,130,0,6,0,57,,3005,130,0,6,0,15,,3008,130,0,6,0,17,,3006,130,0,6,0,15,,2994,130,0,7,0,50,,3007,130,0,6,0,10,,2997,130,0,6,0,9,,2998,130,0,6,0,10,,2993,130,,,0,10,,2999,130,0,6,0,8,,3000,130,0,6,0,10,,2995,130,0,7,0,54,,3001,130,0,6,0,11,,3003,130,0,6,0,25,,3004,130,0,6,0
3300,'Dimanche-01',542,,682,60,,,0,82,,680,60,,,0,90,,691,60,,,0,41,,701,60,,,0,83,,703,60,,,0,93,,704,60,,,0,80,,705,60,,,0,40,,706,60,,,0,80,,707,60,,,0,80,,683,60,,,0,40,,684,60,,,0,79,,685,60,,,0,80,,686,60,,,0,40,,687,60,,,0,79,,688,60,,,0,79,,689,60,,,0,39,,690,60,,,0,79,,692,60,,,0,79,,693,60,,,0,40,,694,60,,,0,87,,695,60,,,0,85,,696,60,,,0,86,,697,60,,,0,47,,698,60,,,0,86,,699,60,,,0,83,,700,60,,,0,88,,681,60,,,0,43,,702,60,,,0,159,,708,60,0,8 6,0
3300,'Fête-1-01',602,,3181,60,,,0,41,,3179,60,,,0,81,,3190,60,,,0,82,,3200,60,,,0,42,,3202,60,,,0,84,,3203,60,,,0,81,,3204,60,,,0,42,,3205,60,,,0,82,,3206,60,,,0,82,,3182,60,,,0,82,,3183,60,,,0,42,,3184,60,,,0,82,,3185,60,,,0,82,,3186,60,,,0,42,,3187,60,,,0,82,,3188,60,,,0,82,,3189,60,,,0,45,,3191,60,,,0,79,,3192,60,,,0,82,,3193,60,,,0,82,,3194,60,,,0,39,,3195,60,,,0,82,,3196,60,,,0,81,,3197,60,,,0,42,,3198,60,,,0,83,,3199,60,,,0,86,,3201,60,,,0,86,,3180,60,,,0,113,,3207,60,0,8 6,0
3300,'Samedi-01',602,,769,60,,,0,41,,767,60,,,0,81,,778,60,,,0,82,,788,60,,,0,42,,790,60,,,0,84,,791,60,,,0,81,,792,60,,,0,42,,793,60,,,0,82,,794,60,,,0,82,,770,60,,,0,82,,771,60,,,0,42,,772,60,,,0,82,,773,60,,,0,82,,774,60,,,0,42,,775,60,,,0,82,,776,60,,,0,82,,777,60,,,0,45,,779,60,,,0,79,,780,60,,,0,82,,781,60,,,0,82,,782,60,,,0,39,,783,60,,,0,82,,784,60,,,0,81,,785,60,,,0,42,,786,60,,,0,83,,787,60,,,0,86,,789,60,,,0,86,,768,60,,,0,113,,795,60,0,8 6,0
3300,'Semaine-01',609,,796,60,,,0,40,,824,60,,,0,80,,805,60,,,0,80,,815,60,,,0,40,,818,60,,,0,80,,819,60,,,0,80,,820,60,,,0,41,,821,60,,,0,81,,822,60,,,0,83,,797,60,,,0,43,,798,60,,,0,83,,799,60,,,0,82,,800,60,,,0,82,,801,60,,,0,45,,802,60,,,0,85,,803,60,,,0,85,,804,60,,,0,85,,806,60,,,0,45,,807,60,,,0,83,,808,60,,,0,82,,809,60,,,0,40,,810,60,,,0,80,,811,60,,,0,80,,812,60,,,0,40,,813,60,,,0,80,,814,60,,,0,80,,816,60,,,0,40,,817,60,,,0,96,,823,10,0,8 6,0
3300,'Semaine-02',604,,3208,60,,,0,41,,3236,60,,,0,81,,3217,60,,,0,82,,3227,60,,,0,42,,3230,60,,,0,82,,3231,60,,,0,82,,3232,60,,,0,42,,3233,60,,,0,83,,3234,60,,,0,83,,3209,60,,,0,83,,3210,60,,,0,43,,3211,60,,,0,83,,3212,60,,,0,84,,3213,60,,,0,86,,3214,60,,,0,47,,3215,60,,,0,86,,3216,60,,,0,85,,3218,60,,,0,82,,3219,60,,,0,41,,3220,60,,,0,81,,3221,60,,,0,81,,3222,60,,,0,41,,3223,60,,,0,81,,3224,60,,,0,80,,3225,60,,,0,40,,3226,60,,,0,80,,3228,60,,,0,80,,3229,60,,,0,45,,3235,10,0,8 6,0
3300,'Semaine-03',609,,3237,60,,,0,40,,3265,60,,,0,80,,3246,60,,,0,80,,3256,60,,,0,40,,3259,60,,,0,80,,3260,60,,,0,80,,3261,60,,,0,41,,3262,60,,,0,81,,3263,60,,,0,83,,3238,60,,,0,43,,3239,60,,,0,83,,3240,60,,,0,82,,3241,60,,,0,82,,3242,60,,,0,45,,3243,60,,,0,85,,3244,60,,,0,85,,3245,60,,,0,85,,3247,60,,,0,45,,3248,60,,,0,83,,3249,60,,,0,82,,3250,60,,,0,40,,3251,60,,,0,80,,3252,60,,,0,80,,3253,60,,,0,40,,3254,60,,,0,80,,3255,60,,,0,80,,3257,60,,,0,40,,3258,60,,,0,96,,3264,10,0,8 6,0
