100,'Dimanche-01',606,,12,170,,,0,200,,1,170,,,0,125,,2,170,,,0,170,,3,170,,,0,125,,4,170,,,0,124,,5,170,,,0,160,,6,170,,,0,120,,7,170,,,0,124,,8,170,,,0,175,,9,170,,,0,115,,10,170,,,0,115,,11,170,,,0
100,'Fête-1-01',606,,2637,170,,,0,200,,2626,170,,,0,125,,2627,170,,,0,170,,2628,170,,,0,125,,2629,170,,,0,124,,2630,170,,,0,160,,2631,170,,,0,120,,2632,170,,,0,124,,2633,170,,,0,175,,2634,170,,,0,115,,2635,170,,,0,115,,2636,170,,,0
100,'Samedi-01',606,,54,170,,,0,200,,43,170,,,0,125,,44,170,,,0,170,,45,170,,,0,125,,46,170,,,0,124,,47,170,,,0,160,,48,170,,,0,120,,49,170,,,0,124,,50,170,,,0,175,,51,170,,,0,115,,52,170,,,0,115,,53,170,,,0
100,'Semaine-01',450,,55,170,,,0,103,,56,170,,,0,65,,57,170,,,0,41,,58,170,,,0,159,,59,170,,,0,105,,62,170,,,0,94,,71,170,,,0,101,,63,170,,,0,100,,72,170,,,0,38,,64,170,,,0,102,,65,170,,,0,100,,69,170,,,0,150,,66,170,,,0,35,,67,170,,,0,108,,60,170,,,0,95,,61,170,,,0,173,,70,170,,,0,185,,68,170,,,0
100,'Semaine-02',448,,2638,170,,,0,100,,2639,170,,,0,70,,2640,170,,,0,41,,2641,170,,,0,169,,2642,170,,,0,99,,2645,170,,,0,30,,2654,170,,,0,100,,2646,170,,,0,146,,2655,170,,,0,55,,2647,170,,,0,100,,2648,170,,,0,100,,2652,170,,,0,150,,2649,170,,,0,49,,2650,170,,,0,154,,2643,170,,,0,90,,2644,170,,,0,103,,2653,170,,,0,197,,2651,170,,,0
100,'Semaine-03',450,,2656,170,,,0,103,,2657,170,,,0,65,,2658,170,,,0,41,,2659,170,,,0,159,,2660,170,,,0,105,,2663,170,,,0,94,,2672,170,,,0,101,,2664,170,,,0,100,,2673,170,,,0,38,,2665,170,,,0,102,,2666,170,,,0,100,,2670,170,,,0,150,,2667,170,,,0,35,,2668,170,,,0,108,,2661,170,,,0,95,,2662,170,,,0,173,,2671,170,,,0,185,,2669,170,,,0
2000,'Dimanche-01',703,,146,220,,,0,124,,147,220,,,0,126,,148,220,,,0,165,,149,220,,,0,125,,150,220,,,0,164,,151,220,,,0,125,,152,220,,,0,125,,153,220,,,0
2000,'Fête-1-01',703,,2722,220,,,0,124,,2723,220,,,0,126,,2724,220,,,0,165,,2725,220,,,0,125,,2726,220,,,0,164,,2727,220,,,0,125,,2728,220,,,0,125,,2729,220,,,0
2000,'Samedi-01',703,,171,220,,,0,124,,172,220,,,0,126,,173,220,,,0,165,,174,220,,,0,125,,175,220,,,0,164,,176,220,,,0,125,,177,220,,,0,125,,178,220,,,0
2000,'Semaine-01',646,,179,210,,,0,165,,180,210,,,0,125,,181,210,,,0,166,,182,210,,,0,126,,183,210,,,0,125,,184,210,,,0,166,,185,210,,,0,126,,186,210,,,0,166,,187,210,,,0
2000,'Semaine-01-0001100',1936,,189,210,,,0,164,,188,210,,,0
2000,'Semaine-02',646,,2730,210,,,0,165,,2731,210,,,0,125,,2732,210,,,0,166,,2733,210,,,0,126,,2734,210,,,0,125,,2735,210,,,0,166,,2736,210,,,0,126,,2737,210,,,0,166,,2738,210,,,0
2000,'Semaine-02-0001100',1936,,2740,210,,,0,164,,2739,210,,,0
2000,'Semaine-03',646,,2741,210,,,0,165,,2742,210,,,0,125,,2743,210,,,0,166,,2744,210,,,0,126,,2745,210,,,0,125,,2746,210,,,0,166,,2747,210,,,0,126,,2748,210,,,0,166,,2749,210,,,0
2000,'Semaine-03-0001100',1936,,2751,210,,,0,164,,2750,210,,,0
