100,'Dimanche-01',630,,12,510,,,0,200,,1,510,,,0,125,,2,510,,,0,170,,3,510,,,0,125,,4,510,,,0,164,,5,510,,,0,119,,6,510,,,0,120,,7,510,,,0,163,,8,510,,,0,135,,9,510,,,0,155,,10,510,,,0,115,,11,510,,,0
100,'Fête-1-01',630,,2637,510,,,0,200,,2626,510,,,0,125,,2627,510,,,0,170,,2628,510,,,0,125,,2629,510,,,0,164,,2630,510,,,0,119,,2631,510,,,0,120,,2632,510,,,0,163,,2633,510,,,0,135,,2634,510,,,0,155,,2635,510,,,0,115,,2636,510,,,0
100,'Samedi-01',630,,54,510,,,0,200,,43,510,,,0,125,,44,510,,,0,170,,45,510,,,0,125,,46,510,,,0,164,,47,510,,,0,119,,48,510,,,0,120,,49,510,,,0,163,,50,510,,,0,135,,51,510,,,0,155,,52,510,,,0,115,,53,510,,,0
100,'Semaine-01',515,,55,510,,,0,104,,56,510,,,0,26,,57,510,,,0,81,,58,510,,,0,119,,59,510,,,0,104,,62,510,,,0,94,,71,510,,,0,101,,63,510,,,0,100,,72,510,,,0,78,,64,510,,,0,102,,65,510,,,0,100,,69,510,,,0,110,,66,510,,,0,75,,67,510,,,0,107,,60,510,,,0,93,,61,510,,,0,133,,70,510,,,0,184,,68,510,,,0
100,'Semaine-02',513,,2638,510,,,0,102,,2639,510,,,0,30,,2640,510,,,0,81,,2641,510,,,0,129,,2642,510,,,0,98,,2645,510,,,0,70,,2654,510,,,0,100,,2646,510,,,0,106,,2655,510,,,0,95,,2647,510,,,0,100,,2648,510,,,0,100,,2652,510,,,0,110,,2649,510,,,0,89,,2650,510,,,0,113,,2643,510,,,0,88,,2644,510,,,0,103,,2653,510,,,0,196,,2651,510,,,0
100,'Semaine-03',515,,2656,510,,,0,104,,2657,510,,,0,26,,2658,510,,,0,81,,2659,510,,,0,119,,2660,510,,,0,104,,2663,510,,,0,94,,2672,510,,,0,101,,2664,510,,,0,100,,2673,510,,,0,78,,2665,510,,,0,102,,2666,510,,,0,100,,2670,510,,,0,110,,2667,510,,,0,75,,2668,510,,,0,107,,2661,510,,,0,93,,2662,510,,,0,133,,2671,510,,,0,184,,2669,510,,,0
2300,'Semaine-01',535,,295,180,,,0,65,,296,180,,,0,15,,297,180,,,0,35,,298,180,,,0,65,,299,180,,,0,20,,300,180,,,0,20,,301,180,,,0,60,,302,180,,,0
2300,'Semaine-02',535,,2836,180,,,0,65,,2837,180,,,0,15,,2838,180,,,0,35,,2839,180,,,0,65,,2840,180,,,0,15,,2841,180,,,0,25,,2842,180,,,0,60,,2843,180,,,0
2300,'Semaine-03',535,,2844,180,,,0,65,,2845,180,,,0,15,,2846,180,,,0,35,,2847,180,,,0,65,,2848,180,,,0,20,,2849,180,,,0,20,,2850,180,,,0,60,,2851,180,,,0
2400,'Semaine-01',604,,322,120,,,0,22,,323,120,,,0,33,,324,120,,,0,92,,326,120,,,0,74,,327,120,,,0,80,,325,120,,,0
2400,'Semaine-02',548,,2866,120,,,0,78,,2867,120,,,0,80,,2868,120,,,0,42,,2869,120,,,0,82,,2870,120,,,0
2400,'Semaine-03',604,,2871,120,,,0,22,,2872,120,,,0,33,,2873,120,,,0,92,,2875,120,,,0,74,,2876,120,,,0,80,,2874,120,,,0
2600,'Semaine-01',456,,363,170,,,0
2600,'Semaine-02',456,,2911,170,,,0
2600,'Semaine-03',456,,2913,170,,,0
2800,'Semaine-01',507,,417,40,,,0,20,,416,40,,,0,15,,414,280,,,0,15,,428,40,,,0,55,,425,40,,,0,15,,413,320,,,0,10,,426,40,,,0,10,,415,280,,,0,10,,427,40,,,0,50,,418,40,,,0,10,,419,40,,,0,15,,420,40,,,0,15,,422,40,,,0,60,,423,40,,,0
2800,'Semaine-02',507,,2957,40,,,0,20,,2956,40,,,0,15,,2954,280,,,0,15,,2963,40,,,0,55,,2964,40,,,0,15,,2953,320,,,0,15,,2955,280,,,0,15,,2958,40,,,0,55,,2959,40,,,0,15,,2960,40,,,0,20,,2961,40,,,0,60,,2962,40,,,0
2800,'Semaine-03',507,,2969,40,,,0,20,,2968,40,,,0,15,,2966,280,,,0,15,,2978,40,,,0,55,,2975,40,,,0,15,,2965,320,,,0,10,,2976,40,,,0,10,,2967,280,,,0,10,,2977,40,,,0,50,,2970,40,,,0,10,,2971,40,,,0,15,,2972,40,,,0,15,,2973,40,,,0,60,,2974,40,,,0
