2400,'Semaine-01',558,,322,20,,,0,62,,323,20,,,0,33,,324,20,,,0,92,,326,20,,,0,74,,327,20,,,0,40,,325,20,,,0
2400,'Semaine-02',542,,2866,20,,,0,78,,2867,20,,,0,80,,2868,20,,,0,42,,2869,20,,,0,82,,2870,20,,,0
2400,'Semaine-03',558,,2871,20,,,0,62,,2872,20,,,0,33,,2873,20,,,0,92,,2875,20,,,0,74,,2876,20,,,0,40,,2874,20,,,0
2501,'Semaine-01',1615,,355,360,,,0,40,,356,360,,,0,74,,357,360,,,0,79,,358,360,,,0,40,,359,360,,,0,68,,360,360,,,0
2501,'Semaine-02',1615,,2899,360,,,0,40,,2900,360,,,0,74,,2901,360,,,0,79,,2902,360,,,0,35,,2903,360,,,0,73,,2904,360,,,0
2501,'Semaine-03',1615,,2905,360,,,0,40,,2906,360,,,0,74,,2907,360,,,0,79,,2908,360,,,0,40,,2909,360,,,0,68,,2910,360,,,0
2600,'Semaine-01',449,,363,70,,,0
2600,'Semaine-02',449,,2911,70,,,0
2600,'Semaine-03',449,,2913,70,,,0
2000002500,'Dimanche-01',540,,1991,210,,,0,87,,1993,260,,,0,78,,1994,260,,,0,35,,1995,260,,,0,68,,1996,260,,,0,34,,1997,260,,,0,78,,1998,260,,,0,37,,1999,260,,,0,76,,2000,260,,,0,72,,2001,260,,,0,45,,2002,260,,,0,85,,2003,260,,,0,95,,2004,260,,,0,23,,2005,260,,,0,62,,2006,260,,,0,85,,2007,260,,,0,40,,2008,260,,,0,80,,2009,260,,,0,80,,2010,260,,,0,35,,2011,260,,,0,81,,2012,260,,,0,39,,2013,260,,,0,80,,2014,260,,,0,70,,2015,260,,,0,35,,2016,260,,,0,75,,2017,260,,,0,35,,2018,260,,,0,75,,2019,260,,,0,75,,2020,260,,,0,30,,2021,260,,,0,75,,2022,260,,,0,35,,2023,260,,,0,76,,2024,260,,,0
2000002500,'Fête-1-01',527,,4047,210,,,0,26,,4016,260,,,0,76,,4032,260,,,0,83,,4017,260,,,0,27,,4033,260,,,0,77,,4018,260,,,0,40,,4034,260,,,0,80,,4019,260,,,0,70,,4035,260,,,0,40,,4020,260,,,0,80,,4036,260,,,0,77,,4021,260,,,0,30,,4015,260,,,0,73,,4022,260,,,0,41,,4037,260,,,0,78,,4023,260,,,0,86,,4038,260,,,0,45,,4024,260,,,0,79,,4039,260,,,0,71,,4025,260,,,0,34,,4040,260,,,0,84,,4026,260,,,0,80,,4041,260,,,0,44,,4027,260,,,0,80,,4042,260,,,0,90,,4028,260,,,0,41,,4043,260,,,0,76,,4029,260,,,0,76,,4044,260,,,0,32,,4030,260,,,0,72,,4045,260,,,0,111,,4031,260,,,0
2000002500,'Samedi-01',527,,2121,210,,,0,26,,2090,260,,,0,76,,2106,260,,,0,83,,2091,260,,,0,27,,2107,260,,,0,77,,2092,260,,,0,40,,2108,260,,,0,80,,2093,260,,,0,70,,2109,260,,,0,40,,2094,260,,,0,80,,2110,260,,,0,77,,2095,260,,,0,30,,2089,260,,,0,73,,2096,260,,,0,41,,2111,260,,,0,78,,2097,260,,,0,86,,2112,260,,,0,45,,2098,260,,,0,79,,2113,260,,,0,71,,2099,260,,,0,34,,2114,260,,,0,84,,2100,260,,,0,80,,2115,260,,,0,44,,2101,260,,,0,80,,2116,260,,,0,90,,2102,260,,,0,41,,2117,260,,,0,76,,2103,260,,,0,76,,2118,260,,,0,32,,2104,260,,,0,72,,2119,260,,,0,111,,2105,260,,,0
2000002500,'Semaine-01',600,,2123,210,,,0,36,,2124,260,,,0,80,,2125,260,,,0,40,,2122,260,,,0,80,,2126,260,,,0,80,,2127,260,,,0,40,,2128,260,,,0,80,,2129,260,,,0,81,,2130,260,,,0,42,,2131,260,,,0,83,,2132,260,,,0,83,,2133,260,,,0,83,,2134,260,,,0,42,,2135,260,,,0,82,,2136,260,,,0,85,,2137,260,,,0,85,,2138,260,,,0,46,,2139,260,,,0,85,,2140,260,,,0,85,,2141,260,,,0,82,,2142,260,,,0,42,,2143,260,,,0,79,,2144,260,,,0,80,,2145,260,,,0,40,,2146,260,,,0,80,,2147,260,,,0,80,,2148,260,,,0,40,,2149,260,,,0,60,,2150,260,,,0,30,,2151,260,,,0,82,,2152,260,,,0
2000002500,'Semaine-02',600,,4049,210,,,0,36,,4050,260,,,0,80,,4051,260,,,0,40,,4048,260,,,0,80,,4052,260,,,0,80,,4053,260,,,0,40,,4054,260,,,0,80,,4055,260,,,0,81,,4056,260,,,0,42,,4057,260,,,0,83,,4058,260,,,0,83,,4059,260,,,0,83,,4060,260,,,0,42,,4061,260,,,0,82,,4062,260,,,0,85,,4063,260,,,0,85,,4064,260,,,0,46,,4065,260,,,0,85,,4066,260,,,0,85,,4067,260,,,0,82,,4068,260,,,0,42,,4069,260,,,0,79,,4070,260,,,0,80,,4071,260,,,0,40,,4072,260,,,0,80,,4073,260,,,0,80,,4074,260,,,0,40,,4075,260,,,0,60,,4076,260,,,0,30,,4077,260,,,0,82,,4078,260,,,0
2000002500,'Semaine-03',600,,4080,210,,,0,36,,4081,260,,,0,80,,4082,260,,,0,40,,4079,260,,,0,80,,4083,260,,,0,80,,4084,260,,,0,40,,4085,260,,,0,80,,4086,260,,,0,81,,4087,260,,,0,42,,4088,260,,,0,83,,4089,260,,,0,83,,4090,260,,,0,83,,4091,260,,,0,42,,4092,260,,,0,82,,4093,260,,,0,85,,4094,260,,,0,85,,4095,260,,,0,46,,4096,260,,,0,85,,4097,260,,,0,85,,4098,260,,,0,82,,4099,260,,,0,42,,4100,260,,,0,79,,4101,260,,,0,80,,4102,260,,,0,40,,4103,260,,,0,80,,4104,260,,,0,80,,4105,260,,,0,40,,4106,260,,,0,60,,4107,260,,,0,30,,4108,260,,,0,82,,4109,260,,,0
