2100,'Semaine-01',537,,240,190,,,0,70,,241,190,,,0,30,,242,190,,,0,75,,243,190,,,0,30,,244,190,,,0,75,,245,190,,,0
2100,'Semaine-02',532,,2782,190,,,0,70,,2783,190,,,0,30,,2784,190,,,0,75,,2785,190,,,0,30,,2786,190,,,0,75,,2787,190,,,0
2100,'Semaine-03',537,,2788,190,,,0,70,,2789,190,,,0,30,,2790,190,,,0,75,,2791,190,,,0,30,,2792,190,,,0,75,,2793,190,,,0
2101,'Semaine-01',1634,,254,340,,,0,23,,255,340,,,0,66,,256,340,,,0,24,,257,340,,,0,65,,258,340,,,0,28,,259,340,,,0
2101,'Semaine-02',1637,,2794,340,,,0,65,,2795,340,,,0,24,,2796,340,,,0,24,,2797,340,,,0,65,,2798,340,,,0,28,,2799,340,,,0
2101,'Semaine-03',1634,,2803,340,,,0,23,,2804,340,,,0,66,,2805,340,,,0,24,,2806,340,,,0,65,,2807,340,,,0,28,,2808,340,,,0
3200,'Dimanche-01',608,,578,280,,,0,214,,583,280,,,0,223,,586,280,,,0,192,,587,280,,,0,119,,579,280,,,0,162,,589,280,,,0,120,,580,280,,,0,119,,582,280,,,0,158,,581,280,,,0,215,,584,280,,,0,216,,585,280,,,0,213,,588,280,0,6,0
3200,'Fête-1-01',539,,3103,160,,,0,181,,3109,280,,,0,37,,3104,280,,,0,160,,3112,280,,,0,123,,3113,280,,,0,164,,3114,280,,,0,124,,3105,280,,,0,124,,3116,280,,,0,164,,3106,280,,,0,128,,3107,280,,,0,160,,3108,280,,,0,236,,3110,280,,,0,216,,3111,280,,,0,247,,3115,280,0,6,0
3200,'Samedi-01',539,,635,160,,,0,181,,641,280,,,0,37,,636,280,,,0,160,,644,280,,,0,123,,645,280,,,0,164,,646,280,,,0,124,,637,280,,,0,124,,648,280,,,0,164,,638,280,,,0,128,,639,280,,,0,160,,640,280,,,0,236,,642,280,,,0,216,,643,280,,,0,247,,647,280,0,6,0
3200,'Semaine-01',635,,674,280,,,0,80,,649,280,,,0,40,,677,280,,,0,80,,660,280,,,0,80,,668,280,,,0,41,,669,280,,,0,81,,670,280,,,0,81,,671,280,,,0,83,,672,280,,,0,43,,673,280,,,0,83,,650,280,,,0,82,,651,280,,,0,42,,652,280,,,0,85,,676,280,,,0,85,,654,280,,,0,85,,655,280,,,0,45,,656,280,,,0,85,,657,280,,,0,82,,658,280,,,0,83,,659,280,,,0,41,,661,280,,,0,80,,662,280,,,0,80,,663,280,,,0,40,,664,280,,,0,80,,665,280,,,0,80,,666,280,,,0,40,,667,280,,,0
3200,'Semaine-02',634,,3142,280,,,0,81,,3117,280,,,0,42,,3145,280,,,0,82,,3128,280,,,0,83,,3136,280,,,0,82,,3137,280,,,0,42,,3138,280,,,0,83,,3139,280,,,0,83,,3140,280,,,0,43,,3141,280,,,0,83,,3118,280,,,0,83,,3119,280,,,0,84,,3120,280,,,0,46,,3144,280,,,0,87,,3122,280,,,0,86,,3123,280,,,0,85,,3124,280,,,0,42,,3125,280,,,0,81,,3126,280,,,0,81,,3127,280,,,0,42,,3129,280,,,0,81,,3130,280,,,0,81,,3131,280,,,0,40,,3132,280,,,0,80,,3133,280,,,0,80,,3134,280,,,0,40,,3135,280,,,0
3200,'Semaine-03',635,,3173,280,,,0,80,,3148,280,,,0,40,,3176,280,,,0,80,,3159,280,,,0,80,,3167,280,,,0,41,,3168,280,,,0,81,,3169,280,,,0,81,,3170,280,,,0,83,,3171,280,,,0,43,,3172,280,,,0,83,,3149,280,,,0,82,,3150,280,,,0,42,,3151,280,,,0,85,,3175,280,,,0,85,,3153,280,,,0,85,,3154,280,,,0,45,,3155,280,,,0,85,,3156,280,,,0,82,,3157,280,,,0,83,,3158,280,,,0,41,,3160,280,,,0,80,,3161,280,,,0,80,,3162,280,,,0,40,,3163,280,,,0,80,,3164,280,,,0,80,,3165,280,,,0,40,,3166,280,,,0
