101,'Dimanche-01',757,,73,490,,,0,246,,74,490,,,0,131,,75,490,,,0,173,,76,490,,,0,127,,77,490,,,0,120,,78,490,,,0,160,,79,490,,,0,120,,80,490,,,0,117,,81,490,,,0,174,,82,490,,,0,114,,83,490,,,0,113,,84,490,,,0
101,'Fête-1-01',757,,2674,490,,,0,246,,2675,490,,,0,131,,2676,490,,,0,173,,2677,490,,,0,127,,2678,490,,,0,120,,2679,490,,,0,160,,2680,490,,,0,120,,2681,490,,,0,117,,2682,490,,,0,174,,2683,490,,,0,114,,2684,490,,,0,113,,2685,490,,,0
101,'Samedi-01',757,,115,490,,,0,246,,116,490,,,0,131,,117,490,,,0,173,,118,490,,,0,127,,119,490,,,0,120,,120,490,,,0,160,,121,490,,,0,120,,122,490,,,0,117,,123,490,,,0,174,,124,490,,,0,114,,125,490,,,0,113,,126,490,,,0
101,'Semaine-01',657,,127,490,,,0,101,,136,490,,,0,70,,138,490,,,0,90,,139,490,,,0,110,,140,490,,,0,105,,141,490,,,0,95,,143,490,,,0,105,,142,490,,,0,106,,144,490,,,0,81,,128,490,,,0,104,,129,490,,,0,96,,130,490,,,0,106,,131,490,,,0,74,,132,490,,,0,103,,133,490,,,0,43,,134,490,,,0,173,,135,490,,,0,134,,137,490,,,0
101,'Semaine-02',652,,2686,490,,,0,101,,2695,490,,,0,70,,2697,490,,,0,100,,2698,490,,,0,105,,2699,490,,,0,95,,2700,490,,,0,100,,2702,490,,,0,100,,2701,490,,,0,111,,2703,490,,,0,86,,2687,490,,,0,109,,2688,490,,,0,91,,2689,490,,,0,106,,2690,490,,,0,29,,2691,490,,,0,69,,2692,490,,,0,108,,2693,490,,,0,182,,2694,490,,,0,189,,2696,490,,,0
101,'Semaine-03',657,,2704,490,,,0,101,,2713,490,,,0,70,,2715,490,,,0,90,,2716,490,,,0,110,,2717,490,,,0,105,,2718,490,,,0,95,,2720,490,,,0,105,,2719,490,,,0,106,,2721,490,,,0,81,,2705,490,,,0,104,,2706,490,,,0,96,,2707,490,,,0,106,,2708,490,,,0,74,,2709,490,,,0,103,,2710,490,,,0,43,,2711,490,,,0,173,,2712,490,,,0,134,,2714,490,,,0
2000,'Dimanche-01',725,,146,680,,,0,124,,147,680,,,0,166,,148,680,,,0,125,,149,680,,,0,165,,150,680,,,0,125,,151,680,,,0,125,,152,680,,,0,165,,153,680,,,0
2000,'Fête-1-01',725,,2722,680,,,0,124,,2723,680,,,0,166,,2724,680,,,0,125,,2725,680,,,0,165,,2726,680,,,0,125,,2727,680,,,0,125,,2728,680,,,0,165,,2729,680,,,0
2000,'Samedi-01',725,,171,680,,,0,124,,172,680,,,0,166,,173,680,,,0,125,,174,680,,,0,165,,175,680,,,0,125,,176,680,,,0,125,,177,680,,,0,165,,178,680,,,0
2000,'Semaine-01',710,,179,670,,,0,125,,180,670,,,0,165,,181,670,,,0,126,,182,670,,,0,126,,183,670,,,0,165,,184,670,,,0,126,,185,670,,,0,166,,186,670,,,0,126,,187,670,,,0
2000,'Semaine-01-0001100',1959,,189,670,,,0,164,,188,670,,,0
2000,'Semaine-02',710,,2730,670,,,0,125,,2731,670,,,0,165,,2732,670,,,0,126,,2733,670,,,0,126,,2734,670,,,0,165,,2735,670,,,0,126,,2736,670,,,0,166,,2737,670,,,0,126,,2738,670,,,0
2000,'Semaine-02-0001100',1959,,2740,670,,,0,164,,2739,670,,,0
2000,'Semaine-03',710,,2741,670,,,0,125,,2742,670,,,0,165,,2743,670,,,0,126,,2744,670,,,0,126,,2745,670,,,0,165,,2746,670,,,0,126,,2747,670,,,0,166,,2748,670,,,0,126,,2749,670,,,0
2000,'Semaine-03-0001100',1959,,2751,670,,,0,164,,2750,670,,,0
2801,'Semaine-01',1709,,443,380,0,7,0,39,,442,380,,,0,68,,444,380,0,7,0
2801,'Semaine-02',1654,,2980,380,0,7,0,99,,2979,380,,,0,67,,2981,380,0,7,0
2801,'Semaine-03',1709,,2994,380,0,7,0,39,,2993,380,,,0,68,,2995,380,0,7,0
