101,'Dimanche-01',720,,73,90,,,0,205,,74,90,,,0,130,,75,90,,,0,170,,76,90,,,0,125,,77,90,,,0,160,,78,90,,,0,120,,79,90,,,0,120,,80,90,,,0,160,,81,90,,,0,135,,82,90,,,0,155,,83,90,,,0,115,,84,90,,,0
101,'Fête-1-01',720,,2674,90,,,0,205,,2675,90,,,0,130,,2676,90,,,0,170,,2677,90,,,0,125,,2678,90,,,0,160,,2679,90,,,0,120,,2680,90,,,0,120,,2681,90,,,0,160,,2682,90,,,0,135,,2683,90,,,0,155,,2684,90,,,0,115,,2685,90,,,0
101,'Samedi-01',720,,115,90,,,0,205,,116,90,,,0,130,,117,90,,,0,170,,118,90,,,0,125,,119,90,,,0,160,,120,90,,,0,120,,121,90,,,0,120,,122,90,,,0,160,,123,90,,,0,135,,124,90,,,0,155,,125,90,,,0,115,,126,90,,,0
101,'Semaine-01',615,,127,90,,,0,100,,136,90,,,0,30,,138,90,,,0,90,,139,90,,,0,111,,140,90,,,0,105,,141,90,,,0,95,,143,90,,,0,100,,142,90,,,0,106,,144,90,,,0,80,,128,90,,,0,100,,129,90,,,0,100,,130,90,,,0,109,,131,90,,,0,75,,132,90,,,0,104,,133,90,,,0,85,,134,90,,,0,135,,135,90,,,0,175,,137,90,,,0
101,'Semaine-02',610,,2686,90,,,0,100,,2695,90,,,0,30,,2697,90,,,0,100,,2698,90,,,0,106,,2699,90,,,0,95,,2700,90,,,0,100,,2702,90,,,0,95,,2701,90,,,0,111,,2703,90,,,0,85,,2687,90,,,0,105,,2688,90,,,0,95,,2689,90,,,0,109,,2690,90,,,0,70,,2691,90,,,0,29,,2692,90,,,0,110,,2693,90,,,0,185,,2694,90,,,0,190,,2696,90,,,0
101,'Semaine-03',615,,2704,90,,,0,100,,2713,90,,,0,30,,2715,90,,,0,90,,2716,90,,,0,111,,2717,90,,,0,105,,2718,90,,,0,95,,2720,90,,,0,100,,2719,90,,,0,106,,2721,90,,,0,80,,2705,90,,,0,100,,2706,90,,,0,100,,2707,90,,,0,109,,2708,90,,,0,75,,2709,90,,,0,104,,2710,90,,,0,85,,2711,90,,,0,135,,2712,90,,,0,175,,2714,90,,,0
2101,'Semaine-01',648,,260,90,0,5 6,0,79,,261,90,0,5 6,0,81,,262,90,0,5 6,0,795,,254,90,,,0,23,,255,90,,,0,26,,256,90,,,0,65,,257,90,,,0,25,,258,90,,,0,68,,259,90,,,0
2101,'Semaine-02',644,,2800,90,0,5 6,0,82,,2801,90,0,5 6,0,82,,2802,90,0,5 6,0,796,,2794,90,,,0,25,,2795,90,,,0,24,,2796,90,,,0,65,,2797,90,,,0,25,,2798,90,,,0,68,,2799,90,,,0
2101,'Semaine-03',648,,2809,90,0,5 6,0,79,,2810,90,0,5 6,0,81,,2811,90,0,5 6,0,795,,2803,90,,,0,23,,2804,90,,,0,26,,2805,90,,,0,65,,2806,90,,,0,25,,2807,90,,,0,68,,2808,90,,,0
2301,'Semaine-01',1536,,310,90,,,0,65,,311,90,,,0,30,,312,90,,,0,70,,313,90,,,0,30,,314,90,,,0,69,,315,90,,,0,30,,316,90,,,0
2301,'Semaine-02',1536,,2852,90,,,0,65,,2853,90,,,0,30,,2854,90,,,0,70,,2855,90,,,0,25,,2856,90,,,0,74,,2857,90,,,0,30,,2858,90,,,0
2301,'Semaine-03',1536,,2859,90,,,0,65,,2860,90,,,0,30,,2861,90,,,0,70,,2862,90,,,0,30,,2863,90,,,0,69,,2864,90,,,0,30,,2865,90,,,0
2501,'Semaine-01',1541,,355,90,,,0,80,,356,90,,,0,34,,357,90,,,0,80,,358,90,,,0,80,,359,90,,,0,30,,360,90,,,0
2501,'Semaine-02',1541,,2899,90,,,0,80,,2900,90,,,0,34,,2901,90,,,0,80,,2902,90,,,0,75,,2903,90,,,0,35,,2904,90,,,0
2501,'Semaine-03',1541,,2905,90,,,0,80,,2906,90,,,0,34,,2907,90,,,0,80,,2908,90,,,0,80,,2909,90,,,0,30,,2910,90,,,0
3100,'Dimanche-01',654,,492,90,,,0,255,,493,90,,,0,238,,491,90,,,0,163,,484,90,,,0,120,,485,90,,,0,118,,486,90,,,0,158,,487,90,,,0,119,,488,90,,,0,127,,489,90,,,0,262,,483,90,,,0,215,,490,90,,,0
3100,'Fête-1-01',543,,3034,90,,,0,83,,3045,90,,,0,201,,3046,90,,,0,125,,3043,90,,,0,164,,3033,90,,,0,124,,3044,90,,,0,164,,3035,90,,,0,124,,3036,90,,,0,124,,3037,90,,,0,164,,3038,90,,,0,124,,3039,90,,,0,68,,3040,90,,,0,216,,3041,90,,,0,215,,3042,90,,,0
3100,'Samedi-01',543,,537,90,,,0,83,,548,90,,,0,201,,549,90,,,0,125,,546,90,,,0,164,,536,90,,,0,124,,547,90,,,0,164,,538,90,,,0,124,,539,90,,,0,124,,540,90,,,0,164,,541,90,,,0,124,,542,90,,,0,68,,543,90,,,0,216,,544,90,,,0,215,,545,90,,,0
3100,'Semaine-01',549,,574,90,,,0,80,,550,90,,,0,80,,560,90,,,0,40,,575,90,,,0,80,,569,90,,,0,80,,570,90,,,0,40,,571,90,,,0,81,,577,90,,,0,81,,572,90,,,0,43,,573,90,,,0,83,,551,90,,,0,83,,552,90,,,0,82,,553,90,,,0,41,,554,90,,,0,84,,555,90,,,0,85,,556,90,,,0,45,,557,90,,,0,86,,558,90,,,0,86,,559,90,,,0,84,,561,90,,,0,42,,562,90,,,0,80,,563,90,,,0,80,,564,90,,,0,40,,565,90,,,0,80,,566,90,,,0,80,,567,90,,,0,40,,568,90,,,0,161,,576,90,0,5 6,0
3100,'Semaine-02',541,,3071,90,,,0,81,,3047,90,,,0,81,,3057,90,,,0,42,,3072,90,,,0,82,,3066,90,,,0,82,,3067,90,,,0,42,,3068,90,,,0,82,,3074,90,,,0,83,,3069,90,,,0,43,,3070,90,,,0,83,,3048,90,,,0,83,,3049,90,,,0,83,,3050,90,,,0,43,,3051,90,,,0,85,,3052,90,,,0,87,,3053,90,,,0,86,,3054,90,,,0,46,,3055,90,,,0,83,,3056,90,,,0,82,,3058,90,,,0,81,,3059,90,,,0,41,,3060,90,,,0,81,,3061,90,,,0,81,,3062,90,,,0,40,,3063,90,,,0,80,,3064,90,,,0,80,,3065,90,,,0,111,,3073,90,0,5 6,0
3100,'Semaine-03',549,,3099,90,,,0,80,,3075,90,,,0,80,,3085,90,,,0,40,,3100,90,,,0,80,,3094,90,,,0,80,,3095,90,,,0,40,,3096,90,,,0,81,,3102,90,,,0,81,,3097,90,,,0,43,,3098,90,,,0,83,,3076,90,,,0,83,,3077,90,,,0,82,,3078,90,,,0,41,,3079,90,,,0,84,,3080,90,,,0,85,,3081,90,,,0,45,,3082,90,,,0,86,,3083,90,,,0,86,,3084,90,,,0,84,,3086,90,,,0,42,,3087,90,,,0,80,,3088,90,,,0,80,,3089,90,,,0,40,,3090,90,,,0,80,,3091,90,,,0,80,,3092,90,,,0,40,,3093,90,,,0,161,,3101,90,0,5 6,0
3200,'Dimanche-01',544,,578,90,,,0,214,,583,90,,,0,262,,586,90,,,0,192,,587,90,,,0,119,,579,90,,,0,122,,589,90,,,0,160,,580,90,,,0,119,,582,90,,,0,118,,581,90,,,0,256,,584,90,,,0,216,,585,90,,,0,213,,588,90,0,6,0
3200,'Fête-1-01',656,,3109,90,,,0,77,,3104,90,,,0,120,,3112,90,,,0,162,,3113,90,,,0,124,,3114,90,,,0,164,,3105,90,,,0,124,,3116,90,,,0,124,,3106,90,,,0,168,,3107,90,,,0,120,,3108,90,,,0,277,,3110,90,,,0,216,,3111,90,,,0,210,,3115,90,0,6,0
3200,'Samedi-01',656,,641,90,,,0,77,,636,90,,,0,120,,644,90,,,0,162,,645,90,,,0,124,,646,90,,,0,164,,637,90,,,0,124,,648,90,,,0,124,,638,90,,,0,168,,639,90,,,0,120,,640,90,,,0,277,,642,90,,,0,216,,643,90,,,0,210,,647,90,0,6,0
3200,'Semaine-01',613,,674,90,,,0,39,,649,90,,,0,79,,677,90,,,0,79,,660,90,,,0,40,,668,90,,,0,82,,669,90,,,0,81,,670,90,,,0,41,,671,90,,,0,83,,672,90,,,0,83,,673,90,,,0,83,,650,90,,,0,42,,651,90,,,0,81,,652,90,,,0,84,,676,90,,,0,45,,654,90,,,0,84,,655,90,,,0,86,,656,90,,,0,87,,657,90,,,0,42,,658,90,,,0,84,,659,90,,,0,81,,661,90,,,0,40,,662,90,,,0,80,,663,90,,,0,80,,664,90,,,0,40,,665,90,,,0,82,,666,90,,,0,80,,667,90,,,0,112,,675,90,0,6,0
3200,'Semaine-02',611,,3142,90,,,0,41,,3117,90,,,0,79,,3145,90,,,0,81,,3128,90,,,0,44,,3136,90,,,0,82,,3137,90,,,0,82,,3138,90,,,0,83,,3139,90,,,0,43,,3140,90,,,0,83,,3141,90,,,0,83,,3118,90,,,0,43,,3119,90,,,0,82,,3120,90,,,0,85,,3144,90,,,0,87,,3122,90,,,0,47,,3123,90,,,0,85,,3124,90,,,0,84,,3125,90,,,0,82,,3126,90,,,0,43,,3127,90,,,0,82,,3129,90,,,0,81,,3130,90,,,0,41,,3131,90,,,0,80,,3132,90,,,0,82,,3133,90,,,0,40,,3134,90,,,0,80,,3135,90,,,0,98,,3143,90,0,6,0
3200,'Semaine-03',613,,3173,90,,,0,39,,3148,90,,,0,79,,3176,90,,,0,79,,3159,90,,,0,40,,3167,90,,,0,82,,3168,90,,,0,81,,3169,90,,,0,41,,3170,90,,,0,83,,3171,90,,,0,83,,3172,90,,,0,83,,3149,90,,,0,42,,3150,90,,,0,81,,3151,90,,,0,84,,3175,90,,,0,45,,3153,90,,,0,84,,3154,90,,,0,86,,3155,90,,,0,87,,3156,90,,,0,42,,3157,90,,,0,84,,3158,90,,,0,81,,3160,90,,,0,40,,3161,90,,,0,80,,3162,90,,,0,80,,3163,90,,,0,40,,3164,90,,,0,82,,3165,90,,,0,80,,3166,90,,,0,112,,3174,90,0,6,0
9800,'Semaine-01',725,,843,90,,,0,103,,847,90,,,0,105,,848,90,,,0,506,,849,90,,,0,105,,850,90,,,0,105,,851,90,,,0,104,,852,90,,,0,105,,853,90,,,0,98,,854,90,,,0,100,,844,90,,,0,90,,845,90,,,0,90,,846,90,,,0
9800,'Semaine-02',722,,3266,90,,,0,106,,3270,90,,,0,110,,3271,90,,,0,495,,3272,90,,,0,108,,3273,90,,,0,108,,3274,90,,,0,109,,3275,90,,,0,149,,3276,90,,,0,99,,3277,90,,,0,100,,3267,90,,,0,95,,3268,90,,,0,55,,3269,90,,,0
9800,'Semaine-03',725,,3279,90,,,0,103,,3283,90,,,0,105,,3284,90,,,0,506,,3285,90,,,0,105,,3286,90,,,0,105,,3287,90,,,0,104,,3288,90,,,0,105,,3289,90,,,0,98,,3290,90,,,0,100,,3280,90,,,0,90,,3281,90,,,0,90,,3282,90,,,0
11101,'Dimanche-01',902,,917,90,,,0,148,,916,90,,,0,295,,918,90,,,0,288,,919,90,,,0,304,,920,90,,,0
11101,'Fête-1-01',902,,3338,90,,,0,148,,3337,90,,,0,295,,3339,90,,,0,288,,3340,90,,,0,304,,3341,90,,,0
11101,'Samedi-01',902,,949,90,,,0,148,,948,90,,,0,295,,950,90,,,0,288,,951,90,,,0,304,,952,90,,,0
11101,'Semaine-01',633,,965,90,,,0,96,,972,90,,,0,130,,973,90,,,0,95,,970,90,,,0,191,,975,90,,,0,265,,956,90,,,0,120,,959,90,,,0,110,,967,90,,,0,110,,968,90,,,0,95,,969,90,,,0,75,,958,100,,,0,305,,971,90,,,0
11101,'Semaine-02',709,,3353,100,,,0,107,,3356,100,,,0,101,,3357,100,,,0,12,,3355,90,,,0,226,,3359,90,,,0,245,,3345,90,,,0,141,,3346,100,,,0,65,,3348,100,,,0,30,,3349,100,,,0,70,,3350,100,,,0,30,,3351,100,,,0,70,,3352,100,,,0,49,,3354,100,,,0,65,,3347,100,,,0,305,,3361,90,,,0
11101,'Semaine-03',633,,3371,90,,,0,96,,3378,90,,,0,130,,3379,90,,,0,95,,3376,90,,,0,191,,3381,90,,,0,265,,3362,90,,,0,120,,3365,90,,,0,110,,3373,90,,,0,110,,3374,90,,,0,95,,3375,90,,,0,75,,3364,100,,,0,305,,3377,90,,,0
