100,'Dimanche-01',647,,12,690,,,0,200,,1,690,,,0,167,,2,690,,,0,131,,3,690,,,0,165,,4,690,,,0,123,,5,690,,,0,118,,6,690,,,0,160,,7,690,,,0,123,,8,690,,,0,175,,9,690,,,0,115,,10,690,,,0,115,,11,690,,,0
100,'Fête-1-01',647,,2637,690,,,0,200,,2626,690,,,0,167,,2627,690,,,0,131,,2628,690,,,0,165,,2629,690,,,0,123,,2630,690,,,0,118,,2631,690,,,0,160,,2632,690,,,0,123,,2633,690,,,0,175,,2634,690,,,0,115,,2635,690,,,0,115,,2636,690,,,0
100,'Samedi-01',647,,54,690,,,0,200,,43,690,,,0,167,,44,690,,,0,131,,45,690,,,0,165,,46,690,,,0,123,,47,690,,,0,118,,48,690,,,0,160,,49,690,,,0,123,,50,690,,,0,175,,51,690,,,0,115,,52,690,,,0,115,,53,690,,,0
100,'Semaine-01',535,,55,690,,,0,105,,56,690,,,0,67,,57,690,,,0,42,,58,690,,,0,157,,59,690,,,0,103,,62,690,,,0,93,,71,690,,,0,102,,63,690,,,0,103,,72,690,,,0,38,,64,690,,,0,102,,65,690,,,0,100,,69,690,,,0,110,,66,690,,,0,74,,67,690,,,0,104,,60,690,,,0,92,,61,690,,,0,131,,70,690,,,0,184,,68,690,,,0
100,'Semaine-02',533,,2638,690,,,0,103,,2639,690,,,0,71,,2640,690,,,0,42,,2641,690,,,0,167,,2642,690,,,0,97,,2645,690,,,0,29,,2654,690,,,0,101,,2646,690,,,0,109,,2655,690,,,0,95,,2647,690,,,0,100,,2648,690,,,0,100,,2652,690,,,0,110,,2649,690,,,0,88,,2650,690,,,0,110,,2643,690,,,0,86,,2644,690,,,0,102,,2653,690,,,0,196,,2651,690,,,0
100,'Semaine-03',535,,2656,690,,,0,105,,2657,690,,,0,67,,2658,690,,,0,42,,2659,690,,,0,157,,2660,690,,,0,103,,2663,690,,,0,93,,2672,690,,,0,102,,2664,690,,,0,103,,2673,690,,,0,38,,2665,690,,,0,102,,2666,690,,,0,100,,2670,690,,,0,110,,2667,690,,,0,74,,2668,690,,,0,104,,2661,690,,,0,92,,2662,690,,,0,131,,2671,690,,,0,184,,2669,690,,,0
2100,'Semaine-01',553,,240,330,,,0,70,,241,330,,,0,32,,242,330,,,0,76,,243,330,,,0,70,,244,330,,,0,35,,245,330,,,0
2100,'Semaine-02',548,,2782,330,,,0,70,,2783,330,,,0,32,,2784,330,,,0,76,,2785,330,,,0,30,,2786,330,,,0,75,,2787,330,,,0
2100,'Semaine-03',553,,2788,330,,,0,70,,2789,330,,,0,32,,2790,330,,,0,76,,2791,330,,,0,70,,2792,330,,,0,35,,2793,330,,,0
2300,'Semaine-01',554,,295,370,,,0,66,,296,370,,,0,16,,297,370,,,0,75,,298,370,,,0,25,,299,370,,,0,21,,300,370,,,0,60,,301,370,,,0,20,,302,370,,,0
2300,'Semaine-02',554,,2836,370,,,0,66,,2837,370,,,0,16,,2838,370,,,0,75,,2839,370,,,0,25,,2840,370,,,0,16,,2841,370,,,0,65,,2842,370,,,0,20,,2843,370,,,0
2300,'Semaine-03',554,,2844,370,,,0,66,,2845,370,,,0,16,,2846,370,,,0,75,,2847,370,,,0,25,,2848,370,,,0,21,,2849,370,,,0,60,,2850,370,,,0,20,,2851,370,,,0
2500,'Semaine-01',611,,346,350,,,0,34,,343,370,,,0,61,,347,350,,,0,29,,344,370,,,0,66,,348,350,,,0,29,,345,370,,,0
2500,'Semaine-02',611,,2890,350,,,0,34,,2887,370,,,0,61,,2891,350,,,0,32,,2888,370,,,0,63,,2892,350,,,0,29,,2889,370,,,0
2500,'Semaine-03',611,,2896,350,,,0,34,,2893,370,,,0,61,,2897,350,,,0,29,,2894,370,,,0,66,,2898,350,,,0,29,,2895,370,,,0
2600,'Semaine-01',509,,363,320,,,0,17,,364,330,,,0
2600,'Semaine-02',509,,2911,320,,,0,17,,2912,330,,,0
2600,'Semaine-03',509,,2913,320,,,0,17,,2914,330,,,0
2800,'Semaine-01',529,,417,220,,,0,20,,416,220,,,0,55,,414,460,,,0,15,,428,220,,,0,15,,425,220,,,0,15,,413,500,,,0,10,,426,220,,,0,50,,415,460,,,0,11,,427,220,,,0,10,,418,220,,,0,10,,419,220,,,0,16,,420,220,,,0,55,,422,220,,,0,20,,423,220,,,0
2800,'Semaine-02',529,,2957,220,,,0,20,,2956,220,,,0,55,,2954,460,,,0,15,,2963,220,,,0,15,,2964,220,,,0,15,,2953,500,,,0,55,,2955,460,,,0,16,,2958,220,,,0,15,,2959,220,,,0,15,,2960,220,,,0,61,,2961,220,,,0,20,,2962,220,,,0
2800,'Semaine-03',529,,2969,220,,,0,20,,2968,220,,,0,55,,2966,460,,,0,15,,2978,220,,,0,15,,2975,220,,,0,15,,2965,500,,,0,10,,2976,220,,,0,50,,2967,460,,,0,11,,2977,220,,,0,10,,2970,220,,,0,10,,2971,220,,,0,16,,2972,220,,,0,55,,2973,220,,,0,20,,2974,220,,,0
3100,'Dimanche-01',731,,492,410,,,0,218,,493,410,,,0,278,,491,410,,,0,123,,484,410,,,0,160,,485,410,,,0,118,,486,410,,,0,118,,487,410,,,0,159,,488,410,,,0,127,,489,410,,,0,221,,483,410,,,0,254,,490,410,,,0
3100,'Fête-1-01',620,,3034,410,,,0,83,,3045,410,,,0,204,,3046,410,,,0,125,,3043,410,,,0,124,,3033,410,,,0,164,,3044,410,,,0,124,,3035,410,,,0,164,,3036,410,,,0,124,,3037,410,,,0,124,,3038,410,,,0,164,,3039,410,,,0,27,,3040,410,,,0,256,,3041,410,,,0,214,,3042,410,,,0
3100,'Samedi-01',620,,537,410,,,0,83,,548,410,,,0,204,,549,410,,,0,125,,546,410,,,0,124,,536,410,,,0,164,,547,410,,,0,124,,538,410,,,0,164,,539,410,,,0,124,,540,410,,,0,124,,541,410,,,0,164,,542,410,,,0,27,,543,410,,,0,256,,544,410,,,0,214,,545,410,,,0
3100,'Semaine-01',630,,574,410,,,0,80,,550,410,,,0,41,,560,410,,,0,80,,575,410,,,0,80,,569,410,,,0,40,,570,410,,,0,79,,571,410,,,0,80,,577,410,,,0,43,,572,410,,,0,83,,573,410,,,0,83,,551,410,,,0,83,,552,410,,,0,42,,553,410,,,0,83,,554,410,,,0,84,,555,410,,,0,45,,556,410,,,0,86,,557,410,,,0,85,,558,410,,,0,84,,559,410,,,0,42,,561,410,,,0,82,,562,410,,,0,79,,563,410,,,0,40,,564,410,,,0,79,,565,410,,,0,80,,566,410,,,0,40,,567,410,,,0,80,,568,410,,,0
3100,'Semaine-02',624,,3071,410,,,0,81,,3047,410,,,0,42,,3057,410,,,0,82,,3072,410,,,0,82,,3066,410,,,0,42,,3067,410,,,0,81,,3068,410,,,0,81,,3074,410,,,0,85,,3069,410,,,0,43,,3070,410,,,0,83,,3048,410,,,0,83,,3049,410,,,0,43,,3050,410,,,0,85,,3051,410,,,0,85,,3052,410,,,0,88,,3053,410,,,0,46,,3054,410,,,0,85,,3055,410,,,0,81,,3056,410,,,0,80,,3058,410,,,0,41,,3059,410,,,0,80,,3060,410,,,0,81,,3061,410,,,0,40,,3062,410,,,0,80,,3063,410,,,0,80,,3064,410,,,0,40,,3065,410,,,0
3100,'Semaine-03',630,,3099,410,,,0,80,,3075,410,,,0,41,,3085,410,,,0,80,,3100,410,,,0,80,,3094,410,,,0,40,,3095,410,,,0,79,,3096,410,,,0,80,,3102,410,,,0,43,,3097,410,,,0,83,,3098,410,,,0,83,,3076,410,,,0,83,,3077,410,,,0,42,,3078,410,,,0,83,,3079,410,,,0,84,,3080,410,,,0,45,,3081,410,,,0,86,,3082,410,,,0,85,,3083,410,,,0,84,,3084,410,,,0,42,,3086,410,,,0,82,,3087,410,,,0,79,,3088,410,,,0,40,,3089,410,,,0,79,,3090,410,,,0,80,,3091,410,,,0,40,,3092,410,,,0,80,,3093,410,,,0
3200,'Dimanche-01',625,,578,420,,,0,214,,583,420,,,0,263,,586,420,,,0,152,,587,420,,,0,159,,579,420,,,0,122,,589,420,,,0,120,,580,420,,,0,159,,582,420,,,0,118,,581,420,,,0,214,,584,420,,,0,256,,585,420,,,0
3200,'Fête-1-01',556,,3103,300,,,0,181,,3109,420,,,0,77,,3104,420,,,0,120,,3112,420,,,0,123,,3113,420,,,0,164,,3114,420,,,0,124,,3105,420,,,0,164,,3116,420,,,0,124,,3106,420,,,0,168,,3107,420,,,0,120,,3108,420,,,0,235,,3110,420,,,0,256,,3111,420,,,0
3200,'Samedi-01',556,,635,300,,,0,181,,641,420,,,0,77,,636,420,,,0,120,,644,420,,,0,123,,645,420,,,0,164,,646,420,,,0,124,,637,420,,,0,164,,648,420,,,0,124,,638,420,,,0,168,,639,420,,,0,120,,640,420,,,0,235,,642,420,,,0,256,,643,420,,,0
3200,'Semaine-01',653,,674,420,,,0,80,,649,420,,,0,80,,677,420,,,0,40,,660,420,,,0,80,,668,420,,,0,78,,669,420,,,0,41,,670,420,,,0,81,,671,420,,,0,83,,672,420,,,0,43,,673,420,,,0,83,,650,420,,,0,82,,651,420,,,0,83,,652,420,,,0,46,,676,420,,,0,59,,653,70,,,0,26,,654,420,,,0,20,,678,70,,,0,64,,655,420,,,0,20,,679,70,,,0,65,,656,420,,,0,44,,657,420,,,0,82,,658,420,,,0,83,,659,420,,,0,40,,661,420,,,0,80,,662,420,,,0,80,,663,420,,,0,40,,664,420,,,0,80,,665,420,,,0,80,,666,420,,,0,40,,667,420,,,0
3200,'Semaine-02',652,,3142,420,,,0,81,,3117,420,,,0,82,,3145,420,,,0,42,,3128,420,,,0,80,,3136,420,,,0,82,,3137,420,,,0,82,,3138,420,,,0,43,,3139,420,,,0,83,,3140,420,,,0,83,,3141,420,,,0,43,,3118,420,,,0,83,,3119,420,,,0,85,,3120,420,,,0,87,,3144,420,,,0,23,,3121,70,,,0,24,,3122,420,,,0,63,,3146,70,,,0,22,,3123,420,,,0,63,,3147,70,,,0,22,,3124,420,,,0,81,,3125,420,,,0,41,,3126,420,,,0,81,,3127,420,,,0,81,,3129,420,,,0,41,,3130,420,,,0,81,,3131,420,,,0,80,,3132,420,,,0,40,,3133,420,,,0,80,,3134,420,,,0,80,,3135,420,,,0
3200,'Semaine-03',653,,3173,420,,,0,80,,3148,420,,,0,80,,3176,420,,,0,40,,3159,420,,,0,80,,3167,420,,,0,78,,3168,420,,,0,41,,3169,420,,,0,81,,3170,420,,,0,83,,3171,420,,,0,43,,3172,420,,,0,83,,3149,420,,,0,82,,3150,420,,,0,83,,3151,420,,,0,46,,3175,420,,,0,59,,3152,70,,,0,26,,3153,420,,,0,20,,3177,70,,,0,64,,3154,420,,,0,20,,3178,70,,,0,65,,3155,420,,,0,44,,3156,420,,,0,82,,3157,420,,,0,83,,3158,420,,,0,40,,3160,420,,,0,80,,3161,420,,,0,80,,3162,420,,,0,40,,3163,420,,,0,80,,3164,420,,,0,80,,3165,420,,,0,40,,3166,420,,,0
9800,'Semaine-01',653,,855,210,0,21 10,0,102,,843,310,,,0,104,,847,310,,,0,145,,848,310,,,0,507,,849,310,,,0,105,,850,310,,,0,105,,851,310,,,0,104,,852,310,,,0,103,,853,310,,,0,97,,854,310,,,0,97,,844,310,,,0,90,,845,310,,,0
9800,'Semaine-02',648,,3278,210,0,21 10,0,104,,3266,310,,,0,107,,3270,310,,,0,149,,3271,310,,,0,497,,3272,310,,,0,108,,3273,310,,,0,108,,3274,310,,,0,109,,3275,310,,,0,106,,3276,310,,,0,98,,3277,310,,,0,98,,3267,310,,,0,95,,3268,310,,,0
9800,'Semaine-03',653,,3291,210,0,21 10,0,102,,3279,310,,,0,104,,3283,310,,,0,145,,3284,310,,,0,507,,3285,310,,,0,105,,3286,310,,,0,105,,3287,310,,,0,104,,3288,310,,,0,103,,3289,310,,,0,97,,3290,310,,,0,97,,3280,310,,,0,90,,3281,310,,,0
11100,'Dimanche-01',833,,857,440,0,5 10,0,188,,856,440,0,5 10,0,290,,858,440,0,5 10,0,289,,859,440,0,5 10,0,305,,860,440,0,5 10,0
11100,'Fête-1-01',833,,3293,440,0,5 10,0,188,,3292,440,0,5 10,0,290,,3294,440,0,5 10,0,289,,3295,440,0,5 10,0,305,,3296,440,0,5 10,0
11100,'Samedi-01',833,,887,440,0,5 10,0,188,,886,440,0,5 10,0,290,,888,440,0,5 10,0,289,,889,440,0,5 10,0,305,,890,440,0,5 10,0
11100,'Semaine-01',546,,902,440,0,5 15,0,54,,896,440,0,5 10,0,21,,900,440,0,5 15,0,27,,903,440,0,5 15,0,5,,897,440,0,5 10,0,55,,901,440,0,5 15,0,31,,909,440,0,5 15,0,20,,904,440,0,5 15,0,44,,898,440,0,5 10,0,16,,911,440,0,5 15,0,39,,899,440,0,5 10,0,157,,912,440,0,5 10,0,36,,894,440,0,5 10,0,265,,895,440,0,5 10,0,340,,906,440,0,5 10,0,46,,905,370,0,5 15,0,53,,908,440,0,5 10,0,59,,907,370,0,5 15,0,335,,910,370,0,5 10,0
11100,'Semaine-02',545,,3304,440,0,5 14,0,70,,3302,440,0,5 14,0,33,,3305,440,0,5 14,0,70,,3303,440,0,5 14,0,30,,3309,440,0,5 14,0,70,,3310,440,0,5 14,0,30,,3301,440,0,5 10,0,106,,3311,440,0,5 10,0,97,,3315,440,0,5 10,0,273,,3300,440,0,5 10,0,400,,3306,440,0,5 14,0,23,,3308,440,0,5 14,0,71,,3307,440,0,5 14,0,331,,3314,370,0,5 10,0
11100,'Semaine-03',546,,3324,440,0,5 15,0,54,,3318,440,0,5 10,0,21,,3322,440,0,5 15,0,27,,3325,440,0,5 15,0,5,,3319,440,0,5 10,0,55,,3323,440,0,5 15,0,31,,3331,440,0,5 15,0,20,,3326,440,0,5 15,0,44,,3320,440,0,5 10,0,16,,3333,440,0,5 15,0,39,,3321,440,0,5 10,0,157,,3334,440,0,5 10,0,36,,3316,440,0,5 10,0,265,,3317,440,0,5 10,0,340,,3328,440,0,5 10,0,46,,3327,370,0,5 15,0,53,,3330,440,0,5 10,0,59,,3329,370,0,5 15,0,335,,3332,370,0,5 10,0
