2100,'Semaine-01',536,,240,170,,,0,70,,241,170,,,0,30,,242,170,,,0,75,,243,170,,,0,30,,244,170,,,0,75,,245,170,,,0
2100,'Semaine-02',531,,2782,170,,,0,70,,2783,170,,,0,30,,2784,170,,,0,75,,2785,170,,,0,30,,2786,170,,,0,75,,2787,170,,,0
2100,'Semaine-03',536,,2788,170,,,0,70,,2789,170,,,0,30,,2790,170,,,0,75,,2791,170,,,0,30,,2792,170,,,0,75,,2793,170,,,0
2101,'Semaine-01',1633,,254,320,,,0,23,,255,320,,,0,66,,256,320,,,0,24,,257,320,,,0,65,,258,320,,,0,28,,259,320,,,0
2101,'Semaine-02',1636,,2794,320,,,0,65,,2795,320,,,0,24,,2796,320,,,0,24,,2797,320,,,0,65,,2798,320,,,0,28,,2799,320,,,0
2101,'Semaine-03',1633,,2803,320,,,0,23,,2804,320,,,0,66,,2805,320,,,0,24,,2806,320,,,0,65,,2807,320,,,0,28,,2808,320,,,0
3200,'Dimanche-01',607,,578,260,,,0,214,,583,260,,,0,223,,586,260,,,0,192,,587,260,,,0,119,,579,260,,,0,162,,589,260,,,0,120,,580,260,,,0,119,,582,260,,,0,158,,581,260,,,0,215,,584,260,,,0,216,,585,260,,,0,213,,588,260,0,6,0
3200,'Fête-1-01',538,,3103,140,,,0,181,,3109,260,,,0,37,,3104,260,,,0,160,,3112,260,,,0,123,,3113,260,,,0,164,,3114,260,,,0,124,,3105,260,,,0,124,,3116,260,,,0,164,,3106,260,,,0,128,,3107,260,,,0,160,,3108,260,,,0,236,,3110,260,,,0,216,,3111,260,,,0,247,,3115,260,0,6,0
3200,'Samedi-01',538,,635,140,,,0,181,,641,260,,,0,37,,636,260,,,0,160,,644,260,,,0,123,,645,260,,,0,164,,646,260,,,0,124,,637,260,,,0,124,,648,260,,,0,164,,638,260,,,0,128,,639,260,,,0,160,,640,260,,,0,236,,642,260,,,0,216,,643,260,,,0,247,,647,260,0,6,0
3200,'Semaine-01',634,,674,260,,,0,80,,649,260,,,0,40,,677,260,,,0,80,,660,260,,,0,80,,668,260,,,0,41,,669,260,,,0,81,,670,260,,,0,81,,671,260,,,0,83,,672,260,,,0,43,,673,260,,,0,83,,650,260,,,0,82,,651,260,,,0,42,,652,260,,,0,85,,676,260,,,0,85,,654,260,,,0,85,,655,260,,,0,45,,656,260,,,0,85,,657,260,,,0,82,,658,260,,,0,83,,659,260,,,0,41,,661,260,,,0,80,,662,260,,,0,80,,663,260,,,0,40,,664,260,,,0,80,,665,260,,,0,80,,666,260,,,0,40,,667,260,,,0
3200,'Semaine-02',633,,3142,260,,,0,81,,3117,260,,,0,42,,3145,260,,,0,82,,3128,260,,,0,83,,3136,260,,,0,82,,3137,260,,,0,42,,3138,260,,,0,83,,3139,260,,,0,83,,3140,260,,,0,43,,3141,260,,,0,83,,3118,260,,,0,83,,3119,260,,,0,84,,3120,260,,,0,46,,3144,260,,,0,87,,3122,260,,,0,86,,3123,260,,,0,85,,3124,260,,,0,42,,3125,260,,,0,81,,3126,260,,,0,81,,3127,260,,,0,42,,3129,260,,,0,81,,3130,260,,,0,81,,3131,260,,,0,40,,3132,260,,,0,80,,3133,260,,,0,80,,3134,260,,,0,40,,3135,260,,,0
3200,'Semaine-03',634,,3173,260,,,0,80,,3148,260,,,0,40,,3176,260,,,0,80,,3159,260,,,0,80,,3167,260,,,0,41,,3168,260,,,0,81,,3169,260,,,0,81,,3170,260,,,0,83,,3171,260,,,0,43,,3172,260,,,0,83,,3149,260,,,0,82,,3150,260,,,0,42,,3151,260,,,0,85,,3175,260,,,0,85,,3153,260,,,0,85,,3154,260,,,0,45,,3155,260,,,0,85,,3156,260,,,0,82,,3157,260,,,0,83,,3158,260,,,0,41,,3160,260,,,0,80,,3161,260,,,0,80,,3162,260,,,0,40,,3163,260,,,0,80,,3164,260,,,0,80,,3165,260,,,0,40,,3166,260,,,0
