2600,'Semaine-01',509,,364,130,,,0
2600,'Semaine-02',509,,2912,130,,,0
2600,'Semaine-03',509,,2914,130,,,0
2700,'Semaine-01',552,,375,160,,,0,80,,376,160,,,0,80,,377,160,,,0,40,,378,160,,,0,80,,379,160,,,0,786,,380,160,,,0,83,,381,160,,,0,46,,382,160,,,0,84,,383,160,,,0,86,,384,160,,,0
2700,'Semaine-02',547,,2915,160,,,0,79,,2916,160,,,0,81,,2917,160,,,0,42,,2918,160,,,0,82,,2919,160,,,0,799,,2920,160,,,0,86,,2921,160,,,0,85,,2922,160,,,0,40,,2923,160,,,0,84,,2924,160,,,0
2700,'Semaine-03',552,,2925,160,,,0,80,,2926,160,,,0,80,,2927,160,,,0,40,,2928,160,,,0,80,,2929,160,,,0,786,,2930,160,,,0,83,,2931,160,,,0,46,,2932,160,,,0,84,,2933,160,,,0,86,,2934,160,,,0
2000002701,'Dimanche-01',607,,2286,170,,,0,50,,2288,170,,,0,81,,2313,170,,,0,83,,2311,170,,,0,93,,2312,170,,,0,43,,2309,170,,,0,87,,2310,170,,,0,75,,2308,170,,,0,35,,2307,170,,,0,82,,2304,170,,,0,79,,2306,170,,,0,40,,2305,170,,,0,80,,2303,170,,,0,82,,2302,170,,,0,37,,2300,170,,,0,83,,2301,170,,,0,76,,2299,170,,,0,43,,2298,170,,,0,76,,2297,170,,,0,82,,2296,170,,,0,44,,2295,170,,,0,86,,2294,170,,,0,85,,2287,170,,,0,89,,2293,170,,,0,83,,2292,170,,,0,44,,2291,170,,,0,88,,2290,170,,,0,86,,2289,170,,,0
2000002701,'Fête-1-01',546,,4184,170,,,0,83,,4187,170,,,0,90,,4212,170,,,0,37,,4210,170,,,0,77,,4211,170,,,0,83,,4208,170,,,0,41,,4209,170,,,0,82,,4207,170,,,0,82,,4206,170,,,0,82,,4203,170,,,0,42,,4205,170,,,0,82,,4204,170,,,0,82,,4202,170,,,0,42,,4201,170,,,0,82,,4199,170,,,0,82,,4200,170,,,0,42,,4198,170,,,0,86,,4197,170,,,0,78,,4196,170,,,0,82,,4195,170,,,0,42,,4194,170,,,0,81,,4193,170,,,0,79,,4185,170,,,0,33,,4192,170,,,0,90,,4191,170,,,0,87,,4190,170,,,0,39,,4189,170,,,0,89,,4188,170,,,0,81,,4186,170,,,0
2000002701,'Samedi-01',546,,2363,170,,,0,83,,2366,170,,,0,90,,2391,170,,,0,37,,2389,170,,,0,77,,2390,170,,,0,83,,2387,170,,,0,41,,2388,170,,,0,82,,2386,170,,,0,82,,2385,170,,,0,82,,2382,170,,,0,42,,2384,170,,,0,82,,2383,170,,,0,82,,2381,170,,,0,42,,2380,170,,,0,82,,2378,170,,,0,82,,2379,170,,,0,42,,2377,170,,,0,86,,2376,170,,,0,78,,2375,170,,,0,82,,2374,170,,,0,42,,2373,170,,,0,81,,2372,170,,,0,79,,2364,170,,,0,33,,2371,170,,,0,90,,2370,170,,,0,87,,2369,170,,,0,39,,2368,170,,,0,89,,2367,170,,,0,81,,2365,170,,,0
2000002701,'Semaine-01',553,,2408,170,,,0,360,,2407,170,,,0,40,,2406,170,,,0,81,,2405,170,,,0,81,,2404,170,,,0,43,,2403,170,,,0,83,,2402,170,,,0,83,,2401,170,,,0,82,,2409,170,,,0,42,,2410,170,,,0,85,,2411,170,,,0,425,,2400,170,,,0,80,,2399,170,,,0,80,,2398,170,,,0,40,,2397,170,,,0,80,,2396,170,,,0,80,,2395,170,,,0,40,,2394,170,,,0,81,,2393,170,,,0,80,,2392,170,,,0
2000002701,'Semaine-02',553,,4229,170,,,0,360,,4228,170,,,0,40,,4227,170,,,0,81,,4226,170,,,0,81,,4225,170,,,0,43,,4224,170,,,0,83,,4223,170,,,0,83,,4222,170,,,0,82,,4230,170,,,0,42,,4231,170,,,0,85,,4232,170,,,0,425,,4221,170,,,0,80,,4220,170,,,0,80,,4219,170,,,0,40,,4218,170,,,0,80,,4217,170,,,0,80,,4216,170,,,0,40,,4215,170,,,0,81,,4214,170,,,0,80,,4213,170,,,0
2000002701,'Semaine-03',553,,4249,170,,,0,360,,4248,170,,,0,40,,4247,170,,,0,81,,4246,170,,,0,81,,4245,170,,,0,43,,4244,170,,,0,83,,4243,170,,,0,83,,4242,170,,,0,82,,4250,170,,,0,42,,4251,170,,,0,85,,4252,170,,,0,425,,4241,170,,,0,80,,4240,170,,,0,80,,4239,170,,,0,40,,4238,170,,,0,80,,4237,170,,,0,80,,4236,170,,,0,40,,4235,170,,,0,81,,4234,170,,,0,80,,4233,170,,,0
