2400,'Semaine-01',601,,322,80,,,0,22,,323,80,,,0,33,,324,80,,,0,92,,326,80,,,0,74,,327,80,,,0,80,,325,80,,,0
2400,'Semaine-02',545,,2866,80,,,0,78,,2867,80,,,0,80,,2868,80,,,0,42,,2869,80,,,0,82,,2870,80,,,0
2400,'Semaine-03',601,,2871,80,,,0,22,,2872,80,,,0,33,,2873,80,,,0,92,,2875,80,,,0,74,,2876,80,,,0,80,,2874,80,,,0
2501,'Semaine-01',1618,,355,420,,,0,40,,356,420,,,0,73,,357,420,,,0,79,,358,420,,,0,40,,359,420,,,0,68,,360,420,,,0
2501,'Semaine-02',1618,,2899,420,,,0,40,,2900,420,,,0,73,,2901,420,,,0,79,,2902,420,,,0,35,,2903,420,,,0,73,,2904,420,,,0
2501,'Semaine-03',1618,,2905,420,,,0,40,,2906,420,,,0,73,,2907,420,,,0,79,,2908,420,,,0,40,,2909,420,,,0,68,,2910,420,,,0
2600,'Semaine-01',452,,363,130,,,0
2600,'Semaine-02',452,,2911,130,,,0
2600,'Semaine-03',452,,2913,130,,,0
2000002500,'Dimanche-01',542,,1991,260,,,0,87,,1993,310,,,0,78,,1994,310,,,0,35,,1995,310,,,0,68,,1996,310,,,0,34,,1997,310,,,0,78,,1998,310,,,0,37,,1999,310,,,0,76,,2000,310,,,0,72,,2001,310,,,0,45,,2002,310,,,0,85,,2003,310,,,0,95,,2004,310,,,0,23,,2005,310,,,0,62,,2006,310,,,0,85,,2007,310,,,0,40,,2008,310,,,0,80,,2009,310,,,0,80,,2010,310,,,0,35,,2011,310,,,0,81,,2012,310,,,0,39,,2013,310,,,0,80,,2014,310,,,0,70,,2015,310,,,0,35,,2016,310,,,0,75,,2017,310,,,0,35,,2018,310,,,0,75,,2019,310,,,0,75,,2020,310,,,0,30,,2021,310,,,0,75,,2022,310,,,0,35,,2023,310,,,0,76,,2024,310,,,0
2000002500,'Fête-1-01',529,,4047,260,,,0,26,,4016,310,,,0,76,,4032,310,,,0,83,,4017,310,,,0,27,,4033,310,,,0,77,,4018,310,,,0,40,,4034,310,,,0,80,,4019,310,,,0,70,,4035,310,,,0,40,,4020,310,,,0,80,,4036,310,,,0,77,,4021,310,,,0,30,,4015,310,,,0,73,,4022,310,,,0,41,,4037,310,,,0,78,,4023,310,,,0,86,,4038,310,,,0,45,,4024,310,,,0,79,,4039,310,,,0,71,,4025,310,,,0,34,,4040,310,,,0,84,,4026,310,,,0,80,,4041,310,,,0,44,,4027,310,,,0,80,,4042,310,,,0,90,,4028,310,,,0,81,,4043,310,,,0,36,,4029,310,,,0,76,,4044,310,,,0,32,,4030,310,,,0,72,,4045,310,,,0,111,,4031,310,,,0
2000002500,'Samedi-01',529,,2121,260,,,0,26,,2090,310,,,0,76,,2106,310,,,0,83,,2091,310,,,0,27,,2107,310,,,0,77,,2092,310,,,0,40,,2108,310,,,0,80,,2093,310,,,0,70,,2109,310,,,0,40,,2094,310,,,0,80,,2110,310,,,0,77,,2095,310,,,0,30,,2089,310,,,0,73,,2096,310,,,0,41,,2111,310,,,0,78,,2097,310,,,0,86,,2112,310,,,0,45,,2098,310,,,0,79,,2113,310,,,0,71,,2099,310,,,0,34,,2114,310,,,0,84,,2100,310,,,0,80,,2115,310,,,0,44,,2101,310,,,0,80,,2116,310,,,0,90,,2102,310,,,0,81,,2117,310,,,0,36,,2103,310,,,0,76,,2118,310,,,0,32,,2104,310,,,0,72,,2119,310,,,0,111,,2105,310,,,0
2000002500,'Semaine-01',602,,2123,260,,,0,36,,2124,310,,,0,80,,2125,310,,,0,40,,2122,310,,,0,80,,2126,310,,,0,80,,2127,310,,,0,40,,2128,310,,,0,80,,2129,310,,,0,81,,2130,310,,,0,82,,2131,310,,,0,43,,2132,310,,,0,83,,2133,310,,,0,83,,2134,310,,,0,42,,2135,310,,,0,82,,2136,310,,,0,85,,2137,310,,,0,85,,2138,310,,,0,46,,2139,310,,,0,85,,2140,310,,,0,85,,2141,310,,,0,82,,2142,310,,,0,42,,2143,310,,,0,79,,2144,310,,,0,80,,2145,310,,,0,40,,2146,310,,,0,80,,2147,310,,,0,80,,2148,310,,,0,40,,2149,310,,,0,60,,2150,310,,,0,30,,2151,310,,,0
2000002500,'Semaine-02',602,,4049,260,,,0,36,,4050,310,,,0,80,,4051,310,,,0,40,,4048,310,,,0,80,,4052,310,,,0,80,,4053,310,,,0,40,,4054,310,,,0,80,,4055,310,,,0,81,,4056,310,,,0,82,,4057,310,,,0,43,,4058,310,,,0,83,,4059,310,,,0,83,,4060,310,,,0,42,,4061,310,,,0,82,,4062,310,,,0,85,,4063,310,,,0,85,,4064,310,,,0,46,,4065,310,,,0,85,,4066,310,,,0,85,,4067,310,,,0,82,,4068,310,,,0,42,,4069,310,,,0,79,,4070,310,,,0,80,,4071,310,,,0,40,,4072,310,,,0,80,,4073,310,,,0,80,,4074,310,,,0,40,,4075,310,,,0,60,,4076,310,,,0,30,,4077,310,,,0
2000002500,'Semaine-03',602,,4080,260,,,0,36,,4081,310,,,0,80,,4082,310,,,0,40,,4079,310,,,0,80,,4083,310,,,0,80,,4084,310,,,0,40,,4085,310,,,0,80,,4086,310,,,0,81,,4087,310,,,0,82,,4088,310,,,0,43,,4089,310,,,0,83,,4090,310,,,0,83,,4091,310,,,0,42,,4092,310,,,0,82,,4093,310,,,0,85,,4094,310,,,0,85,,4095,310,,,0,46,,4096,310,,,0,85,,4097,310,,,0,85,,4098,310,,,0,82,,4099,310,,,0,42,,4100,310,,,0,79,,4101,310,,,0,80,,4102,310,,,0,40,,4103,310,,,0,80,,4104,310,,,0,80,,4105,310,,,0,40,,4106,310,,,0,60,,4107,310,,,0,30,,4108,310,,,0
