100,'Dimanche-01',637,,12,610,,,0,200,,1,610,,,0,167,,2,610,,,0,130,,3,610,,,0,125,,4,610,,,0,163,,5,610,,,0,118,,6,610,,,0,160,,7,610,,,0,123,,8,610,,,0,135,,9,610,,,0,155,,10,610,,,0,115,,11,610,,,0
100,'Fête-1-01',637,,2637,610,,,0,200,,2626,610,,,0,167,,2627,610,,,0,130,,2628,610,,,0,125,,2629,610,,,0,163,,2630,610,,,0,118,,2631,610,,,0,160,,2632,610,,,0,123,,2633,610,,,0,135,,2634,610,,,0,155,,2635,610,,,0,115,,2636,610,,,0
100,'Samedi-01',637,,54,610,,,0,200,,43,610,,,0,167,,44,610,,,0,130,,45,610,,,0,125,,46,610,,,0,163,,47,610,,,0,118,,48,610,,,0,160,,49,610,,,0,123,,50,610,,,0,135,,51,610,,,0,155,,52,610,,,0,115,,53,610,,,0
100,'Semaine-01',524,,55,610,,,0,104,,56,610,,,0,26,,57,610,,,0,82,,58,610,,,0,118,,59,610,,,0,104,,62,610,,,0,94,,71,610,,,0,101,,63,610,,,0,101,,72,610,,,0,78,,64,610,,,0,102,,65,610,,,0,100,,69,610,,,0,110,,66,610,,,0,75,,67,610,,,0,105,,60,610,,,0,92,,61,610,,,0,132,,70,610,,,0,184,,68,610,,,0
100,'Semaine-02',522,,2638,610,,,0,102,,2639,610,,,0,30,,2640,610,,,0,82,,2641,610,,,0,168,,2642,610,,,0,98,,2645,610,,,0,30,,2654,610,,,0,100,,2646,610,,,0,107,,2655,610,,,0,95,,2647,610,,,0,100,,2648,610,,,0,100,,2652,610,,,0,110,,2649,610,,,0,89,,2650,610,,,0,111,,2643,610,,,0,87,,2644,610,,,0,102,,2653,610,,,0,196,,2651,610,,,0
100,'Semaine-03',524,,2656,610,,,0,104,,2657,610,,,0,26,,2658,610,,,0,82,,2659,610,,,0,118,,2660,610,,,0,104,,2663,610,,,0,94,,2672,610,,,0,101,,2664,610,,,0,101,,2673,610,,,0,78,,2665,610,,,0,102,,2666,610,,,0,100,,2670,610,,,0,110,,2667,610,,,0,75,,2668,610,,,0,105,,2661,610,,,0,92,,2662,610,,,0,132,,2671,610,,,0,184,,2669,610,,,0
2100,'Semaine-01',542,,240,250,,,0,70,,241,250,,,0,30,,242,250,,,0,75,,243,250,,,0,30,,244,250,,,0,75,,245,250,,,0
2100,'Semaine-02',537,,2782,250,,,0,70,,2783,250,,,0,30,,2784,250,,,0,75,,2785,250,,,0,30,,2786,250,,,0,75,,2787,250,,,0
2100,'Semaine-03',542,,2788,250,,,0,70,,2789,250,,,0,30,,2790,250,,,0,75,,2791,250,,,0,30,,2792,250,,,0,75,,2793,250,,,0
2101,'Semaine-01',1638,,254,400,,,0,63,,255,400,,,0,26,,256,400,,,0,24,,257,400,,,0,65,,258,400,,,0,28,,259,400,,,0
2101,'Semaine-02',1641,,2794,400,,,0,65,,2795,400,,,0,24,,2796,400,,,0,24,,2797,400,,,0,65,,2798,400,,,0,28,,2799,400,,,0
2101,'Semaine-03',1638,,2803,400,,,0,63,,2804,400,,,0,26,,2805,400,,,0,24,,2806,400,,,0,65,,2807,400,,,0,28,,2808,400,,,0
2201,'Semaine-01',1642,,281,260,,,0,65,,285,260,,,0,25,,282,260,,,0,25,,286,260,,,0,65,,284,260,,,0,23,,283,260,,,0
2201,'Semaine-02',1645,,2824,260,,,0,65,,2828,260,,,0,24,,2825,260,,,0,25,,2829,260,,,0,65,,2827,260,,,0,28,,2826,260,,,0
2201,'Semaine-03',1642,,2830,260,,,0,65,,2834,260,,,0,25,,2831,260,,,0,25,,2835,260,,,0,65,,2833,260,,,0,23,,2832,260,,,0
2600,'Semaine-01',502,,363,240,,,0,17,,364,250,,,0
2600,'Semaine-02',502,,2911,240,,,0,17,,2912,250,,,0
2600,'Semaine-03',502,,2913,240,,,0,17,,2914,250,,,0
2800,'Semaine-01',514,,417,140,,,0,20,,416,140,,,0,15,,414,380,,,0,55,,428,140,,,0,15,,425,140,,,0,15,,413,420,,,0,10,,426,140,,,0,10,,415,380,,,0,51,,427,140,,,0,10,,418,140,,,0,10,,419,140,,,0,16,,420,140,,,0,15,,422,140,,,0,60,,423,140,,,0
2800,'Semaine-02',514,,2957,140,,,0,20,,2956,140,,,0,15,,2954,380,,,0,55,,2963,140,,,0,15,,2964,140,,,0,15,,2953,420,,,0,15,,2955,380,,,0,56,,2958,140,,,0,15,,2959,140,,,0,15,,2960,140,,,0,21,,2961,140,,,0,60,,2962,140,,,0
2800,'Semaine-03',514,,2969,140,,,0,20,,2968,140,,,0,15,,2966,380,,,0,55,,2978,140,,,0,15,,2975,140,,,0,15,,2965,420,,,0,10,,2976,140,,,0,10,,2967,380,,,0,51,,2977,140,,,0,10,,2970,140,,,0,10,,2971,140,,,0,16,,2972,140,,,0,15,,2973,140,,,0,60,,2974,140,,,0
3200,'Dimanche-01',612,,578,340,,,0,214,,583,340,,,0,223,,586,340,,,0,192,,587,340,,,0,159,,579,340,,,0,122,,589,340,,,0,120,,580,340,,,0,159,,582,340,,,0,118,,581,340,,,0,214,,584,340,,,0,216,,585,340,,,0,253,,588,340,0,6,0
3200,'Fête-1-01',543,,3103,220,,,0,181,,3109,340,,,0,77,,3104,340,,,0,120,,3112,340,,,0,123,,3113,340,,,0,164,,3114,340,,,0,124,,3105,340,,,0,124,,3116,340,,,0,164,,3106,340,,,0,128,,3107,340,,,0,160,,3108,340,,,0,235,,3110,340,,,0,216,,3111,340,,,0,247,,3115,340,0,6,0
3200,'Samedi-01',543,,635,220,,,0,181,,641,340,,,0,77,,636,340,,,0,120,,644,340,,,0,123,,645,340,,,0,164,,646,340,,,0,124,,637,340,,,0,124,,648,340,,,0,164,,638,340,,,0,128,,639,340,,,0,160,,640,340,,,0,235,,642,340,,,0,216,,643,340,,,0,247,,647,340,0,6,0
3200,'Semaine-01',639,,674,340,,,0,80,,649,340,,,0,40,,677,340,,,0,80,,660,340,,,0,80,,668,340,,,0,40,,669,340,,,0,81,,670,340,,,0,81,,671,340,,,0,83,,672,340,,,0,43,,673,340,,,0,83,,650,340,,,0,82,,651,340,,,0,42,,652,340,,,0,85,,676,340,,,0,85,,654,340,,,0,85,,655,340,,,0,45,,656,340,,,0,85,,657,340,,,0,82,,658,340,,,0,83,,659,340,,,0,41,,661,340,,,0,80,,662,340,,,0,80,,663,340,,,0,40,,664,340,,,0,80,,665,340,,,0,80,,666,340,,,0,40,,667,340,,,0
3200,'Semaine-02',638,,3142,340,,,0,81,,3117,340,,,0,82,,3145,340,,,0,42,,3128,340,,,0,82,,3136,340,,,0,82,,3137,340,,,0,42,,3138,340,,,0,83,,3139,340,,,0,83,,3140,340,,,0,43,,3141,340,,,0,83,,3118,340,,,0,83,,3119,340,,,0,84,,3120,340,,,0,46,,3144,340,,,0,87,,3122,340,,,0,86,,3123,340,,,0,85,,3124,340,,,0,42,,3125,340,,,0,81,,3126,340,,,0,81,,3127,340,,,0,42,,3129,340,,,0,81,,3130,340,,,0,81,,3131,340,,,0,80,,3132,340,,,0,40,,3133,340,,,0,80,,3134,340,,,0,80,,3135,340,,,0
3200,'Semaine-03',639,,3173,340,,,0,80,,3148,340,,,0,40,,3176,340,,,0,80,,3159,340,,,0,80,,3167,340,,,0,40,,3168,340,,,0,81,,3169,340,,,0,81,,3170,340,,,0,83,,3171,340,,,0,43,,3172,340,,,0,83,,3149,340,,,0,82,,3150,340,,,0,42,,3151,340,,,0,85,,3175,340,,,0,85,,3153,340,,,0,85,,3154,340,,,0,45,,3155,340,,,0,85,,3156,340,,,0,82,,3157,340,,,0,83,,3158,340,,,0,41,,3160,340,,,0,80,,3161,340,,,0,80,,3162,340,,,0,40,,3163,340,,,0,80,,3164,340,,,0,80,,3165,340,,,0,40,,3166,340,,,0
3300,'Dimanche-01',611,,682,520,,,0,42,,680,520,,,0,91,,691,520,,,0,81,,701,520,,,0,83,,703,520,,,0,93,,704,520,,,0,40,,705,520,,,0,80,,706,520,,,0,80,,707,520,,,0,40,,683,520,,,0,80,,684,520,,,0,79,,685,520,,,0,40,,686,520,,,0,80,,687,520,,,0,39,,688,520,,,0,79,,689,520,,,0,79,,690,520,,,0,39,,692,520,,,0,79,,693,520,,,0,80,,694,520,,,0,87,,695,520,,,0,45,,696,520,,,0,85,,697,520,,,0,87,,698,520,,,0,86,,699,520,,,0,43,,700,520,,,0,88,,681,520,,,0,83,,702,520,,,0
3300,'Fête-1-01',631,,3181,520,,,0,81,,3179,520,,,0,42,,3190,520,,,0,82,,3200,520,,,0,82,,3202,520,,,0,84,,3203,520,,,0,41,,3204,520,,,0,82,,3205,520,,,0,82,,3206,520,,,0,42,,3182,520,,,0,82,,3183,520,,,0,82,,3184,520,,,0,42,,3185,520,,,0,82,,3186,520,,,0,82,,3187,520,,,0,82,,3188,520,,,0,42,,3189,520,,,0,85,,3191,520,,,0,79,,3192,520,,,0,42,,3193,520,,,0,82,,3194,520,,,0,79,,3195,520,,,0,41,,3196,520,,,0,81,,3197,520,,,0,82,,3198,520,,,0,43,,3199,520,,,0,86,,3201,520,,,0,86,,3180,520,,,0
3300,'Samedi-01',631,,769,520,,,0,81,,767,520,,,0,42,,778,520,,,0,82,,788,520,,,0,82,,790,520,,,0,84,,791,520,,,0,41,,792,520,,,0,82,,793,520,,,0,82,,794,520,,,0,42,,770,520,,,0,82,,771,520,,,0,82,,772,520,,,0,42,,773,520,,,0,82,,774,520,,,0,82,,775,520,,,0,82,,776,520,,,0,42,,777,520,,,0,85,,779,520,,,0,79,,780,520,,,0,42,,781,520,,,0,82,,782,520,,,0,79,,783,520,,,0,41,,784,520,,,0,81,,785,520,,,0,82,,786,520,,,0,43,,787,520,,,0,86,,789,520,,,0,86,,768,520,,,0
3300,'Semaine-01',638,,796,520,,,0,80,,824,520,,,0,41,,805,520,,,0,80,,815,520,,,0,80,,818,520,,,0,40,,819,520,,,0,80,,820,520,,,0,82,,821,520,,,0,81,,822,520,,,0,43,,797,520,,,0,83,,798,520,,,0,83,,799,520,,,0,43,,800,520,,,0,84,,801,520,,,0,86,,802,520,,,0,84,,803,520,,,0,45,,804,520,,,0,84,,806,520,,,0,81,,807,520,,,0,83,,808,520,,,0,42,,809,520,,,0,80,,810,520,,,0,80,,811,520,,,0,39,,812,520,,,0,80,,813,520,,,0,80,,814,520,,,0,40,,816,520,,,0,80,,817,520,,,0
3300,'Semaine-02',633,,3208,520,,,0,81,,3236,520,,,0,42,,3217,520,,,0,82,,3227,520,,,0,82,,3230,520,,,0,82,,3231,520,,,0,42,,3232,520,,,0,83,,3233,520,,,0,83,,3234,520,,,0,43,,3209,520,,,0,83,,3210,520,,,0,83,,3211,520,,,0,84,,3212,520,,,0,46,,3213,520,,,0,87,,3214,520,,,0,86,,3215,520,,,0,85,,3216,520,,,0,42,,3218,520,,,0,81,,3219,520,,,0,81,,3220,520,,,0,41,,3221,520,,,0,81,,3222,520,,,0,81,,3223,520,,,0,40,,3224,520,,,0,80,,3225,520,,,0,80,,3226,520,,,0,40,,3228,520,,,0,80,,3229,520,,,0
3300,'Semaine-03',638,,3237,520,,,0,80,,3265,520,,,0,41,,3246,520,,,0,80,,3256,520,,,0,80,,3259,520,,,0,40,,3260,520,,,0,80,,3261,520,,,0,82,,3262,520,,,0,81,,3263,520,,,0,43,,3238,520,,,0,83,,3239,520,,,0,83,,3240,520,,,0,43,,3241,520,,,0,84,,3242,520,,,0,86,,3243,520,,,0,84,,3244,520,,,0,45,,3245,520,,,0,84,,3247,520,,,0,81,,3248,520,,,0,83,,3249,520,,,0,42,,3250,520,,,0,80,,3251,520,,,0,80,,3252,520,,,0,39,,3253,520,,,0,80,,3254,520,,,0,80,,3255,520,,,0,40,,3257,520,,,0,80,,3258,520,,,0
11100,'Dimanche-01',723,,861,360,0,5 6,0,100,,857,360,0,5 10,0,187,,856,360,0,5 10,0,291,,858,360,0,5 10,0,249,,859,360,0,5 10,0,198,,862,360,0,5 6,0,107,,860,360,0,5 10,0,378,,863,360,0,5 6,0
11100,'Fête-1-01',723,,3297,360,0,5 6,0,100,,3293,360,0,5 10,0,187,,3292,360,0,5 10,0,291,,3294,360,0,5 10,0,249,,3295,360,0,5 10,0,198,,3298,360,0,5 6,0,107,,3296,360,0,5 10,0,378,,3299,360,0,5 6,0
11100,'Samedi-01',723,,891,360,0,5 6,0,100,,887,360,0,5 10,0,187,,886,360,0,5 10,0,291,,888,360,0,5 10,0,249,,889,360,0,5 10,0,198,,892,360,0,5 6,0,107,,890,360,0,5 10,0,378,,893,360,0,5 6,0
11100,'Semaine-01',535,,902,360,0,5 15,0,15,,896,360,0,5 10,0,60,,900,360,0,5 15,0,27,,903,360,0,5 15,0,6,,897,360,0,5 10,0,14,,901,360,0,5 15,0,71,,909,360,0,5 15,0,20,,904,360,0,5 15,0,5,,898,360,0,5 10,0,55,,911,360,0,5 15,0,40,,899,360,0,5 10,0,157,,912,360,0,5 10,0,35,,894,360,0,5 10,0,105,,914,360,0,5 6,0,160,,895,360,0,5 10,0,341,,906,360,0,5 10,0,5,,905,290,0,5 15,0,94,,908,360,0,5 10,0,58,,907,290,0,5 15,0,233,,913,290,0,5 6,0,103,,910,290,0,5 10,0
11100,'Semaine-02',535,,3304,360,0,5 14,0,70,,3302,360,0,5 14,0,33,,3305,360,0,5 14,0,70,,3303,360,0,5 14,0,30,,3309,360,0,5 14,0,70,,3310,360,0,5 14,0,30,,3301,360,0,5 10,0,106,,3311,360,0,5 10,0,96,,3315,360,0,5 10,0,105,,3313,360,0,5 6,0,168,,3300,360,0,5 10,0,401,,3306,360,0,5 14,0,23,,3308,360,0,5 14,0,71,,3307,360,0,5 14,0,226,,3312,290,0,5 6,0,105,,3314,290,0,5 10,0
11100,'Semaine-03',535,,3324,360,0,5 15,0,15,,3318,360,0,5 10,0,60,,3322,360,0,5 15,0,27,,3325,360,0,5 15,0,6,,3319,360,0,5 10,0,14,,3323,360,0,5 15,0,71,,3331,360,0,5 15,0,20,,3326,360,0,5 15,0,5,,3320,360,0,5 10,0,55,,3333,360,0,5 15,0,40,,3321,360,0,5 10,0,157,,3334,360,0,5 10,0,35,,3316,360,0,5 10,0,105,,3336,360,0,5 6,0,160,,3317,360,0,5 10,0,341,,3328,360,0,5 10,0,5,,3327,290,0,5 15,0,94,,3330,360,0,5 10,0,58,,3329,290,0,5 15,0,233,,3335,290,0,5 6,0,103,,3332,290,0,5 10,0
