101,'Dimanche-01',735,,73,180,,,0,205,,74,180,,,0,170,,75,180,,,0,133,,76,180,,,0,167,,77,180,,,0,120,,78,180,,,0,120,,79,180,,,0,160,,80,180,,,0,118,,81,180,,,0,174,,82,180,,,0,114,,83,180,,,0,114,,84,180,,,0
101,'Fête-1-01',735,,2674,180,,,0,205,,2675,180,,,0,170,,2676,180,,,0,133,,2677,180,,,0,167,,2678,180,,,0,120,,2679,180,,,0,120,,2680,180,,,0,160,,2681,180,,,0,118,,2682,180,,,0,174,,2683,180,,,0,114,,2684,180,,,0,114,,2685,180,,,0
101,'Samedi-01',735,,115,180,,,0,205,,116,180,,,0,170,,117,180,,,0,133,,118,180,,,0,167,,119,180,,,0,120,,120,180,,,0,120,,121,180,,,0,160,,122,180,,,0,118,,123,180,,,0,174,,124,180,,,0,114,,125,180,,,0,114,,126,180,,,0
101,'Semaine-01',634,,127,180,,,0,100,,136,180,,,0,70,,138,180,,,0,50,,139,180,,,0,151,,140,180,,,0,105,,141,180,,,0,95,,143,180,,,0,102,,142,180,,,0,106,,144,180,,,0,41,,128,180,,,0,102,,129,180,,,0,96,,130,180,,,0,149,,131,180,,,0,34,,132,180,,,0,103,,133,180,,,0,84,,134,180,,,0,134,,135,180,,,0,175,,137,180,,,0
101,'Semaine-02',629,,2686,180,,,0,100,,2695,180,,,0,30,,2697,180,,,0,100,,2698,180,,,0,146,,2699,180,,,0,95,,2700,180,,,0,100,,2702,180,,,0,57,,2701,180,,,0,151,,2703,180,,,0,46,,2687,180,,,0,147,,2688,180,,,0,51,,2689,180,,,0,149,,2690,180,,,0,29,,2691,180,,,0,29,,2692,180,,,0,148,,2693,180,,,0,144,,2694,180,,,0,190,,2696,180,,,0
101,'Semaine-03',634,,2704,180,,,0,100,,2713,180,,,0,70,,2715,180,,,0,50,,2716,180,,,0,151,,2717,180,,,0,105,,2718,180,,,0,95,,2720,180,,,0,102,,2719,180,,,0,106,,2721,180,,,0,41,,2705,180,,,0,102,,2706,180,,,0,96,,2707,180,,,0,149,,2708,180,,,0,34,,2709,180,,,0,103,,2710,180,,,0,84,,2711,180,,,0,134,,2712,180,,,0,175,,2714,180,,,0
2100,'Semaine-01',526,,240,30,,,0,30,,241,30,,,0,70,,242,30,,,0,75,,243,30,,,0,30,,244,30,,,0,75,,245,30,,,0
2100,'Semaine-02',521,,2782,30,,,0,30,,2783,30,,,0,70,,2784,30,,,0,35,,2785,30,,,0,70,,2786,30,,,0,75,,2787,30,,,0
2100,'Semaine-03',526,,2788,30,,,0,30,,2789,30,,,0,70,,2790,30,,,0,75,,2791,30,,,0,30,,2792,30,,,0,75,,2793,30,,,0
2101,'Semaine-01',1623,,254,180,,,0,23,,255,180,,,0,66,,256,180,,,0,24,,257,180,,,0,65,,258,180,,,0,28,,259,180,,,0
2101,'Semaine-02',1626,,2794,180,,,0,25,,2795,180,,,0,64,,2796,180,,,0,24,,2797,180,,,0,65,,2798,180,,,0,28,,2799,180,,,0
2101,'Semaine-03',1623,,2803,180,,,0,23,,2804,180,,,0,66,,2805,180,,,0,24,,2806,180,,,0,65,,2807,180,,,0,28,,2808,180,,,0
2801,'Semaine-01',1358,,445,120,0,6,0,188,,451,120,0,6,0,57,,454,120,0,6,0,15,,458,120,0,6,0,17,,455,120,0,6,0,15,,443,120,0,7,0,50,,457,120,0,6,0,10,,446,120,0,6,0,9,,447,120,0,6,0,10,,442,120,,,0,10,,448,120,0,6,0,8,,449,120,0,6,0,10,,444,120,0,7,0,54,,450,120,0,6,0,11,,452,120,0,6,0,25,,453,120,0,6,0
2801,'Semaine-02',1358,,2982,120,0,6,0,188,,2986,120,0,6,0,57,,2989,120,0,6,0,15,,2992,120,0,6,0,17,,2980,120,0,7,0,15,,2990,120,0,6,0,55,,2991,120,0,6,0,14,,2983,120,0,6,0,15,,2979,120,,,0,13,,2984,120,0,6,0,54,,2981,120,0,7,0,15,,2985,120,0,6,0,11,,2987,120,0,6,0,20,,2988,120,0,6,0
2801,'Semaine-03',1358,,2996,120,0,6,0,188,,3002,120,0,6,0,57,,3005,120,0,6,0,15,,3008,120,0,6,0,17,,3006,120,0,6,0,15,,2994,120,0,7,0,50,,3007,120,0,6,0,10,,2997,120,0,6,0,9,,2998,120,0,6,0,10,,2993,120,,,0,10,,2999,120,0,6,0,8,,3000,120,0,6,0,10,,2995,120,0,7,0,54,,3001,120,0,6,0,11,,3003,120,0,6,0,25,,3004,120,0,6,0
3300,'Dimanche-01',541,,682,50,,,0,82,,680,50,,,0,90,,691,50,,,0,41,,701,50,,,0,83,,703,50,,,0,93,,704,50,,,0,80,,705,50,,,0,40,,706,50,,,0,80,,707,50,,,0,80,,683,50,,,0,40,,684,50,,,0,79,,685,50,,,0,80,,686,50,,,0,40,,687,50,,,0,79,,688,50,,,0,79,,689,50,,,0,39,,690,50,,,0,79,,692,50,,,0,79,,693,50,,,0,40,,694,50,,,0,87,,695,50,,,0,85,,696,50,,,0,86,,697,50,,,0,47,,698,50,,,0,86,,699,50,,,0,83,,700,50,,,0,88,,681,50,,,0,43,,702,50,,,0,159,,708,50,0,8 6,0
3300,'Fête-1-01',601,,3181,50,,,0,41,,3179,50,,,0,81,,3190,50,,,0,82,,3200,50,,,0,42,,3202,50,,,0,84,,3203,50,,,0,81,,3204,50,,,0,42,,3205,50,,,0,82,,3206,50,,,0,82,,3182,50,,,0,82,,3183,50,,,0,42,,3184,50,,,0,82,,3185,50,,,0,82,,3186,50,,,0,42,,3187,50,,,0,82,,3188,50,,,0,82,,3189,50,,,0,45,,3191,50,,,0,79,,3192,50,,,0,82,,3193,50,,,0,82,,3194,50,,,0,39,,3195,50,,,0,82,,3196,50,,,0,81,,3197,50,,,0,42,,3198,50,,,0,83,,3199,50,,,0,86,,3201,50,,,0,46,,3180,50,,,0,153,,3207,50,0,8 6,0
3300,'Samedi-01',601,,769,50,,,0,41,,767,50,,,0,81,,778,50,,,0,82,,788,50,,,0,42,,790,50,,,0,84,,791,50,,,0,81,,792,50,,,0,42,,793,50,,,0,82,,794,50,,,0,82,,770,50,,,0,82,,771,50,,,0,42,,772,50,,,0,82,,773,50,,,0,82,,774,50,,,0,42,,775,50,,,0,82,,776,50,,,0,82,,777,50,,,0,45,,779,50,,,0,79,,780,50,,,0,82,,781,50,,,0,82,,782,50,,,0,39,,783,50,,,0,82,,784,50,,,0,81,,785,50,,,0,42,,786,50,,,0,83,,787,50,,,0,86,,789,50,,,0,46,,768,50,,,0,153,,795,50,0,8 6,0
3300,'Semaine-01',608,,796,50,,,0,40,,824,50,,,0,80,,805,50,,,0,80,,815,50,,,0,40,,818,50,,,0,80,,819,50,,,0,80,,820,50,,,0,41,,821,50,,,0,81,,822,50,,,0,83,,797,50,,,0,43,,798,50,,,0,83,,799,50,,,0,82,,800,50,,,0,82,,801,50,,,0,45,,802,50,,,0,85,,803,50,,,0,85,,804,50,,,0,85,,806,50,,,0,45,,807,50,,,0,83,,808,50,,,0,82,,809,50,,,0,40,,810,50,,,0,80,,811,50,,,0,80,,812,50,,,0,40,,813,50,,,0,80,,814,50,,,0,80,,816,50,,,0,40,,817,50,,,0
3300,'Semaine-02',603,,3208,50,,,0,41,,3236,50,,,0,81,,3217,50,,,0,82,,3227,50,,,0,42,,3230,50,,,0,82,,3231,50,,,0,82,,3232,50,,,0,42,,3233,50,,,0,83,,3234,50,,,0,83,,3209,50,,,0,83,,3210,50,,,0,43,,3211,50,,,0,83,,3212,50,,,0,84,,3213,50,,,0,86,,3214,50,,,0,47,,3215,50,,,0,86,,3216,50,,,0,85,,3218,50,,,0,82,,3219,50,,,0,41,,3220,50,,,0,81,,3221,50,,,0,81,,3222,50,,,0,41,,3223,50,,,0,81,,3224,50,,,0,80,,3225,50,,,0,40,,3226,50,,,0,80,,3228,50,,,0,80,,3229,50,,,0
3300,'Semaine-03',608,,3237,50,,,0,40,,3265,50,,,0,80,,3246,50,,,0,80,,3256,50,,,0,40,,3259,50,,,0,80,,3260,50,,,0,80,,3261,50,,,0,41,,3262,50,,,0,81,,3263,50,,,0,83,,3238,50,,,0,43,,3239,50,,,0,83,,3240,50,,,0,82,,3241,50,,,0,82,,3242,50,,,0,45,,3243,50,,,0,85,,3244,50,,,0,85,,3245,50,,,0,85,,3247,50,,,0,45,,3248,50,,,0,83,,3249,50,,,0,82,,3250,50,,,0,40,,3251,50,,,0,80,,3252,50,,,0,80,,3253,50,,,0,40,,3254,50,,,0,80,,3255,50,,,0,80,,3257,50,,,0,40,,3258,50,,,0
