2100,'Semaine-01',540,,240,230,,,0,70,,241,230,,,0,30,,242,230,,,0,75,,243,230,,,0,30,,244,230,,,0,75,,245,230,,,0
2100,'Semaine-02',535,,2782,230,,,0,70,,2783,230,,,0,30,,2784,230,,,0,75,,2785,230,,,0,30,,2786,230,,,0,75,,2787,230,,,0
2100,'Semaine-03',540,,2788,230,,,0,70,,2789,230,,,0,30,,2790,230,,,0,75,,2791,230,,,0,30,,2792,230,,,0,75,,2793,230,,,0
2101,'Semaine-01',1636,,254,380,,,0,23,,255,380,,,0,66,,256,380,,,0,24,,257,380,,,0,65,,258,380,,,0,28,,259,380,,,0
2101,'Semaine-02',1639,,2794,380,,,0,65,,2795,380,,,0,24,,2796,380,,,0,24,,2797,380,,,0,65,,2798,380,,,0,28,,2799,380,,,0
2101,'Semaine-03',1636,,2803,380,,,0,23,,2804,380,,,0,66,,2805,380,,,0,24,,2806,380,,,0,65,,2807,380,,,0,28,,2808,380,,,0
2201,'Semaine-01',1641,,281,240,,,0,65,,285,240,,,0,25,,282,240,,,0,25,,286,240,,,0,65,,284,240,,,0,23,,283,240,,,0
2201,'Semaine-02',1644,,2824,240,,,0,65,,2828,240,,,0,24,,2825,240,,,0,25,,2829,240,,,0,65,,2827,240,,,0,28,,2826,240,,,0
2201,'Semaine-03',1641,,2830,240,,,0,65,,2834,240,,,0,25,,2831,240,,,0,25,,2835,240,,,0,65,,2833,240,,,0,23,,2832,240,,,0
3200,'Dimanche-01',611,,578,320,,,0,214,,583,320,,,0,223,,586,320,,,0,192,,587,320,,,0,119,,579,320,,,0,162,,589,320,,,0,120,,580,320,,,0,159,,582,320,,,0,118,,581,320,,,0,214,,584,320,,,0,216,,585,320,,,0,253,,588,320,0,6,0
3200,'Fête-1-01',542,,3103,200,,,0,181,,3109,320,,,0,77,,3104,320,,,0,120,,3112,320,,,0,123,,3113,320,,,0,164,,3114,320,,,0,124,,3105,320,,,0,124,,3116,320,,,0,164,,3106,320,,,0,128,,3107,320,,,0,160,,3108,320,,,0,235,,3110,320,,,0,216,,3111,320,,,0,247,,3115,320,0,6,0
3200,'Samedi-01',542,,635,200,,,0,181,,641,320,,,0,77,,636,320,,,0,120,,644,320,,,0,123,,645,320,,,0,164,,646,320,,,0,124,,637,320,,,0,124,,648,320,,,0,164,,638,320,,,0,128,,639,320,,,0,160,,640,320,,,0,235,,642,320,,,0,216,,643,320,,,0,247,,647,320,0,6,0
3200,'Semaine-01',638,,674,320,,,0,80,,649,320,,,0,40,,677,320,,,0,80,,660,320,,,0,80,,668,320,,,0,40,,669,320,,,0,81,,670,320,,,0,81,,671,320,,,0,83,,672,320,,,0,43,,673,320,,,0,83,,650,320,,,0,82,,651,320,,,0,42,,652,320,,,0,85,,676,320,,,0,85,,654,320,,,0,85,,655,320,,,0,45,,656,320,,,0,85,,657,320,,,0,82,,658,320,,,0,83,,659,320,,,0,41,,661,320,,,0,80,,662,320,,,0,80,,663,320,,,0,40,,664,320,,,0,80,,665,320,,,0,80,,666,320,,,0,40,,667,320,,,0
3200,'Semaine-02',637,,3142,320,,,0,81,,3117,320,,,0,82,,3145,320,,,0,42,,3128,320,,,0,82,,3136,320,,,0,82,,3137,320,,,0,42,,3138,320,,,0,83,,3139,320,,,0,83,,3140,320,,,0,43,,3141,320,,,0,83,,3118,320,,,0,83,,3119,320,,,0,84,,3120,320,,,0,46,,3144,320,,,0,87,,3122,320,,,0,86,,3123,320,,,0,85,,3124,320,,,0,42,,3125,320,,,0,81,,3126,320,,,0,81,,3127,320,,,0,42,,3129,320,,,0,81,,3130,320,,,0,81,,3131,320,,,0,40,,3132,320,,,0,80,,3133,320,,,0,80,,3134,320,,,0,40,,3135,320,,,0
3200,'Semaine-03',638,,3173,320,,,0,80,,3148,320,,,0,40,,3176,320,,,0,80,,3159,320,,,0,80,,3167,320,,,0,40,,3168,320,,,0,81,,3169,320,,,0,81,,3170,320,,,0,83,,3171,320,,,0,43,,3172,320,,,0,83,,3149,320,,,0,82,,3150,320,,,0,42,,3151,320,,,0,85,,3175,320,,,0,85,,3153,320,,,0,85,,3154,320,,,0,45,,3155,320,,,0,85,,3156,320,,,0,82,,3157,320,,,0,83,,3158,320,,,0,41,,3160,320,,,0,80,,3161,320,,,0,80,,3162,320,,,0,40,,3163,320,,,0,80,,3164,320,,,0,80,,3165,320,,,0,40,,3166,320,,,0
11100,'Dimanche-01',722,,861,340,0,5 6,0,100,,857,340,0,5 10,0,187,,856,340,0,5 10,0,291,,858,340,0,5 10,0,249,,859,340,0,5 10,0,198,,862,340,0,5 6,0,107,,860,340,0,5 10,0,379,,863,340,0,5 6,0
11100,'Fête-1-01',722,,3297,340,0,5 6,0,100,,3293,340,0,5 10,0,187,,3292,340,0,5 10,0,291,,3294,340,0,5 10,0,249,,3295,340,0,5 10,0,198,,3298,340,0,5 6,0,107,,3296,340,0,5 10,0,379,,3299,340,0,5 6,0
11100,'Samedi-01',722,,891,340,0,5 6,0,100,,887,340,0,5 10,0,187,,886,340,0,5 10,0,291,,888,340,0,5 10,0,249,,889,340,0,5 10,0,198,,892,340,0,5 6,0,107,,890,340,0,5 10,0,379,,893,340,0,5 6,0
11100,'Semaine-01',534,,902,340,0,5 15,0,15,,896,340,0,5 10,0,60,,900,340,0,5 15,0,27,,903,340,0,5 15,0,6,,897,340,0,5 10,0,14,,901,340,0,5 15,0,71,,909,340,0,5 15,0,20,,904,340,0,5 15,0,5,,898,340,0,5 10,0,55,,911,340,0,5 15,0,40,,899,340,0,5 10,0,157,,912,340,0,5 10,0,35,,894,340,0,5 10,0,105,,914,340,0,5 6,0,160,,895,340,0,5 10,0,341,,906,340,0,5 10,0,6,,905,270,0,5 15,0,93,,908,340,0,5 10,0,58,,907,270,0,5 15,0,233,,913,270,0,5 6,0,103,,910,270,0,5 10,0
11100,'Semaine-02',534,,3304,340,0,5 14,0,70,,3302,340,0,5 14,0,33,,3305,340,0,5 14,0,70,,3303,340,0,5 14,0,30,,3309,340,0,5 14,0,70,,3310,340,0,5 14,0,30,,3301,340,0,5 10,0,106,,3311,340,0,5 10,0,96,,3315,340,0,5 10,0,105,,3313,340,0,5 6,0,168,,3300,340,0,5 10,0,401,,3306,340,0,5 14,0,23,,3308,340,0,5 14,0,71,,3307,340,0,5 14,0,226,,3312,270,0,5 6,0,105,,3314,270,0,5 10,0
11100,'Semaine-03',534,,3324,340,0,5 15,0,15,,3318,340,0,5 10,0,60,,3322,340,0,5 15,0,27,,3325,340,0,5 15,0,6,,3319,340,0,5 10,0,14,,3323,340,0,5 15,0,71,,3331,340,0,5 15,0,20,,3326,340,0,5 15,0,5,,3320,340,0,5 10,0,55,,3333,340,0,5 15,0,40,,3321,340,0,5 10,0,157,,3334,340,0,5 10,0,35,,3316,340,0,5 10,0,105,,3336,340,0,5 6,0,160,,3317,340,0,5 10,0,341,,3328,340,0,5 10,0,6,,3327,270,0,5 15,0,93,,3330,340,0,5 10,0,58,,3329,270,0,5 15,0,233,,3335,270,0,5 6,0,103,,3332,270,0,5 10,0
