100,'Dimanche-01',704,,12,800,4,,0,201,,1,800,4,,0,130,,2,800,4,,0,171,,3,800,4,,0,125,,4,800,4,,0,123,,5,800,4,,0,157,,6,800,4,,0,120,,7,800,4,,0,122,,8,800,4,,0,175,,9,800,4,,0,115,,10,800,4,,0,115,,11,800,4,,0
100,'Fête-1-01',704,,2637,800,4,,0,201,,2626,800,4,,0,130,,2627,800,4,,0,171,,2628,800,4,,0,125,,2629,800,4,,0,123,,2630,800,4,,0,157,,2631,800,4,,0,120,,2632,800,4,,0,122,,2633,800,4,,0,175,,2634,800,4,,0,115,,2635,800,4,,0,115,,2636,800,4,,0
100,'Samedi-01',704,,54,800,4,,0,201,,43,800,4,,0,130,,44,800,4,,0,171,,45,800,4,,0,125,,46,800,4,,0,123,,47,800,4,,0,157,,48,800,4,,0,120,,49,800,4,,0,122,,50,800,4,,0,175,,51,800,4,,0,115,,52,800,4,,0,115,,53,800,4,,0
100,'Semaine-01',552,,55,800,4,,0,106,,56,800,4,,0,69,,57,800,4,,0,84,,58,800,4,,0,115,,59,800,4,,0,103,,62,800,4,,0,92,,71,800,4,,0,103,,63,800,4,,0,105,,72,800,4,,0,78,,64,800,4,,0,101,,65,800,4,,0,100,,69,800,4,,0,110,,66,800,4,,0,34,,67,800,4,,0,102,,60,800,4,,0,92,,61,800,4,,0,171,,70,800,4,,0,142,,68,800,4,,0
100,'Semaine-02',555,,2638,800,4,,0,104,,2639,800,4,,0,73,,2640,800,4,,0,84,,2641,800,4,,0,125,,2642,800,4,,0,97,,2645,800,4,,0,68,,2654,800,4,,0,102,,2646,800,4,,0,111,,2655,800,4,,0,95,,2647,800,4,,0,99,,2648,800,4,,0,100,,2652,800,4,,0,110,,2649,800,4,,0,87,,2650,800,4,,0,109,,2643,800,4,,0,86,,2644,800,4,,0,102,,2653,800,4,,0,194,,2651,800,4,,0
100,'Semaine-03',552,,2656,800,4,,0,106,,2657,800,4,,0,69,,2658,800,4,,0,84,,2659,800,4,,0,115,,2660,800,4,,0,103,,2663,800,4,,0,92,,2672,800,4,,0,103,,2664,800,4,,0,105,,2673,800,4,,0,78,,2665,800,4,,0,101,,2666,800,4,,0,100,,2670,800,4,,0,110,,2667,800,4,,0,34,,2668,800,4,,0,102,,2661,800,4,,0,92,,2662,800,4,,0,171,,2671,800,4,,0,142,,2669,800,4,,0
101,'Dimanche-01',710,,73,10,,,0,205,,74,10,,,0,130,,75,10,,,0,170,,76,10,,,0,125,,77,10,,,0,160,,78,10,,,0,120,,79,10,,,0,120,,80,10,,,0,160,,81,10,,,0,135,,82,10,,,0,115,,83,10,,,0,155,,84,10,,,0
101,'Fête-1-01',710,,2674,10,,,0,205,,2675,10,,,0,130,,2676,10,,,0,170,,2677,10,,,0,125,,2678,10,,,0,160,,2679,10,,,0,120,,2680,10,,,0,120,,2681,10,,,0,160,,2682,10,,,0,135,,2683,10,,,0,115,,2684,10,,,0,155,,2685,10,,,0
101,'Samedi-01',710,,115,10,,,0,205,,116,10,,,0,130,,117,10,,,0,170,,118,10,,,0,125,,119,10,,,0,160,,120,10,,,0,120,,121,10,,,0,120,,122,10,,,0,160,,123,10,,,0,135,,124,10,,,0,115,,125,10,,,0,155,,126,10,,,0
101,'Semaine-01',605,,127,10,,,0,100,,136,10,,,0,30,,138,10,,,0,90,,139,10,,,0,110,,140,10,,,0,105,,141,10,,,0,95,,143,10,,,0,100,,142,10,,,0,105,,144,10,,,0,80,,128,10,,,0,100,,129,10,,,0,100,,130,10,,,0,110,,131,10,,,0,75,,132,10,,,0,105,,133,10,,,0,45,,134,10,,,0,175,,135,10,,,0,175,,137,10,,,0
101,'Semaine-02',600,,2686,10,,,0,100,,2695,10,,,0,30,,2697,10,,,0,100,,2698,10,,,0,105,,2699,10,,,0,95,,2700,10,,,0,100,,2702,10,,,0,95,,2701,10,,,0,110,,2703,10,,,0,85,,2687,10,,,0,105,,2688,10,,,0,95,,2689,10,,,0,110,,2690,10,,,0,70,,2691,10,,,0,30,,2692,10,,,0,110,,2693,10,,,0,185,,2694,10,,,0,190,,2696,10,,,0
101,'Semaine-03',605,,2704,10,,,0,100,,2713,10,,,0,30,,2715,10,,,0,90,,2716,10,,,0,110,,2717,10,,,0,105,,2718,10,,,0,95,,2720,10,,,0,100,,2719,10,,,0,105,,2721,10,,,0,80,,2705,10,,,0,100,,2706,10,,,0,100,,2707,10,,,0,110,,2708,10,,,0,75,,2709,10,,,0,105,,2710,10,,,0,45,,2711,10,,,0,175,,2712,10,,,0,175,,2714,10,,,0
