2000002300,'Dimanche-01',550,,1719,70,,,0,79,,1721,70,,,0,74,,1722,70,,,0,101,,1723,70,,,0,41,,1724,70,,,0,75,,1725,70,,,0,107,,1726,70,,,0,97,,1727,70,,,0,95,,1728,70,,,0,82,,1729,70,,,0,37,,1730,70,,,0,83,,1731,70,,,0,79,,1732,70,,,0,42,,1733,70,,,0,78,,1734,70,,,0,80,,1735,70,,,0,39,,1736,70,,,0,82,,1737,70,,,0,36,,1738,70,,,0,146,,1739,70,,,0,109,,1740,70,,,0,112,,1741,70,,,0,104,,1742,70,,,0,111,,1743,70,,,0,102,,1720,70,,,0
2000002300,'Fête-1-01',552,,3847,70,,,0,83,,3849,70,,,0,81,,3850,70,,,0,35,,3851,70,,,0,87,,3852,70,,,0,84,,3853,70,,,0,81,,3854,70,,,0,53,,3855,70,,,0,90,,3856,70,,,0,85,,3857,70,,,0,79,,3858,70,,,0,41,,3859,70,,,0,83,,3860,70,,,0,85,,3861,70,,,0,39,,3862,70,,,0,85,,3863,70,,,0,83,,3864,70,,,0,80,,3865,70,,,0,40,,3866,70,,,0,85,,3867,70,,,0,87,,3868,70,,,0,104,,3869,70,,,0,80,,3870,70,,,0,32,,3871,70,,,0,104,,3872,70,,,0,111,,3873,70,,,0,96,,3848,70,,,0
2000002300,'Samedi-01',552,,1799,70,,,0,83,,1801,70,,,0,81,,1802,70,,,0,35,,1803,70,,,0,87,,1804,70,,,0,84,,1805,70,,,0,81,,1806,70,,,0,53,,1807,70,,,0,90,,1808,70,,,0,85,,1809,70,,,0,79,,1810,70,,,0,41,,1811,70,,,0,83,,1812,70,,,0,85,,1813,70,,,0,39,,1814,70,,,0,85,,1815,70,,,0,83,,1816,70,,,0,80,,1817,70,,,0,40,,1818,70,,,0,85,,1819,70,,,0,87,,1820,70,,,0,104,,1821,70,,,0,80,,1822,70,,,0,32,,1823,70,,,0,104,,1824,70,,,0,111,,1825,70,,,0,96,,1800,70,,,0
2000002300,'Semaine-01',559,,1826,70,,,0,80,,1827,70,,,0,80,,1851,70,,,0,81,,1852,70,,,0,39,,1828,70,,,0,80,,1850,70,,,0,40,,1848,70,,,0,81,,1847,70,,,0,82,,1849,70,,,0,83,,1846,70,,,0,43,,1843,70,,,0,83,,1845,70,,,0,82,,1844,70,,,0,42,,1842,70,,,0,85,,1841,70,,,0,85,,1840,70,,,0,86,,1839,70,,,0,45,,1838,70,,,0,85,,1837,70,,,0,82,,1836,70,,,0,82,,1835,70,,,0,39,,1834,70,,,0,80,,1833,70,,,0,80,,1832,70,,,0,40,,1831,70,,,0,80,,1830,70,,,0,80,,1829,70,,,0,121,,1853,70,,,0
2000002300,'Semaine-02',559,,3874,70,,,0,80,,3875,70,,,0,80,,3899,70,,,0,81,,3900,70,,,0,39,,3876,70,,,0,80,,3898,70,,,0,40,,3896,70,,,0,81,,3895,70,,,0,82,,3897,70,,,0,83,,3894,70,,,0,43,,3891,70,,,0,83,,3893,70,,,0,82,,3892,70,,,0,42,,3890,70,,,0,85,,3889,70,,,0,85,,3888,70,,,0,86,,3887,70,,,0,45,,3886,70,,,0,85,,3885,70,,,0,82,,3884,70,,,0,82,,3883,70,,,0,39,,3882,70,,,0,80,,3881,70,,,0,80,,3880,70,,,0,40,,3879,70,,,0,80,,3878,70,,,0,80,,3877,70,,,0,121,,3901,70,,,0
2000002300,'Semaine-03',559,,3902,70,,,0,80,,3903,70,,,0,80,,3927,70,,,0,81,,3928,70,,,0,39,,3904,70,,,0,80,,3926,70,,,0,40,,3924,70,,,0,81,,3923,70,,,0,82,,3925,70,,,0,83,,3922,70,,,0,43,,3919,70,,,0,83,,3921,70,,,0,82,,3920,70,,,0,42,,3918,70,,,0,85,,3917,70,,,0,85,,3916,70,,,0,86,,3915,70,,,0,45,,3914,70,,,0,85,,3913,70,,,0,82,,3912,70,,,0,82,,3911,70,,,0,39,,3910,70,,,0,80,,3909,70,,,0,80,,3908,70,,,0,40,,3907,70,,,0,80,,3906,70,,,0,80,,3905,70,,,0,121,,3929,70,,,0
2000002301,'Dimanche-01',613,,1854,70,,,0,34,,1864,70,,,0,80,,1859,70,,,0,101,,1869,70,,,0,76,,1865,70,,,0,40,,1858,70,,,0,107,,1860,70,,,0,97,,1861,70,,,0,95,,1868,70,,,0,75,,1862,70,,,0,84,,1857,70,,,0,38,,1870,70,,,0,84,,1863,70,,,0,77,,1867,70,,,0,43,,1866,70,,,0,79,,1856,70,,,0,80,,1871,70,,,0,37,,1872,70,,,0,81,,1877,70,,,0,106,,1874,70,,,0,109,,1873,70,,,0,112,,1878,70,,,0,104,,1876,70,,,0,151,,1875,70,,,0,102,,1855,70,,,0
2000002301,'Fête-1-01',616,,3930,70,,,0,43,,3940,70,,,0,76,,3935,70,,,0,75,,3946,70,,,0,92,,3941,70,,,0,40,,3934,70,,,0,85,,3943,70,,,0,88,,3936,70,,,0,95,,3937,70,,,0,40,,3945,70,,,0,84,,3938,70,,,0,76,,3933,70,,,0,48,,3947,70,,,0,80,,3939,70,,,0,84,,3944,70,,,0,80,,3942,70,,,0,48,,3932,70,,,0,75,,3948,70,,,0,85,,3949,70,,,0,40,,3954,70,,,0,92,,3951,70,,,0,104,,3950,70,,,0,72,,3955,70,,,0,40,,3956,70,,,0,144,,3953,70,,,0,111,,3952,70,,,0,96,,3931,70,,,0
2000002301,'Samedi-01',616,,1935,70,,,0,43,,1945,70,,,0,76,,1940,70,,,0,75,,1951,70,,,0,92,,1946,70,,,0,40,,1939,70,,,0,85,,1948,70,,,0,88,,1941,70,,,0,95,,1942,70,,,0,40,,1950,70,,,0,84,,1943,70,,,0,76,,1938,70,,,0,48,,1952,70,,,0,80,,1944,70,,,0,84,,1949,70,,,0,80,,1947,70,,,0,48,,1937,70,,,0,75,,1953,70,,,0,85,,1954,70,,,0,40,,1959,70,,,0,92,,1956,70,,,0,104,,1955,70,,,0,72,,1960,70,,,0,40,,1961,70,,,0,144,,1958,70,,,0,111,,1957,70,,,0,96,,1936,70,,,0
2000002301,'Semaine-01',623,,1990,70,,,0,80,,1987,70,,,0,40,,1988,70,,,0,80,,1989,70,,,0,80,,1985,70,,,0,40,,1986,70,,,0,80,,1983,70,,,0,81,,1982,70,,,0,42,,1984,70,,,0,83,,1980,70,,,0,83,,1977,70,,,0,43,,1981,70,,,0,82,,1979,70,,,0,82,,1978,70,,,0,85,,1976,70,,,0,45,,1975,70,,,0,86,,1974,70,,,0,85,,1973,70,,,0,85,,1972,70,,,0,42,,1971,70,,,0,82,,1970,70,,,0,79,,1969,70,,,0,40,,1968,70,,,0,80,,1967,70,,,0,80,,1966,70,,,0,40,,1965,70,,,0,80,,1964,70,,,0,74,,1963,70,,,0,98,,1962,70,,,0
2000002301,'Semaine-02',623,,3985,70,,,0,80,,3982,70,,,0,40,,3983,70,,,0,80,,3984,70,,,0,80,,3980,70,,,0,40,,3981,70,,,0,80,,3978,70,,,0,81,,3977,70,,,0,42,,3979,70,,,0,83,,3975,70,,,0,83,,3972,70,,,0,43,,3976,70,,,0,82,,3974,70,,,0,82,,3973,70,,,0,85,,3971,70,,,0,45,,3970,70,,,0,86,,3969,70,,,0,85,,3968,70,,,0,85,,3967,70,,,0,42,,3966,70,,,0,82,,3965,70,,,0,79,,3964,70,,,0,40,,3963,70,,,0,80,,3962,70,,,0,80,,3961,70,,,0,40,,3960,70,,,0,80,,3959,70,,,0,74,,3958,70,,,0,98,,3957,70,,,0
2000002301,'Semaine-03',623,,4014,70,,,0,80,,4011,70,,,0,40,,4012,70,,,0,80,,4013,70,,,0,80,,4009,70,,,0,40,,4010,70,,,0,80,,4007,70,,,0,81,,4006,70,,,0,42,,4008,70,,,0,83,,4004,70,,,0,83,,4001,70,,,0,43,,4005,70,,,0,82,,4003,70,,,0,82,,4002,70,,,0,85,,4000,70,,,0,45,,3999,70,,,0,86,,3998,70,,,0,85,,3997,70,,,0,85,,3996,70,,,0,42,,3995,70,,,0,82,,3994,70,,,0,79,,3993,70,,,0,40,,3992,70,,,0,80,,3991,70,,,0,80,,3990,70,,,0,40,,3989,70,,,0,80,,3988,70,,,0,74,,3987,70,,,0,98,,3986,70,,,0
