100,'Dimanche-01',652,,12,710,4,,0,200,,1,710,4,,0,169,,2,710,4,,0,131,,3,710,4,,0,165,,4,710,4,,0,123,,5,710,4,,0,118,,6,710,4,,0,160,,7,710,4,,0,122,,8,710,4,,0,175,,9,710,4,,0,115,,10,710,4,,0,115,,11,710,4,,0
100,'Fête-1-01',652,,2637,710,4,,0,200,,2626,710,4,,0,169,,2627,710,4,,0,131,,2628,710,4,,0,165,,2629,710,4,,0,123,,2630,710,4,,0,118,,2631,710,4,,0,160,,2632,710,4,,0,122,,2633,710,4,,0,175,,2634,710,4,,0,115,,2635,710,4,,0,115,,2636,710,4,,0
100,'Samedi-01',652,,54,710,4,,0,200,,43,710,4,,0,169,,44,710,4,,0,131,,45,710,4,,0,165,,46,710,4,,0,123,,47,710,4,,0,118,,48,710,4,,0,160,,49,710,4,,0,122,,50,710,4,,0,175,,51,710,4,,0,115,,52,710,4,,0,115,,53,710,4,,0
100,'Semaine-01',541,,55,710,4,,0,105,,56,710,4,,0,68,,57,710,4,,0,43,,58,710,4,,0,156,,59,710,4,,0,103,,62,710,4,,0,92,,71,710,4,,0,103,,63,710,4,,0,104,,72,710,4,,0,38,,64,710,4,,0,101,,65,710,4,,0,100,,69,710,4,,0,150,,66,710,4,,0,34,,67,710,4,,0,103,,60,710,4,,0,92,,61,710,4,,0,171,,70,710,4,,0,143,,68,710,4,,0
100,'Semaine-02',540,,2638,710,4,,0,103,,2639,710,4,,0,71,,2640,710,4,,0,43,,2641,710,4,,0,166,,2642,710,4,,0,97,,2645,710,4,,0,28,,2654,710,4,,0,102,,2646,710,4,,0,150,,2655,710,4,,0,55,,2647,710,4,,0,99,,2648,710,4,,0,100,,2652,710,4,,0,150,,2649,710,4,,0,48,,2650,710,4,,0,150,,2643,710,4,,0,46,,2644,710,4,,0,102,,2653,710,4,,0,195,,2651,710,4,,0
100,'Semaine-03',541,,2656,710,4,,0,105,,2657,710,4,,0,68,,2658,710,4,,0,43,,2659,710,4,,0,156,,2660,710,4,,0,103,,2663,710,4,,0,92,,2672,710,4,,0,103,,2664,710,4,,0,104,,2673,710,4,,0,38,,2665,710,4,,0,101,,2666,710,4,,0,100,,2670,710,4,,0,150,,2667,710,4,,0,34,,2668,710,4,,0,103,,2661,710,4,,0,92,,2662,710,4,,0,171,,2671,710,4,,0,143,,2669,710,4,,0
2100,'Semaine-01',558,,240,350,4,,0,70,,241,350,4,,0,73,,242,350,4,,0,37,,243,350,4,,0,70,,244,350,4,,0,36,,245,350,4,,0
2100,'Semaine-02',554,,2782,350,4,,0,70,,2783,350,4,,0,33,,2784,350,4,,0,76,,2785,350,4,,0,70,,2786,350,4,,0,36,,2787,350,4,,0
2100,'Semaine-03',558,,2788,350,4,,0,70,,2789,350,4,,0,73,,2790,350,4,,0,37,,2791,350,4,,0,70,,2792,350,4,,0,36,,2793,350,4,,0
2300,'Semaine-01',559,,295,390,4,,0,66,,296,390,4,,0,17,,297,390,4,,0,75,,298,390,4,,0,26,,299,390,4,,0,61,,300,390,4,,0,21,,301,390,4,,0,20,,302,390,4,,0
2300,'Semaine-02',600,,2836,390,4,,0,26,,2837,390,4,,0,17,,2838,390,4,,0,75,,2839,390,4,,0,25,,2840,390,4,,0,57,,2841,390,4,,0,25,,2842,390,4,,0,20,,2843,390,4,,0
2300,'Semaine-03',559,,2844,390,4,,0,66,,2845,390,4,,0,17,,2846,390,4,,0,75,,2847,390,4,,0,26,,2848,390,4,,0,61,,2849,390,4,,0,21,,2850,390,4,,0,20,,2851,390,4,,0
2500,'Semaine-01',617,,346,370,4,,0,34,,343,390,4,,0,61,,347,370,4,,0,29,,344,390,4,,0,66,,348,370,4,,0,29,,345,390,4,,0
2500,'Semaine-02',618,,2890,370,4,,0,34,,2887,390,4,,0,60,,2891,370,4,,0,32,,2888,390,4,,0,63,,2892,370,4,,0,29,,2889,390,4,,0
2500,'Semaine-03',617,,2896,370,4,,0,34,,2893,390,4,,0,61,,2897,370,4,,0,29,,2894,390,4,,0,66,,2898,370,4,,0,29,,2895,390,4,,0
2600,'Semaine-01',513,,363,340,4,,0,17,,364,350,4,,0
2600,'Semaine-02',513,,2911,340,4,,0,18,,2912,350,4,,0
2600,'Semaine-03',513,,2913,340,4,,0,17,,2914,350,4,,0
3100,'Dimanche-01',734,,492,430,4,,0,218,,493,430,4,,0,278,,491,430,4,,0,123,,484,430,4,,0,160,,485,430,4,,0,118,,486,430,4,,0,118,,487,430,4,,0,159,,488,430,4,,0,127,,489,430,4,,0,221,,483,430,4,,0,254,,490,430,4,,0
3100,'Fête-1-01',623,,3034,430,4,,0,83,,3045,430,4,,0,204,,3046,430,4,,0,125,,3043,430,4,,0,124,,3033,430,4,,0,164,,3044,430,4,,0,124,,3035,430,4,,0,164,,3036,430,4,,0,124,,3037,430,4,,0,124,,3038,430,4,,0,164,,3039,430,4,,0,27,,3040,430,4,,0,256,,3041,430,4,,0,214,,3042,430,4,,0
3100,'Samedi-01',623,,537,430,4,,0,83,,548,430,4,,0,204,,549,430,4,,0,125,,546,430,4,,0,124,,536,430,4,,0,164,,547,430,4,,0,124,,538,430,4,,0,164,,539,430,4,,0,124,,540,430,4,,0,124,,541,430,4,,0,164,,542,430,4,,0,27,,543,430,4,,0,256,,544,430,4,,0,214,,545,430,4,,0
3100,'Semaine-01',636,,574,430,4,,0,80,,550,430,4,,0,42,,560,430,4,,0,80,,575,430,4,,0,80,,569,430,4,,0,40,,570,430,4,,0,77,,571,430,4,,0,79,,577,430,4,,0,44,,572,430,4,,0,83,,573,430,4,,0,83,,551,430,4,,0,83,,552,430,4,,0,42,,553,430,4,,0,84,,554,430,4,,0,84,,555,430,4,,0,85,,556,430,4,,0,46,,557,430,4,,0,83,,558,430,4,,0,84,,559,430,4,,0,42,,561,430,4,,0,82,,562,430,4,,0,79,,563,430,4,,0,40,,564,430,4,,0,78,,565,430,4,,0,80,,566,430,4,,0,40,,567,430,4,,0,80,,568,430,4,,0
3100,'Semaine-02',631,,3071,430,4,,0,81,,3047,430,4,,0,43,,3057,430,4,,0,83,,3072,430,4,,0,82,,3066,430,4,,0,82,,3067,430,4,,0,39,,3068,430,4,,0,80,,3074,430,4,,0,86,,3069,430,4,,0,43,,3070,430,4,,0,83,,3048,430,4,,0,83,,3049,430,4,,0,43,,3050,430,4,,0,85,,3051,430,4,,0,85,,3052,430,4,,0,89,,3053,430,4,,0,86,,3054,430,4,,0,44,,3055,430,4,,0,81,,3056,430,4,,0,79,,3058,430,4,,0,41,,3059,430,4,,0,80,,3060,430,4,,0,81,,3061,430,4,,0,40,,3062,430,4,,0,80,,3063,430,4,,0,80,,3064,430,4,,0,40,,3065,430,4,,0
3100,'Semaine-03',636,,3099,430,4,,0,80,,3075,430,4,,0,42,,3085,430,4,,0,80,,3100,430,4,,0,80,,3094,430,4,,0,40,,3095,430,4,,0,77,,3096,430,4,,0,79,,3102,430,4,,0,44,,3097,430,4,,0,83,,3098,430,4,,0,83,,3076,430,4,,0,83,,3077,430,4,,0,42,,3078,430,4,,0,84,,3079,430,4,,0,84,,3080,430,4,,0,85,,3081,430,4,,0,46,,3082,430,4,,0,83,,3083,430,4,,0,84,,3084,430,4,,0,42,,3086,430,4,,0,82,,3087,430,4,,0,79,,3088,430,4,,0,40,,3089,430,4,,0,78,,3090,430,4,,0,80,,3091,430,4,,0,40,,3092,430,4,,0,80,,3093,430,4,,0
3200,'Dimanche-01',628,,578,440,4,,0,214,,583,440,4,,0,263,,586,440,4,,0,152,,587,440,4,,0,159,,579,440,4,,0,122,,589,440,4,,0,120,,580,440,4,,0,159,,582,440,4,,0,118,,581,440,4,,0,214,,584,440,4,,0,256,,585,440,4,,0
3200,'Fête-1-01',559,,3103,320,4,,0,181,,3109,440,4,,0,77,,3104,440,4,,0,120,,3112,440,4,,0,163,,3113,440,4,,0,124,,3114,440,4,,0,124,,3105,440,4,,0,164,,3116,440,4,,0,124,,3106,440,4,,0,168,,3107,440,4,,0,120,,3108,440,4,,0,235,,3110,440,4,,0,256,,3111,440,4,,0
3200,'Samedi-01',559,,635,320,4,,0,181,,641,440,4,,0,77,,636,440,4,,0,120,,644,440,4,,0,163,,645,440,4,,0,124,,646,440,4,,0,124,,637,440,4,,0,164,,648,440,4,,0,124,,638,440,4,,0,168,,639,440,4,,0,120,,640,440,4,,0,235,,642,440,4,,0,256,,643,440,4,,0
3200,'Semaine-01',700,,674,440,4,,0,41,,649,440,4,,0,80,,677,440,4,,0,80,,660,440,4,,0,40,,668,440,4,,0,77,,669,440,4,,0,41,,670,440,4,,0,81,,671,440,4,,0,83,,672,440,4,,0,83,,673,440,4,,0,43,,650,440,4,,0,82,,651,440,4,,0,83,,652,440,4,,0,86,,676,440,4,,0,18,,653,90,4,,0,27,,654,440,4,,0,59,,678,90,4,,0,24,,655,440,4,,0,20,,679,90,4,,0,65,,656,440,4,,0,44,,657,440,4,,0,82,,658,440,4,,0,83,,659,440,4,,0,80,,661,440,4,,0,40,,662,440,4,,0,80,,663,440,4,,0,80,,664,440,4,,0,40,,665,440,4,,0,80,,666,440,4,,0,80,,667,440,4,,0
3200,'Semaine-02',701,,3142,440,4,,0,42,,3117,440,4,,0,82,,3145,440,4,,0,82,,3128,440,4,,0,39,,3136,440,4,,0,82,,3137,440,4,,0,82,,3138,440,4,,0,43,,3139,440,4,,0,83,,3140,440,4,,0,83,,3141,440,4,,0,83,,3118,440,4,,0,43,,3119,440,4,,0,85,,3120,440,4,,0,87,,3144,440,4,,0,23,,3121,90,4,,0,64,,3122,440,4,,0,23,,3146,90,4,,0,22,,3123,440,4,,0,63,,3147,90,4,,0,22,,3124,440,4,,0,81,,3125,440,4,,0,41,,3126,440,4,,0,81,,3127,440,4,,0,81,,3129,440,4,,0,41,,3130,440,4,,0,81,,3131,440,4,,0,80,,3132,440,4,,0,80,,3133,440,4,,0,40,,3134,440,4,,0,80,,3135,440,4,,0
3200,'Semaine-03',700,,3173,440,4,,0,41,,3148,440,4,,0,80,,3176,440,4,,0,80,,3159,440,4,,0,40,,3167,440,4,,0,77,,3168,440,4,,0,41,,3169,440,4,,0,81,,3170,440,4,,0,83,,3171,440,4,,0,83,,3172,440,4,,0,43,,3149,440,4,,0,82,,3150,440,4,,0,83,,3151,440,4,,0,86,,3175,440,4,,0,18,,3152,90,4,,0,27,,3153,440,4,,0,59,,3177,90,4,,0,24,,3154,440,4,,0,20,,3178,90,4,,0,65,,3155,440,4,,0,44,,3156,440,4,,0,82,,3157,440,4,,0,83,,3158,440,4,,0,80,,3160,440,4,,0,40,,3161,440,4,,0,80,,3162,440,4,,0,80,,3163,440,4,,0,40,,3164,440,4,,0,80,,3165,440,4,,0,80,,3166,440,4,,0
9800,'Semaine-01',702,,855,230,4,,0,102,,843,330,4,,0,104,,847,330,4,,0,105,,848,330,4,,0,506,,849,330,4,,0,105,,850,330,4,,0,105,,851,330,4,,0,105,,852,330,4,,0,102,,853,330,4,,0,97,,854,330,4,,0,95,,844,330,4,,0,90,,845,330,4,,0
9800,'Semaine-02',657,,3278,230,4,,0,144,,3266,330,4,,0,107,,3270,330,4,,0,107,,3271,330,4,,0,498,,3272,330,4,,0,108,,3273,330,4,,0,108,,3274,330,4,,0,110,,3275,330,4,,0,105,,3276,330,4,,0,97,,3277,330,4,,0,97,,3267,330,4,,0,95,,3268,330,4,,0
9800,'Semaine-03',702,,3291,230,4,,0,102,,3279,330,4,,0,104,,3283,330,4,,0,105,,3284,330,4,,0,506,,3285,330,4,,0,105,,3286,330,4,,0,105,,3287,330,4,,0,105,,3288,330,4,,0,102,,3289,330,4,,0,97,,3290,330,4,,0,95,,3280,330,4,,0,90,,3281,330,4,,0
11100,'Dimanche-01',839,,857,460,4,,0,187,,856,460,4,,0,291,,858,460,4,,0,289,,859,460,4,,0,305,,860,460,4,,0
11100,'Fête-1-01',839,,3293,460,4,,0,187,,3292,460,4,,0,291,,3294,460,4,,0,289,,3295,460,4,,0,305,,3296,460,4,,0
11100,'Samedi-01',839,,887,460,4,,0,187,,886,460,4,,0,291,,888,460,4,,0,289,,889,460,4,,0,305,,890,460,4,,0
11100,'Semaine-01',605,,896,460,4,,0,96,,897,460,4,,0,110,,898,460,4,,0,95,,899,460,4,,0,114,,912,460,4,,0,36,,894,460,4,,0,265,,895,460,4,,0,380,,906,460,4,,0,99,,908,460,4,,0,354,,910,390,4,,0
11100,'Semaine-02',553,,3304,460,4,,0,70,,3302,460,4,,0,36,,3305,460,4,,0,70,,3303,460,4,,0,30,,3309,460,4,,0,70,,3310,460,4,,0,27,,3301,460,4,,0,146,,3311,460,4,,0,54,,3315,460,4,,0,273,,3300,460,4,,0,403,,3306,460,4,,0,23,,3308,460,4,,0,71,,3307,460,4,,0,328,,3314,390,4,,0
11100,'Semaine-03',605,,3318,460,4,,0,96,,3319,460,4,,0,110,,3320,460,4,,0,95,,3321,460,4,,0,114,,3334,460,4,,0,36,,3316,460,4,,0,265,,3317,460,4,,0,380,,3328,460,4,,0,99,,3330,460,4,,0,354,,3332,390,4,,0
