2000,'Dimanche-01',721,,146,600,,,0,124,,147,600,,,0,166,,148,600,,,0,125,,149,600,,,0,165,,150,600,,,0,124,,151,600,,,0,125,,152,600,,,0,165,,153,600,,,0
2000,'Fête-1-01',721,,2722,600,,,0,124,,2723,600,,,0,166,,2724,600,,,0,125,,2725,600,,,0,165,,2726,600,,,0,124,,2727,600,,,0,125,,2728,600,,,0,165,,2729,600,,,0
2000,'Samedi-01',721,,171,600,,,0,124,,172,600,,,0,166,,173,600,,,0,125,,174,600,,,0,165,,175,600,,,0,124,,176,600,,,0,125,,177,600,,,0,165,,178,600,,,0
2000,'Semaine-01',705,,179,590,,,0,125,,180,590,,,0,125,,181,590,,,0,166,,182,590,,,0,126,,183,590,,,0,165,,184,590,,,0,126,,185,590,,,0,166,,186,590,,,0,126,,187,590,,,0
2000,'Semaine-01-0001100',1955,,189,590,,,0,164,,188,590,,,0
2000,'Semaine-02',705,,2730,590,,,0,125,,2731,590,,,0,125,,2732,590,,,0,166,,2733,590,,,0,126,,2734,590,,,0,165,,2735,590,,,0,126,,2736,590,,,0,166,,2737,590,,,0,126,,2738,590,,,0
2000,'Semaine-02-0001100',1955,,2740,590,,,0,164,,2739,590,,,0
2000,'Semaine-03',705,,2741,590,,,0,125,,2742,590,,,0,125,,2743,590,,,0,166,,2744,590,,,0,126,,2745,590,,,0,165,,2746,590,,,0,126,,2747,590,,,0,166,,2748,590,,,0,126,,2749,590,,,0
2000,'Semaine-03-0001100',1955,,2751,590,,,0,164,,2750,590,,,0
2000001901,'Dimanche-01',740,,1246,30,0,19,0,170,,1247,30,0,19,0,131,,1248,30,0,19,0,171,,1249,30,0,19,0,130,,1250,30,0,19,0,170,,1251,30,0,19,0,130,,1252,30,0,19,0,170,,1253,30,0,19,0,129,,1254,30,0,19,0,170,,1255,30,0,19,0,130,,1256,30,0,19,0,170,,1257,30,0,19,0
2000001901,'Fête-1-01',740,,3562,30,0,19,0,170,,3563,30,0,19,0,131,,3564,30,0,19,0,171,,3565,30,0,19,0,130,,3566,30,0,19,0,170,,3567,30,0,19,0,130,,3568,30,0,19,0,170,,3569,30,0,19,0,129,,3570,30,0,19,0,170,,3571,30,0,19,0,130,,3572,30,0,19,0,170,,3573,30,0,19,0
2000001901,'Samedi-01',740,,1288,30,0,19,0,170,,1289,30,0,19,0,131,,1290,30,0,19,0,171,,1291,30,0,19,0,130,,1292,30,0,19,0,170,,1293,30,0,19,0,130,,1294,30,0,19,0,170,,1295,30,0,19,0,129,,1296,30,0,19,0,170,,1297,30,0,19,0,130,,1298,30,0,19,0,170,,1299,30,0,19,0
2000001901,'Semaine-01',656,,1300,30,0,19,0,100,,1301,30,0,19,0,70,,1302,30,0,19,0,101,,1303,30,0,19,0,100,,1304,30,0,19,0,95,,1305,30,0,19,0,100,,1306,30,0,19,0,100,,1307,30,0,19,0,100,,1308,30,0,19,0,100,,1309,30,0,19,0,103,,1310,30,0,19,0,101,,1311,30,0,19,0,100,,1312,30,0,19,0,30,,1313,30,0,19,0,96,,1314,30,0,19,0,99,,1315,30,0,19,0,160,,1316,30,0,19,0,139,,1317,30,0,19,0
2000001901,'Semaine-02',656,,3574,30,0,19,0,100,,3575,30,0,19,0,70,,3576,30,0,19,0,101,,3577,30,0,19,0,100,,3578,30,0,19,0,95,,3579,30,0,19,0,100,,3580,30,0,19,0,100,,3581,30,0,19,0,100,,3582,30,0,19,0,100,,3583,30,0,19,0,103,,3584,30,0,19,0,101,,3585,30,0,19,0,100,,3586,30,0,19,0,30,,3587,30,0,19,0,96,,3588,30,0,19,0,99,,3589,30,0,19,0,160,,3590,30,0,19,0,139,,3591,30,0,19,0
2000001901,'Semaine-03',656,,3592,30,0,19,0,100,,3593,30,0,19,0,70,,3594,30,0,19,0,101,,3595,30,0,19,0,100,,3596,30,0,19,0,95,,3597,30,0,19,0,100,,3598,30,0,19,0,100,,3599,30,0,19,0,100,,3600,30,0,19,0,100,,3601,30,0,19,0,103,,3602,30,0,19,0,101,,3603,30,0,19,0,100,,3604,30,0,19,0,30,,3605,30,0,19,0,96,,3606,30,0,19,0,99,,3607,30,0,19,0,160,,3608,30,0,19,0,139,,3609,30,0,19,0
