100,'Dimanche-01',558,,12,60,,,0,200,,1,60,,,0,165,,2,60,,,0,130,,3,60,,,0,165,,4,60,,,0,124,,5,60,,,0,160,,6,60,,,0,120,,7,60,,,0,124,,8,60,,,0,175,,9,60,,,0,115,,10,60,,,0,115,,11,60,,,0
100,'Fête-1-01',558,,2637,60,,,0,200,,2626,60,,,0,165,,2627,60,,,0,130,,2628,60,,,0,165,,2629,60,,,0,124,,2630,60,,,0,160,,2631,60,,,0,120,,2632,60,,,0,124,,2633,60,,,0,175,,2634,60,,,0,115,,2635,60,,,0,115,,2636,60,,,0
100,'Samedi-01',558,,54,60,,,0,200,,43,60,,,0,165,,44,60,,,0,130,,45,60,,,0,165,,46,60,,,0,124,,47,60,,,0,160,,48,60,,,0,120,,49,60,,,0,124,,50,60,,,0,175,,51,60,,,0,115,,52,60,,,0,115,,53,60,,,0
100,'Semaine-01',440,,55,60,,,0,103,,56,60,,,0,65,,57,60,,,0,41,,58,60,,,0,160,,59,60,,,0,106,,62,60,,,0,94,,71,60,,,0,101,,63,60,,,0,99,,72,60,,,0,38,,64,60,,,0,102,,65,60,,,0,100,,69,60,,,0,110,,66,60,,,0,75,,67,60,,,0,109,,60,60,,,0,95,,61,60,,,0,174,,70,60,,,0,145,,68,60,,,0
100,'Semaine-02',438,,2638,60,,,0,100,,2639,60,,,0,70,,2640,60,,,0,41,,2641,60,,,0,170,,2642,60,,,0,100,,2645,60,,,0,30,,2654,60,,,0,100,,2646,60,,,0,105,,2655,60,,,0,95,,2647,60,,,0,100,,2648,60,,,0,100,,2652,60,,,0,110,,2649,60,,,0,90,,2650,60,,,0,154,,2643,60,,,0,50,,2644,60,,,0,104,,2653,60,,,0,197,,2651,60,,,0
100,'Semaine-03',440,,2656,60,,,0,103,,2657,60,,,0,65,,2658,60,,,0,41,,2659,60,,,0,160,,2660,60,,,0,106,,2663,60,,,0,94,,2672,60,,,0,101,,2664,60,,,0,99,,2673,60,,,0,38,,2665,60,,,0,102,,2666,60,,,0,100,,2670,60,,,0,110,,2667,60,,,0,75,,2668,60,,,0,109,,2661,60,,,0,95,,2662,60,,,0,174,,2671,60,,,0,145,,2669,60,,,0
2000,'Dimanche-01',648,,146,20,,,0,164,,147,20,,,0,125,,148,20,,,0,165,,149,20,,,0,125,,150,20,,,0,125,,151,20,,,0,165,,152,20,,,0,125,,153,20,,,0
2000,'Fête-1-01',648,,2722,20,,,0,164,,2723,20,,,0,125,,2724,20,,,0,165,,2725,20,,,0,125,,2726,20,,,0,125,,2727,20,,,0,165,,2728,20,,,0,125,,2729,20,,,0
2000,'Samedi-01',648,,171,20,,,0,164,,172,20,,,0,125,,173,20,,,0,165,,174,20,,,0,125,,175,20,,,0,125,,176,20,,,0,165,,177,20,,,0,125,,178,20,,,0
2000,'Semaine-01',630,,179,20,,,0,125,,180,20,,,0,165,,181,20,,,0,126,,182,20,,,0,166,,183,20,,,0,125,,184,20,,,0,166,,185,20,,,0,126,,186,20,,,0,126,,187,20,,,0
2000,'Semaine-01-0001100',1921,,189,20,,,0,124,,188,20,,,0
2000,'Semaine-02',630,,2730,20,,,0,125,,2731,20,,,0,165,,2732,20,,,0,126,,2733,20,,,0,166,,2734,20,,,0,125,,2735,20,,,0,166,,2736,20,,,0,126,,2737,20,,,0,126,,2738,20,,,0
2000,'Semaine-02-0001100',1921,,2740,20,,,0,124,,2739,20,,,0
2000,'Semaine-03',630,,2741,20,,,0,125,,2742,20,,,0,165,,2743,20,,,0,126,,2744,20,,,0,166,,2745,20,,,0,125,,2746,20,,,0,166,,2747,20,,,0,126,,2748,20,,,0,126,,2749,20,,,0
2000,'Semaine-03-0001100',1921,,2751,20,,,0,124,,2750,20,,,0
2800,'Semaine-01',603,,413,20,,,0
2800,'Semaine-02',603,,2953,20,,,0
2800,'Semaine-03',603,,2965,20,,,0
