11100,'Dimanche-01',711,,861,220,0,5 6,0,100,,857,220,0,5 10,0,146,,856,220,0,5 10,0,290,,858,220,0,5 10,0,289,,859,220,0,5 10,0,200,,862,220,0,5 6,0,106,,860,220,0,5 10,0,380,,863,220,0,5 6,0
11100,'Fête-1-01',711,,3297,220,0,5 6,0,100,,3293,220,0,5 10,0,146,,3292,220,0,5 10,0,290,,3294,220,0,5 10,0,289,,3295,220,0,5 10,0,200,,3298,220,0,5 6,0,106,,3296,220,0,5 10,0,380,,3299,220,0,5 6,0
11100,'Samedi-01',711,,891,220,0,5 6,0,100,,887,220,0,5 10,0,146,,886,220,0,5 10,0,290,,888,220,0,5 10,0,289,,889,220,0,5 10,0,200,,892,220,0,5 6,0,106,,890,220,0,5 10,0,380,,893,220,0,5 6,0
11100,'Semaine-01',522,,902,220,0,5 15,0,15,,896,220,0,5 10,0,20,,900,220,0,5 15,0,66,,903,220,0,5 15,0,6,,897,220,0,5 10,0,14,,901,220,0,5 15,0,71,,909,220,0,5 15,0,20,,904,220,0,5 15,0,5,,898,220,0,5 10,0,15,,911,220,0,5 15,0,80,,899,220,0,5 10,0,118,,912,220,0,5 10,0,75,,894,220,0,5 10,0,105,,914,220,0,5 6,0,120,,895,220,0,5 10,0,380,,906,220,0,5 10,0,12,,905,220,0,5 15,0,89,,908,220,0,5 10,0,22,,907,220,0,5 15,0,273,,913,220,0,5 6,0,103,,910,220,0,5 10,0
11100,'Semaine-02',522,,3304,220,0,5 14,0,30,,3302,220,0,5 14,0,72,,3305,220,0,5 14,0,30,,3303,220,0,5 14,0,70,,3309,220,0,5 14,0,30,,3310,220,0,5 14,0,70,,3301,220,0,5 10,0,106,,3311,220,0,5 10,0,97,,3315,220,0,5 10,0,105,,3313,220,0,5 6,0,168,,3300,220,0,5 10,0,400,,3306,220,0,5 14,0,25,,3308,220,0,5 14,0,31,,3307,220,0,5 14,0,270,,3312,220,0,5 6,0,105,,3314,220,0,5 10,0
11100,'Semaine-03',522,,3324,220,0,5 15,0,15,,3318,220,0,5 10,0,20,,3322,220,0,5 15,0,66,,3325,220,0,5 15,0,6,,3319,220,0,5 10,0,14,,3323,220,0,5 15,0,71,,3331,220,0,5 15,0,20,,3326,220,0,5 15,0,5,,3320,220,0,5 10,0,15,,3333,220,0,5 15,0,80,,3321,220,0,5 10,0,118,,3334,220,0,5 10,0,75,,3316,220,0,5 10,0,105,,3336,220,0,5 6,0,120,,3317,220,0,5 10,0,380,,3328,220,0,5 10,0,12,,3327,220,0,5 15,0,89,,3330,220,0,5 10,0,22,,3329,220,0,5 15,0,273,,3335,220,0,5 6,0,103,,3332,220,0,5 10,0
14001,'Dimanche-01',753,,977,330,,,0,152,,979,480,,,0,115,,980,480,,,0,116,,981,480,,,0,116,,982,480,,,0,155,,983,480,,,0,115,,984,480,,,0,120,,985,480,,,0,159,,978,480,,,0
14001,'Fête-1-01',753,,3383,330,,,0,152,,3385,480,,,0,115,,3386,480,,,0,116,,3387,480,,,0,116,,3388,480,,,0,155,,3389,480,,,0,115,,3390,480,,,0,120,,3391,480,,,0,159,,3384,480,,,0
14001,'Samedi-01',753,,1008,330,,,0,152,,1010,480,,,0,115,,1011,480,,,0,116,,1012,480,,,0,116,,1013,480,,,0,155,,1014,480,,,0,115,,1015,480,,,0,120,,1016,480,,,0,159,,1009,480,,,0
14001,'Semaine-01',618,,1018,330,,,0,97,,1029,350,,,0,103,,1017,430,,,0,121,,1019,480,,,0,120,,1020,480,,,0,163,,1021,480,,,0,125,,1022,480,,,0,165,,1023,480,,,0,125,,1024,480,,,0,164,,1025,480,,,0,125,,1026,480,,,0,119,,1027,480,,,0,113,,1028,480,,,0
14001,'Semaine-02',618,,3393,330,,,0,97,,3404,350,,,0,103,,3392,430,,,0,121,,3394,480,,,0,120,,3395,480,,,0,163,,3396,480,,,0,125,,3397,480,,,0,165,,3398,480,,,0,125,,3399,480,,,0,164,,3400,480,,,0,125,,3401,480,,,0,119,,3402,480,,,0,113,,3403,480,,,0
14001,'Semaine-03',618,,3406,330,,,0,97,,3417,350,,,0,103,,3405,430,,,0,121,,3407,480,,,0,120,,3408,480,,,0,163,,3409,480,,,0,125,,3410,480,,,0,165,,3411,480,,,0,125,,3412,480,,,0,164,,3413,480,,,0,125,,3414,480,,,0,119,,3415,480,,,0,113,,3416,480,,,0
