2800,'Semaine-01',547,,417,260,4,,0,60,,416,260,4,,0,15,,414,500,4,,0,19,,428,260,4,,0,63,,425,260,4,,0,15,,413,540,4,,0,10,,426,260,4,,0,10,,415,500,4,,0,13,,427,260,4,,0,51,,418,260,4,,0,16,,419,260,4,,0,16,,420,260,4,,0,15,,422,260,4,,0,60,,423,260,4,,0
2800,'Semaine-02',552,,2957,260,4,,0,60,,2956,260,4,,0,15,,2954,500,4,,0,19,,2963,260,4,,0,63,,2964,260,4,,0,15,,2953,540,4,,0,15,,2955,500,4,,0,18,,2958,260,4,,0,56,,2959,260,4,,0,21,,2960,260,4,,0,21,,2961,260,4,,0,60,,2962,260,4,,0
2800,'Semaine-03',547,,2969,260,4,,0,60,,2968,260,4,,0,15,,2966,500,4,,0,19,,2978,260,4,,0,63,,2975,260,4,,0,15,,2965,540,4,,0,10,,2976,260,4,,0,10,,2967,500,4,,0,13,,2977,260,4,,0,51,,2970,260,4,,0,16,,2971,260,4,,0,16,,2972,260,4,,0,15,,2973,260,4,,0,60,,2974,260,4,,0
2801,'Semaine-01',1330,,445,10,0,6,0,180,,451,10,0,6,0,15,,454,10,0,6,0,15,,458,10,0,6,0,15,,455,10,0,6,0,55,,443,10,0,7,0,10,,457,10,0,6,0,10,,446,10,0,6,0,10,,447,10,0,6,0,10,,442,10,,,0,50,,448,10,0,6,0,10,,449,10,0,6,0,10,,444,10,0,7,0,15,,450,10,0,6,0,15,,452,10,0,6,0,65,,453,10,0,6,0
2801,'Semaine-02',1330,,2982,10,0,6,0,180,,2986,10,0,6,0,15,,2989,10,0,6,0,15,,2992,10,0,6,0,15,,2980,10,0,7,0,55,,2990,10,0,6,0,15,,2991,10,0,6,0,15,,2983,10,0,6,0,15,,2979,10,,,0,55,,2984,10,0,6,0,15,,2981,10,0,7,0,15,,2985,10,0,6,0,15,,2987,10,0,6,0,60,,2988,10,0,6,0
2801,'Semaine-03',1330,,2996,10,0,6,0,180,,3002,10,0,6,0,15,,3005,10,0,6,0,15,,3008,10,0,6,0,15,,3006,10,0,6,0,55,,2994,10,0,7,0,10,,3007,10,0,6,0,10,,2997,10,0,6,0,10,,2998,10,0,6,0,10,,2993,10,,,0,50,,2999,10,0,6,0,10,,3000,10,0,6,0,10,,2995,10,0,7,0,15,,3001,10,0,6,0,15,,3003,10,0,6,0,65,,3004,10,0,6,0
11100,'Semaine-01',604,,902,480,4,,0,39,,900,480,4,,0,75,,903,480,4,,0,20,,901,480,4,,0,74,,909,480,4,,0,26,,904,480,4,,0,20,,911,480,4,,0,878,,905,410,4,,0,105,,907,410,4,,0
11100,'Semaine-02',626,,3304,560,4,,0,30,,3302,560,4,,0,78,,3305,560,4,,0,70,,3303,560,4,,0,31,,3309,560,4,,0,70,,3310,560,4,,0,906,,3306,560,4,,0,23,,3308,560,4,,0,71,,3307,560,4,,0
11100,'Semaine-03',604,,3324,480,4,,0,39,,3322,480,4,,0,75,,3325,480,4,,0,20,,3323,480,4,,0,74,,3331,480,4,,0,26,,3326,480,4,,0,20,,3333,480,4,,0,878,,3327,410,4,,0,105,,3329,410,4,,0
11101,'Semaine-01',620,,966,10,,,0,885,,957,10,,,0,95,,960,10,,,0,35,,962,10,,,0,70,,963,10,,,0,20,,961,10,,,0,20,,964,10,,,0,105,,958,10,,,0
11101,'Semaine-02',640,,3353,10,,,0,107,,3356,10,,,0,101,,3357,10,,,0,657,,3346,10,,,0,30,,3348,10,,,0,70,,3349,10,,,0,30,,3350,10,,,0,70,,3351,10,,,0,30,,3352,10,,,0,90,,3354,10,,,0,25,,3347,10,,,0
11101,'Semaine-03',620,,3372,10,,,0,885,,3363,10,,,0,95,,3366,10,,,0,35,,3368,10,,,0,70,,3369,10,,,0,20,,3367,10,,,0,20,,3370,10,,,0,105,,3364,10,,,0
