101,'Dimanche-01',810,,73,740,,,0,206,,74,740,,,0,131,,75,740,,,0,173,,76,740,,,0,127,,77,740,,,0,160,,78,740,,,0,120,,79,740,,,0,120,,80,740,,,0,157,,81,740,,,0,134,,82,740,,,0,114,,83,740,,,0,153,,84,740,,,0
101,'Fête-1-01',810,,2674,740,,,0,206,,2675,740,,,0,131,,2676,740,,,0,173,,2677,740,,,0,127,,2678,740,,,0,160,,2679,740,,,0,120,,2680,740,,,0,120,,2681,740,,,0,157,,2682,740,,,0,134,,2683,740,,,0,114,,2684,740,,,0,153,,2685,740,,,0
101,'Samedi-01',810,,115,740,,,0,206,,116,740,,,0,131,,117,740,,,0,173,,118,740,,,0,127,,119,740,,,0,160,,120,740,,,0,120,,121,740,,,0,120,,122,740,,,0,157,,123,740,,,0,134,,124,740,,,0,114,,125,740,,,0,153,,126,740,,,0
101,'Semaine-01',710,,127,740,,,0,101,,136,740,,,0,30,,138,740,,,0,90,,139,740,,,0,110,,140,740,,,0,105,,141,740,,,0,95,,143,740,,,0,105,,142,740,,,0,106,,144,740,,,0,81,,128,740,,,0,105,,129,740,,,0,96,,130,740,,,0,105,,131,740,,,0,74,,132,740,,,0,103,,133,740,,,0,43,,134,740,,,0,173,,135,740,,,0,173,,137,740,,,0
101,'Semaine-02',705,,2686,740,,,0,101,,2695,740,,,0,30,,2697,740,,,0,100,,2698,740,,,0,105,,2699,740,,,0,95,,2700,740,,,0,100,,2702,740,,,0,100,,2701,740,,,0,111,,2703,740,,,0,86,,2687,740,,,0,110,,2688,740,,,0,91,,2689,740,,,0,105,,2690,740,,,0,69,,2691,740,,,0,29,,2692,740,,,0,108,,2693,740,,,0,182,,2694,740,,,0,188,,2696,740,,,0
101,'Semaine-03',710,,2704,740,,,0,101,,2713,740,,,0,30,,2715,740,,,0,90,,2716,740,,,0,110,,2717,740,,,0,105,,2718,740,,,0,95,,2720,740,,,0,105,,2719,740,,,0,106,,2721,740,,,0,81,,2705,740,,,0,105,,2706,740,,,0,96,,2707,740,,,0,105,,2708,740,,,0,74,,2709,740,,,0,103,,2710,740,,,0,43,,2711,740,,,0,173,,2712,740,,,0,173,,2714,740,,,0
2001,'Dimanche-01',804,,190,570,4,,0,124,,191,570,4,,0,126,,192,570,4,,0,165,,193,570,4,,0,125,,194,570,4,,0,165,,195,570,4,,0,125,,196,570,4,,0,125,,197,570,4,,0
2001,'Fête-1-01',804,,2752,570,4,,0,124,,2753,570,4,,0,126,,2754,570,4,,0,165,,2755,570,4,,0,125,,2756,570,4,,0,165,,2757,570,4,,0,125,,2758,570,4,,0,125,,2759,570,4,,0
2001,'Samedi-01',804,,215,570,4,,0,124,,216,570,4,,0,126,,217,570,4,,0,165,,218,570,4,,0,125,,219,570,4,,0,165,,220,570,4,,0,125,,221,570,4,,0,125,,222,570,4,,0
2001,'Semaine-01',749,,223,560,4,,0,166,,224,560,4,,0,125,,225,560,4,,0,166,,226,560,4,,0,126,,227,560,4,,0,125,,228,560,4,,0,166,,229,560,4,,0,126,,230,560,4,,0,164,,231,560,4,,0
2001,'Semaine-01-0001100',2035,,233,560,4,,0,124,,232,560,4,,0
2001,'Semaine-02',749,,2760,560,4,,0,166,,2761,560,4,,0,125,,2762,560,4,,0,166,,2763,560,4,,0,126,,2764,560,4,,0,125,,2765,560,4,,0,166,,2766,560,4,,0,126,,2767,560,4,,0,164,,2768,560,4,,0
2001,'Semaine-02-0001100',2035,,2770,560,4,,0,124,,2769,560,4,,0
2001,'Semaine-03',749,,2771,560,4,,0,166,,2772,560,4,,0,125,,2773,560,4,,0,166,,2774,560,4,,0,126,,2775,560,4,,0,125,,2776,560,4,,0,166,,2777,560,4,,0,126,,2778,560,4,,0,164,,2779,560,4,,0
2001,'Semaine-03-0001100',2035,,2781,560,4,,0,124,,2780,560,4,,0
2801,'Semaine-01',1802,,442,550,4,,0
2801,'Semaine-02',1817,,2979,550,4,,0
2801,'Semaine-03',1802,,2993,550,4,,0
