101,'Dimanche-01',746,,73,370,,,0,206,,74,370,,,0,171,,75,370,,,0,133,,76,370,,,0,167,,77,370,,,0,120,,78,370,,,0,160,,79,370,,,0,120,,80,370,,,0,117,,81,370,,,0,174,,82,370,,,0,114,,83,370,,,0,113,,84,370,,,0
101,'Fête-1-01',746,,2674,370,,,0,206,,2675,370,,,0,171,,2676,370,,,0,133,,2677,370,,,0,167,,2678,370,,,0,120,,2679,370,,,0,160,,2680,370,,,0,120,,2681,370,,,0,117,,2682,370,,,0,174,,2683,370,,,0,114,,2684,370,,,0,113,,2685,370,,,0
101,'Samedi-01',746,,115,370,,,0,206,,116,370,,,0,171,,117,370,,,0,133,,118,370,,,0,167,,119,370,,,0,120,,120,370,,,0,160,,121,370,,,0,120,,122,370,,,0,117,,123,370,,,0,174,,124,370,,,0,114,,125,370,,,0,113,,126,370,,,0
101,'Semaine-01',645,,127,370,,,0,101,,136,370,,,0,70,,138,370,,,0,90,,139,370,,,0,111,,140,370,,,0,105,,141,370,,,0,95,,143,370,,,0,104,,142,370,,,0,106,,144,370,,,0,81,,128,370,,,0,103,,129,370,,,0,96,,130,370,,,0,107,,131,370,,,0,34,,132,370,,,0,103,,133,370,,,0,83,,134,370,,,0,173,,135,370,,,0,135,,137,370,,,0
101,'Semaine-02',640,,2686,370,,,0,101,,2695,370,,,0,70,,2697,370,,,0,100,,2698,370,,,0,106,,2699,370,,,0,95,,2700,370,,,0,100,,2702,370,,,0,99,,2701,370,,,0,111,,2703,370,,,0,86,,2687,370,,,0,108,,2688,370,,,0,91,,2689,370,,,0,107,,2690,370,,,0,29,,2691,370,,,0,69,,2692,370,,,0,108,,2693,370,,,0,182,,2694,370,,,0,150,,2696,370,,,0
101,'Semaine-03',645,,2704,370,,,0,101,,2713,370,,,0,70,,2715,370,,,0,90,,2716,370,,,0,111,,2717,370,,,0,105,,2718,370,,,0,95,,2720,370,,,0,104,,2719,370,,,0,106,,2721,370,,,0,81,,2705,370,,,0,103,,2706,370,,,0,96,,2707,370,,,0,107,,2708,370,,,0,34,,2709,370,,,0,103,,2710,370,,,0,83,,2711,370,,,0,173,,2712,370,,,0,135,,2714,370,,,0
3300,'Dimanche-01',557,,682,280,,,0,82,,680,280,,,0,91,,691,280,,,0,81,,701,280,,,0,43,,703,280,,,0,93,,704,280,,,0,80,,705,280,,,0,80,,706,280,,,0,40,,707,280,,,0,80,,683,280,,,0,80,,684,280,,,0,39,,685,280,,,0,80,,686,280,,,0,80,,687,280,,,0,39,,688,280,,,0,79,,689,280,,,0,79,,690,280,,,0,39,,692,280,,,0,79,,693,280,,,0,80,,694,280,,,0,47,,695,280,,,0,85,,696,280,,,0,85,,697,280,,,0,87,,698,280,,,0,46,,699,280,,,0,83,,700,280,,,0,88,,681,280,,,0,83,,702,280,,,0,119,,708,280,0,8 6,0
3300,'Fête-1-01',617,,3181,280,,,0,41,,3179,280,,,0,82,,3190,280,,,0,82,,3200,280,,,0,82,,3202,280,,,0,44,,3203,280,,,0,81,,3204,280,,,0,82,,3205,280,,,0,42,,3206,280,,,0,82,,3182,280,,,0,82,,3183,280,,,0,42,,3184,280,,,0,82,,3185,280,,,0,82,,3186,280,,,0,82,,3187,280,,,0,42,,3188,280,,,0,82,,3189,280,,,0,85,,3191,280,,,0,39,,3192,280,,,0,82,,3193,280,,,0,82,,3194,280,,,0,39,,3195,280,,,0,81,,3196,280,,,0,81,,3197,280,,,0,82,,3198,280,,,0,43,,3199,280,,,0,86,,3201,280,,,0,86,,3180,280,,,0,113,,3207,280,0,8 6,0
3300,'Samedi-01',617,,769,280,,,0,41,,767,280,,,0,82,,778,280,,,0,82,,788,280,,,0,82,,790,280,,,0,44,,791,280,,,0,81,,792,280,,,0,82,,793,280,,,0,42,,794,280,,,0,82,,770,280,,,0,82,,771,280,,,0,42,,772,280,,,0,82,,773,280,,,0,82,,774,280,,,0,82,,775,280,,,0,42,,776,280,,,0,82,,777,280,,,0,85,,779,280,,,0,39,,780,280,,,0,82,,781,280,,,0,82,,782,280,,,0,39,,783,280,,,0,81,,784,280,,,0,81,,785,280,,,0,82,,786,280,,,0,43,,787,280,,,0,86,,789,280,,,0,86,,768,280,,,0,113,,795,280,0,8 6,0
3300,'Semaine-01',624,,796,280,,,0,80,,824,280,,,0,41,,805,280,,,0,80,,815,280,,,0,80,,818,280,,,0,40,,819,280,,,0,80,,820,280,,,0,82,,821,280,,,0,41,,822,280,,,0,83,,797,280,,,0,83,,798,280,,,0,43,,799,280,,,0,83,,800,280,,,0,83,,801,280,,,0,86,,802,280,,,0,45,,803,280,,,0,85,,804,280,,,0,84,,806,280,,,0,81,,807,280,,,0,43,,808,280,,,0,82,,809,280,,,0,80,,810,280,,,0,40,,811,280,,,0,79,,812,280,,,0,80,,813,280,,,0,40,,814,280,,,0,80,,816,280,,,0,80,,817,280,,,0,96,,823,230,0,8 6,0
3300,'Semaine-02',619,,3208,280,,,0,81,,3236,280,,,0,42,,3217,280,,,0,82,,3227,280,,,0,82,,3230,280,,,0,42,,3231,280,,,0,82,,3232,280,,,0,83,,3233,280,,,0,43,,3234,280,,,0,83,,3209,280,,,0,83,,3210,280,,,0,83,,3211,280,,,0,44,,3212,280,,,0,85,,3213,280,,,0,87,,3214,280,,,0,87,,3215,280,,,0,45,,3216,280,,,0,82,,3218,280,,,0,81,,3219,280,,,0,41,,3220,280,,,0,81,,3221,280,,,0,81,,3222,280,,,0,81,,3223,280,,,0,40,,3224,280,,,0,80,,3225,280,,,0,80,,3226,280,,,0,40,,3228,280,,,0,80,,3229,280,,,0,85,,3235,230,0,8 6,0
3300,'Semaine-03',624,,3237,280,,,0,80,,3265,280,,,0,41,,3246,280,,,0,80,,3256,280,,,0,80,,3259,280,,,0,40,,3260,280,,,0,80,,3261,280,,,0,82,,3262,280,,,0,41,,3263,280,,,0,83,,3238,280,,,0,83,,3239,280,,,0,43,,3240,280,,,0,83,,3241,280,,,0,83,,3242,280,,,0,86,,3243,280,,,0,45,,3244,280,,,0,85,,3245,280,,,0,84,,3247,280,,,0,81,,3248,280,,,0,43,,3249,280,,,0,82,,3250,280,,,0,80,,3251,280,,,0,40,,3252,280,,,0,79,,3253,280,,,0,80,,3254,280,,,0,40,,3255,280,,,0,80,,3257,280,,,0,80,,3258,280,,,0,96,,3264,230,0,8 6,0
