100,'Dimanche-01',646,,12,680,,,0,200,,1,680,,,0,167,,2,680,,,0,131,,3,680,,,0,165,,4,680,,,0,123,,5,680,,,0,118,,6,680,,,0,160,,7,680,,,0,123,,8,680,,,0,175,,9,680,,,0,115,,10,680,,,0,115,,11,680,,,0
100,'Fête-1-01',646,,2637,680,,,0,200,,2626,680,,,0,167,,2627,680,,,0,131,,2628,680,,,0,165,,2629,680,,,0,123,,2630,680,,,0,118,,2631,680,,,0,160,,2632,680,,,0,123,,2633,680,,,0,175,,2634,680,,,0,115,,2635,680,,,0,115,,2636,680,,,0
100,'Samedi-01',646,,54,680,,,0,200,,43,680,,,0,167,,44,680,,,0,131,,45,680,,,0,165,,46,680,,,0,123,,47,680,,,0,118,,48,680,,,0,160,,49,680,,,0,123,,50,680,,,0,175,,51,680,,,0,115,,52,680,,,0,115,,53,680,,,0
100,'Semaine-01',534,,55,680,,,0,105,,56,680,,,0,66,,57,680,,,0,43,,58,680,,,0,157,,59,680,,,0,103,,62,680,,,0,93,,71,680,,,0,102,,63,680,,,0,103,,72,680,,,0,38,,64,680,,,0,101,,65,680,,,0,100,,69,680,,,0,110,,66,680,,,0,75,,67,680,,,0,104,,60,680,,,0,92,,61,680,,,0,131,,70,680,,,0,184,,68,680,,,0
100,'Semaine-02',532,,2638,680,,,0,103,,2639,680,,,0,70,,2640,680,,,0,43,,2641,680,,,0,167,,2642,680,,,0,97,,2645,680,,,0,29,,2654,680,,,0,101,,2646,680,,,0,109,,2655,680,,,0,95,,2647,680,,,0,99,,2648,680,,,0,100,,2652,680,,,0,110,,2649,680,,,0,89,,2650,680,,,0,110,,2643,680,,,0,86,,2644,680,,,0,102,,2653,680,,,0,196,,2651,680,,,0
100,'Semaine-03',534,,2656,680,,,0,105,,2657,680,,,0,66,,2658,680,,,0,43,,2659,680,,,0,157,,2660,680,,,0,103,,2663,680,,,0,93,,2672,680,,,0,102,,2664,680,,,0,103,,2673,680,,,0,38,,2665,680,,,0,101,,2666,680,,,0,100,,2670,680,,,0,110,,2667,680,,,0,75,,2668,680,,,0,104,,2661,680,,,0,92,,2662,680,,,0,131,,2671,680,,,0,184,,2669,680,,,0
2100,'Semaine-01',552,,240,320,,,0,70,,241,320,,,0,32,,242,320,,,0,75,,243,320,,,0,30,,244,320,,,0,76,,245,320,,,0
2100,'Semaine-02',547,,2782,320,,,0,70,,2783,320,,,0,32,,2784,320,,,0,75,,2785,320,,,0,30,,2786,320,,,0,76,,2787,320,,,0
2100,'Semaine-03',552,,2788,320,,,0,70,,2789,320,,,0,32,,2790,320,,,0,75,,2791,320,,,0,30,,2792,320,,,0,76,,2793,320,,,0
2300,'Semaine-01',552,,295,360,,,0,66,,296,360,,,0,16,,297,360,,,0,75,,298,360,,,0,26,,299,360,,,0,20,,300,360,,,0,60,,301,360,,,0,20,,302,360,,,0
2300,'Semaine-02',552,,2836,360,,,0,66,,2837,360,,,0,16,,2838,360,,,0,75,,2839,360,,,0,26,,2840,360,,,0,15,,2841,360,,,0,65,,2842,360,,,0,20,,2843,360,,,0
2300,'Semaine-03',552,,2844,360,,,0,66,,2845,360,,,0,16,,2846,360,,,0,75,,2847,360,,,0,26,,2848,360,,,0,20,,2849,360,,,0,60,,2850,360,,,0,20,,2851,360,,,0
2500,'Semaine-01',610,,346,340,,,0,34,,343,360,,,0,61,,347,340,,,0,29,,344,360,,,0,66,,348,340,,,0,29,,345,360,,,0
2500,'Semaine-02',610,,2890,340,,,0,34,,2887,360,,,0,61,,2891,340,,,0,32,,2888,360,,,0,63,,2892,340,,,0,29,,2889,360,,,0
2500,'Semaine-03',610,,2896,340,,,0,34,,2893,360,,,0,61,,2897,340,,,0,29,,2894,360,,,0,66,,2898,340,,,0,29,,2895,360,,,0
2600,'Semaine-01',508,,363,310,,,0,17,,364,320,,,0
2600,'Semaine-02',508,,2911,310,,,0,17,,2912,320,,,0
2600,'Semaine-03',508,,2913,310,,,0,17,,2914,320,,,0
2800,'Semaine-01',527,,417,210,,,0,20,,416,210,,,0,55,,414,450,,,0,15,,428,210,,,0,15,,425,210,,,0,15,,413,490,,,0,10,,426,210,,,0,50,,415,450,,,0,11,,427,210,,,0,10,,418,210,,,0,10,,419,210,,,0,16,,420,210,,,0,55,,422,210,,,0,20,,423,210,,,0
2800,'Semaine-02',527,,2957,210,,,0,20,,2956,210,,,0,55,,2954,450,,,0,15,,2963,210,,,0,15,,2964,210,,,0,15,,2953,490,,,0,55,,2955,450,,,0,16,,2958,210,,,0,15,,2959,210,,,0,15,,2960,210,,,0,61,,2961,210,,,0,20,,2962,210,,,0
2800,'Semaine-03',527,,2969,210,,,0,20,,2968,210,,,0,55,,2966,450,,,0,15,,2978,210,,,0,15,,2975,210,,,0,15,,2965,490,,,0,10,,2976,210,,,0,50,,2967,450,,,0,11,,2977,210,,,0,10,,2970,210,,,0,10,,2971,210,,,0,16,,2972,210,,,0,55,,2973,210,,,0,20,,2974,210,,,0
3100,'Dimanche-01',730,,492,400,,,0,218,,493,400,,,0,278,,491,400,,,0,123,,484,400,,,0,160,,485,400,,,0,118,,486,400,,,0,118,,487,400,,,0,159,,488,400,,,0,127,,489,400,,,0,221,,483,400,,,0,254,,490,400,,,0
3100,'Fête-1-01',619,,3034,400,,,0,83,,3045,400,,,0,204,,3046,400,,,0,125,,3043,400,,,0,124,,3033,400,,,0,164,,3044,400,,,0,124,,3035,400,,,0,164,,3036,400,,,0,124,,3037,400,,,0,124,,3038,400,,,0,164,,3039,400,,,0,27,,3040,400,,,0,256,,3041,400,,,0,214,,3042,400,,,0
3100,'Samedi-01',619,,537,400,,,0,83,,548,400,,,0,204,,549,400,,,0,125,,546,400,,,0,124,,536,400,,,0,164,,547,400,,,0,124,,538,400,,,0,164,,539,400,,,0,124,,540,400,,,0,124,,541,400,,,0,164,,542,400,,,0,27,,543,400,,,0,256,,544,400,,,0,214,,545,400,,,0
3100,'Semaine-01',628,,574,400,,,0,80,,550,400,,,0,41,,560,400,,,0,80,,575,400,,,0,80,,569,400,,,0,40,,570,400,,,0,79,,571,400,,,0,80,,577,400,,,0,43,,572,400,,,0,83,,573,400,,,0,83,,551,400,,,0,83,,552,400,,,0,42,,553,400,,,0,83,,554,400,,,0,84,,555,400,,,0,45,,556,400,,,0,86,,557,400,,,0,85,,558,400,,,0,84,,559,400,,,0,42,,561,400,,,0,82,,562,400,,,0,79,,563,400,,,0,40,,564,400,,,0,79,,565,400,,,0,80,,566,400,,,0,40,,567,400,,,0,80,,568,400,,,0
3100,'Semaine-02',622,,3071,400,,,0,81,,3047,400,,,0,42,,3057,400,,,0,82,,3072,400,,,0,82,,3066,400,,,0,42,,3067,400,,,0,81,,3068,400,,,0,81,,3074,400,,,0,45,,3069,400,,,0,83,,3070,400,,,0,83,,3048,400,,,0,83,,3049,400,,,0,43,,3050,400,,,0,85,,3051,400,,,0,85,,3052,400,,,0,88,,3053,400,,,0,46,,3054,400,,,0,85,,3055,400,,,0,81,,3056,400,,,0,80,,3058,400,,,0,41,,3059,400,,,0,80,,3060,400,,,0,81,,3061,400,,,0,40,,3062,400,,,0,80,,3063,400,,,0,80,,3064,400,,,0,40,,3065,400,,,0
3100,'Semaine-03',628,,3099,400,,,0,80,,3075,400,,,0,41,,3085,400,,,0,80,,3100,400,,,0,80,,3094,400,,,0,40,,3095,400,,,0,79,,3096,400,,,0,80,,3102,400,,,0,43,,3097,400,,,0,83,,3098,400,,,0,83,,3076,400,,,0,83,,3077,400,,,0,42,,3078,400,,,0,83,,3079,400,,,0,84,,3080,400,,,0,45,,3081,400,,,0,86,,3082,400,,,0,85,,3083,400,,,0,84,,3084,400,,,0,42,,3086,400,,,0,82,,3087,400,,,0,79,,3088,400,,,0,40,,3089,400,,,0,79,,3090,400,,,0,80,,3091,400,,,0,40,,3092,400,,,0,80,,3093,400,,,0
3200,'Dimanche-01',623,,578,410,,,0,214,,583,410,,,0,263,,586,410,,,0,152,,587,410,,,0,159,,579,410,,,0,122,,589,410,,,0,120,,580,410,,,0,159,,582,410,,,0,118,,581,410,,,0,214,,584,410,,,0,256,,585,410,,,0
3200,'Fête-1-01',554,,3103,290,,,0,181,,3109,410,,,0,77,,3104,410,,,0,120,,3112,410,,,0,123,,3113,410,,,0,164,,3114,410,,,0,124,,3105,410,,,0,164,,3116,410,,,0,124,,3106,410,,,0,128,,3107,410,,,0,160,,3108,410,,,0,235,,3110,410,,,0,256,,3111,410,,,0
3200,'Samedi-01',554,,635,290,,,0,181,,641,410,,,0,77,,636,410,,,0,120,,644,410,,,0,123,,645,410,,,0,164,,646,410,,,0,124,,637,410,,,0,164,,648,410,,,0,124,,638,410,,,0,128,,639,410,,,0,160,,640,410,,,0,235,,642,410,,,0,256,,643,410,,,0
3200,'Semaine-01',651,,674,410,,,0,80,,649,410,,,0,80,,677,410,,,0,40,,660,410,,,0,80,,668,410,,,0,79,,669,410,,,0,41,,670,410,,,0,81,,671,410,,,0,83,,672,410,,,0,43,,673,410,,,0,83,,650,410,,,0,82,,651,410,,,0,82,,652,410,,,0,46,,676,410,,,0,59,,653,60,,,0,26,,654,410,,,0,20,,678,60,,,0,64,,655,410,,,0,20,,679,60,,,0,65,,656,410,,,0,45,,657,410,,,0,82,,658,410,,,0,83,,659,410,,,0,40,,661,410,,,0,80,,662,410,,,0,80,,663,410,,,0,40,,664,410,,,0,80,,665,410,,,0,80,,666,410,,,0,40,,667,410,,,0
3200,'Semaine-02',650,,3142,410,,,0,81,,3117,410,,,0,82,,3145,410,,,0,42,,3128,410,,,0,81,,3136,410,,,0,82,,3137,410,,,0,82,,3138,410,,,0,43,,3139,410,,,0,83,,3140,410,,,0,83,,3141,410,,,0,43,,3118,410,,,0,83,,3119,410,,,0,84,,3120,410,,,0,87,,3144,410,,,0,23,,3121,60,,,0,24,,3122,410,,,0,63,,3146,60,,,0,22,,3123,410,,,0,64,,3147,60,,,0,21,,3124,410,,,0,82,,3125,410,,,0,41,,3126,410,,,0,81,,3127,410,,,0,81,,3129,410,,,0,41,,3130,410,,,0,81,,3131,410,,,0,80,,3132,410,,,0,40,,3133,410,,,0,80,,3134,410,,,0,80,,3135,410,,,0
3200,'Semaine-03',651,,3173,410,,,0,80,,3148,410,,,0,80,,3176,410,,,0,40,,3159,410,,,0,80,,3167,410,,,0,79,,3168,410,,,0,41,,3169,410,,,0,81,,3170,410,,,0,83,,3171,410,,,0,43,,3172,410,,,0,83,,3149,410,,,0,82,,3150,410,,,0,82,,3151,410,,,0,46,,3175,410,,,0,59,,3152,60,,,0,26,,3153,410,,,0,20,,3177,60,,,0,64,,3154,410,,,0,20,,3178,60,,,0,65,,3155,410,,,0,45,,3156,410,,,0,82,,3157,410,,,0,83,,3158,410,,,0,40,,3160,410,,,0,80,,3161,410,,,0,80,,3162,410,,,0,40,,3163,410,,,0,80,,3164,410,,,0,80,,3165,410,,,0,40,,3166,410,,,0
9800,'Semaine-01',651,,855,200,0,21 10,0,102,,843,300,,,0,104,,847,300,,,0,145,,848,300,,,0,507,,849,300,,,0,105,,850,300,,,0,105,,851,300,,,0,105,,852,300,,,0,102,,853,300,,,0,97,,854,300,,,0,98,,844,300,,,0,90,,845,300,,,0
9800,'Semaine-02',646,,3278,200,0,21 10,0,104,,3266,300,,,0,107,,3270,300,,,0,149,,3271,300,,,0,497,,3272,300,,,0,108,,3273,300,,,0,108,,3274,300,,,0,110,,3275,300,,,0,105,,3276,300,,,0,98,,3277,300,,,0,99,,3267,300,,,0,95,,3268,300,,,0
9800,'Semaine-03',651,,3291,200,0,21 10,0,102,,3279,300,,,0,104,,3283,300,,,0,145,,3284,300,,,0,507,,3285,300,,,0,105,,3286,300,,,0,105,,3287,300,,,0,105,,3288,300,,,0,102,,3289,300,,,0,97,,3290,300,,,0,98,,3280,300,,,0,90,,3281,300,,,0
11100,'Dimanche-01',831,,857,430,0,5 10,0,188,,856,430,0,5 10,0,290,,858,430,0,5 10,0,249,,859,430,0,5 10,0,345,,860,430,0,5 10,0
11100,'Fête-1-01',831,,3293,430,0,5 10,0,188,,3292,430,0,5 10,0,290,,3294,430,0,5 10,0,249,,3295,430,0,5 10,0,345,,3296,430,0,5 10,0
11100,'Samedi-01',831,,887,430,0,5 10,0,188,,886,430,0,5 10,0,290,,888,430,0,5 10,0,249,,889,430,0,5 10,0,345,,890,430,0,5 10,0
11100,'Semaine-01',544,,902,430,0,5 15,0,14,,896,430,0,5 10,0,61,,900,430,0,5 15,0,27,,903,430,0,5 15,0,5,,897,430,0,5 10,0,55,,901,430,0,5 15,0,31,,909,430,0,5 15,0,20,,904,430,0,5 15,0,44,,898,430,0,5 10,0,16,,911,430,0,5 15,0,39,,899,430,0,5 10,0,157,,912,430,0,5 10,0,36,,894,430,0,5 10,0,265,,895,430,0,5 10,0,340,,906,430,0,5 10,0,46,,905,360,0,5 15,0,53,,908,430,0,5 10,0,59,,907,360,0,5 15,0,335,,910,360,0,5 10,0
11100,'Semaine-02',543,,3304,430,0,5 14,0,70,,3302,430,0,5 14,0,33,,3305,430,0,5 14,0,70,,3303,430,0,5 14,0,30,,3309,430,0,5 14,0,70,,3310,430,0,5 14,0,30,,3301,430,0,5 10,0,106,,3311,430,0,5 10,0,97,,3315,430,0,5 10,0,273,,3300,430,0,5 10,0,400,,3306,430,0,5 14,0,23,,3308,430,0,5 14,0,71,,3307,430,0,5 14,0,331,,3314,360,0,5 10,0
11100,'Semaine-03',544,,3324,430,0,5 15,0,14,,3318,430,0,5 10,0,61,,3322,430,0,5 15,0,27,,3325,430,0,5 15,0,5,,3319,430,0,5 10,0,55,,3323,430,0,5 15,0,31,,3331,430,0,5 15,0,20,,3326,430,0,5 15,0,44,,3320,430,0,5 10,0,16,,3333,430,0,5 15,0,39,,3321,430,0,5 10,0,157,,3334,430,0,5 10,0,36,,3316,430,0,5 10,0,265,,3317,430,0,5 10,0,340,,3328,430,0,5 10,0,46,,3327,360,0,5 15,0,53,,3330,430,0,5 10,0,59,,3329,360,0,5 15,0,335,,3332,360,0,5 10,0
