2200,'Semaine-01',554,,269,50,,,0,70,,270,50,,,0,30,,271,50,,,0,73,,274,50,,,0,32,,272,50,,,0,72,,273,50,,,0
2200,'Semaine-02',547,,2812,50,,,0,70,,2813,50,,,0,35,,2814,50,,,0,70,,2817,50,,,0,35,,2815,50,,,0,74,,2816,50,,,0
2200,'Semaine-03',554,,2818,50,,,0,70,,2819,50,,,0,30,,2820,50,,,0,73,,2823,50,,,0,32,,2821,50,,,0,72,,2822,50,,,0
3100,'Dimanche-01',711,,492,180,,,0,217,,493,180,,,0,278,,491,180,,,0,123,,484,180,,,0,120,,485,180,,,0,158,,486,180,,,0,118,,487,180,,,0,119,,488,180,,,0,167,,489,180,,,0,221,,483,180,,,0,215,,490,180,,,0
3100,'Fête-1-01',600,,3034,180,,,0,43,,3045,180,,,0,203,,3046,180,,,0,165,,3043,180,,,0,124,,3033,180,,,0,124,,3044,180,,,0,164,,3035,180,,,0,124,,3036,180,,,0,164,,3037,180,,,0,124,,3038,180,,,0,124,,3039,180,,,0,67,,3040,180,,,0,216,,3041,180,,,0,215,,3042,180,,,0
3100,'Samedi-01',600,,537,180,,,0,43,,548,180,,,0,203,,549,180,,,0,165,,546,180,,,0,124,,536,180,,,0,124,,547,180,,,0,164,,538,180,,,0,124,,539,180,,,0,164,,540,180,,,0,124,,541,180,,,0,124,,542,180,,,0,67,,543,180,,,0,216,,544,180,,,0,215,,545,180,,,0
3100,'Semaine-01',607,,574,180,,,0,40,,550,180,,,0,80,,560,180,,,0,80,,575,180,,,0,40,,569,180,,,0,80,,570,180,,,0,80,,571,180,,,0,41,,577,180,,,0,81,,572,180,,,0,83,,573,180,,,0,43,,551,180,,,0,83,,552,180,,,0,82,,553,180,,,0,82,,554,180,,,0,45,,555,180,,,0,85,,556,180,,,0,86,,557,180,,,0,85,,558,180,,,0,45,,559,180,,,0,83,,561,180,,,0,82,,562,180,,,0,39,,563,180,,,0,80,,564,180,,,0,80,,565,180,,,0,40,,566,180,,,0,80,,567,180,,,0,80,,568,180,,,0,121,,576,180,0,5 6,0
3100,'Semaine-02',601,,3071,180,,,0,41,,3047,180,,,0,81,,3057,180,,,0,82,,3072,180,,,0,42,,3066,180,,,0,82,,3067,180,,,0,82,,3068,180,,,0,42,,3074,180,,,0,83,,3069,180,,,0,83,,3070,180,,,0,83,,3048,180,,,0,43,,3049,180,,,0,83,,3050,180,,,0,84,,3051,180,,,0,46,,3052,180,,,0,88,,3053,180,,,0,86,,3054,180,,,0,85,,3055,180,,,0,42,,3056,180,,,0,81,,3058,180,,,0,81,,3059,180,,,0,80,,3060,180,,,0,41,,3061,180,,,0,81,,3062,180,,,0,80,,3063,180,,,0,40,,3064,180,,,0,80,,3065,180,,,0,111,,3073,180,0,5 6,0
3100,'Semaine-03',607,,3099,180,,,0,40,,3075,180,,,0,80,,3085,180,,,0,80,,3100,180,,,0,40,,3094,180,,,0,80,,3095,180,,,0,80,,3096,180,,,0,41,,3102,180,,,0,81,,3097,180,,,0,83,,3098,180,,,0,43,,3076,180,,,0,83,,3077,180,,,0,82,,3078,180,,,0,82,,3079,180,,,0,45,,3080,180,,,0,85,,3081,180,,,0,86,,3082,180,,,0,85,,3083,180,,,0,45,,3084,180,,,0,83,,3086,180,,,0,82,,3087,180,,,0,39,,3088,180,,,0,80,,3089,180,,,0,80,,3090,180,,,0,40,,3091,180,,,0,80,,3092,180,,,0,80,,3093,180,,,0,121,,3101,180,0,5 6,0
11101,'Dimanche-01',735,,921,50,,,0,183,,917,180,,,0,189,,916,180,,,0,297,,918,180,,,0,248,,919,180,,,0,154,,922,50,,,0,148,,920,180,,,0,293,,923,50,,,0
11101,'Fête-1-01',735,,3342,50,,,0,183,,3338,180,,,0,189,,3337,180,,,0,297,,3339,180,,,0,248,,3340,180,,,0,154,,3343,50,,,0,148,,3341,180,,,0,293,,3344,50,,,0
11101,'Samedi-01',735,,953,50,,,0,183,,949,180,,,0,189,,948,180,,,0,297,,950,180,,,0,248,,951,180,,,0,154,,954,50,,,0,148,,952,180,,,0,293,,955,50,,,0
11101,'Semaine-01',646,,966,130,,,0,3,,965,180,,,0,96,,972,180,,,0,167,,973,190,,,0,95,,970,190,,,0,149,,976,50,,,0,47,,975,180,,,0,226,,956,180,,,0,110,,957,120,,,0,10,,959,180,,,0,91,,960,120,,,0,19,,967,180,,,0,56,,962,120,,,0,30,,963,120,,,0,13,,961,120,,,0,51,,968,180,,,0,9,,964,120,,,0,85,,969,180,,,0,37,,958,190,,,0,107,,974,50,,,0,194,,971,180,,,0
11101,'Semaine-02',727,,3353,190,,,0,108,,3356,190,,,0,101,,3357,190,,,0,6,,3355,190,,,0,215,,3360,50,,,0,56,,3359,180,,,0,206,,3345,180,,,0,183,,3346,190,,,0,25,,3348,190,,,0,30,,3349,190,,,0,70,,3350,190,,,0,30,,3351,190,,,0,70,,3352,190,,,0,89,,3354,190,,,0,23,,3347,190,,,0,103,,3358,50,,,0,202,,3361,180,,,0
11101,'Semaine-03',646,,3372,130,,,0,3,,3371,180,,,0,96,,3378,180,,,0,167,,3379,190,,,0,95,,3376,190,,,0,149,,3382,50,,,0,47,,3381,180,,,0,226,,3362,180,,,0,110,,3363,120,,,0,10,,3365,180,,,0,91,,3366,120,,,0,19,,3373,180,,,0,56,,3368,120,,,0,30,,3369,120,,,0,13,,3367,120,,,0,51,,3374,180,,,0,9,,3370,120,,,0,85,,3375,180,,,0,37,,3364,190,,,0,107,,3380,50,,,0,194,,3377,180,,,0
