100,'Dimanche-01',645,,12,670,,,0,200,,1,670,,,0,168,,2,670,,,0,131,,3,670,,,0,165,,4,670,,,0,123,,5,670,,,0,118,,6,670,,,0,160,,7,670,,,0,123,,8,670,,,0,175,,9,670,,,0,115,,10,670,,,0,115,,11,670,,,0
100,'Fête-1-01',645,,2637,670,,,0,200,,2626,670,,,0,168,,2627,670,,,0,131,,2628,670,,,0,165,,2629,670,,,0,123,,2630,670,,,0,118,,2631,670,,,0,160,,2632,670,,,0,123,,2633,670,,,0,175,,2634,670,,,0,115,,2635,670,,,0,115,,2636,670,,,0
100,'Samedi-01',645,,54,670,,,0,200,,43,670,,,0,168,,44,670,,,0,131,,45,670,,,0,165,,46,670,,,0,123,,47,670,,,0,118,,48,670,,,0,160,,49,670,,,0,123,,50,670,,,0,175,,51,670,,,0,115,,52,670,,,0,115,,53,670,,,0
100,'Semaine-01',534,,55,670,,,0,104,,56,670,,,0,67,,57,670,,,0,42,,58,670,,,0,157,,59,670,,,0,104,,62,670,,,0,93,,71,670,,,0,102,,63,670,,,0,102,,72,670,,,0,38,,64,670,,,0,102,,65,670,,,0,100,,69,670,,,0,110,,66,670,,,0,74,,67,670,,,0,105,,60,670,,,0,92,,61,670,,,0,131,,70,670,,,0,183,,68,670,,,0
100,'Semaine-02',532,,2638,670,,,0,102,,2639,670,,,0,71,,2640,670,,,0,42,,2641,670,,,0,167,,2642,670,,,0,98,,2645,670,,,0,29,,2654,670,,,0,101,,2646,670,,,0,108,,2655,670,,,0,95,,2647,670,,,0,100,,2648,670,,,0,100,,2652,670,,,0,110,,2649,670,,,0,88,,2650,670,,,0,111,,2643,670,,,0,86,,2644,670,,,0,102,,2653,670,,,0,195,,2651,670,,,0
100,'Semaine-03',534,,2656,670,,,0,104,,2657,670,,,0,67,,2658,670,,,0,42,,2659,670,,,0,157,,2660,670,,,0,104,,2663,670,,,0,93,,2672,670,,,0,102,,2664,670,,,0,102,,2673,670,,,0,38,,2665,670,,,0,102,,2666,670,,,0,100,,2670,670,,,0,110,,2667,670,,,0,74,,2668,670,,,0,105,,2661,670,,,0,92,,2662,670,,,0,131,,2671,670,,,0,183,,2669,670,,,0
2100,'Semaine-01',552,,240,310,,,0,70,,241,310,,,0,31,,242,310,,,0,75,,243,310,,,0,30,,244,310,,,0,76,,245,310,,,0
2100,'Semaine-02',547,,2782,310,,,0,70,,2783,310,,,0,31,,2784,310,,,0,75,,2785,310,,,0,30,,2786,310,,,0,76,,2787,310,,,0
2100,'Semaine-03',552,,2788,310,,,0,70,,2789,310,,,0,31,,2790,310,,,0,75,,2791,310,,,0,30,,2792,310,,,0,76,,2793,310,,,0
2300,'Semaine-01',552,,295,350,,,0,66,,296,350,,,0,16,,297,350,,,0,75,,298,350,,,0,25,,299,350,,,0,21,,300,350,,,0,60,,301,350,,,0,20,,302,350,,,0
2300,'Semaine-02',552,,2836,350,,,0,66,,2837,350,,,0,16,,2838,350,,,0,75,,2839,350,,,0,25,,2840,350,,,0,16,,2841,350,,,0,65,,2842,350,,,0,20,,2843,350,,,0
2300,'Semaine-03',552,,2844,350,,,0,66,,2845,350,,,0,16,,2846,350,,,0,75,,2847,350,,,0,25,,2848,350,,,0,21,,2849,350,,,0,60,,2850,350,,,0,20,,2851,350,,,0
2500,'Semaine-01',609,,346,330,,,0,34,,343,350,,,0,61,,347,330,,,0,29,,344,350,,,0,26,,348,330,,,0,69,,345,350,,,0
2500,'Semaine-02',609,,2890,330,,,0,34,,2887,350,,,0,61,,2891,330,,,0,32,,2888,350,,,0,23,,2892,330,,,0,69,,2889,350,,,0
2500,'Semaine-03',609,,2896,330,,,0,34,,2893,350,,,0,61,,2897,330,,,0,29,,2894,350,,,0,26,,2898,330,,,0,69,,2895,350,,,0
2600,'Semaine-01',507,,363,300,,,0,17,,364,310,,,0
2600,'Semaine-02',507,,2911,300,,,0,17,,2912,310,,,0
2600,'Semaine-03',507,,2913,300,,,0,17,,2914,310,,,0
2800,'Semaine-01',527,,417,200,,,0,20,,416,200,,,0,55,,414,440,,,0,15,,428,200,,,0,15,,425,200,,,0,15,,413,480,,,0,10,,426,200,,,0,50,,415,440,,,0,11,,427,200,,,0,10,,418,200,,,0,10,,419,200,,,0,16,,420,200,,,0,55,,422,200,,,0,20,,423,200,,,0
2800,'Semaine-02',527,,2957,200,,,0,20,,2956,200,,,0,55,,2954,440,,,0,15,,2963,200,,,0,15,,2964,200,,,0,15,,2953,480,,,0,55,,2955,440,,,0,16,,2958,200,,,0,15,,2959,200,,,0,15,,2960,200,,,0,61,,2961,200,,,0,20,,2962,200,,,0
2800,'Semaine-03',527,,2969,200,,,0,20,,2968,200,,,0,55,,2966,440,,,0,15,,2978,200,,,0,15,,2975,200,,,0,15,,2965,480,,,0,10,,2976,200,,,0,50,,2967,440,,,0,11,,2977,200,,,0,10,,2970,200,,,0,10,,2971,200,,,0,16,,2972,200,,,0,55,,2973,200,,,0,20,,2974,200,,,0
3100,'Dimanche-01',729,,492,390,,,0,218,,493,390,,,0,278,,491,390,,,0,123,,484,390,,,0,160,,485,390,,,0,118,,486,390,,,0,118,,487,390,,,0,159,,488,390,,,0,127,,489,390,,,0,221,,483,390,,,0,254,,490,390,,,0
3100,'Fête-1-01',618,,3034,390,,,0,83,,3045,390,,,0,204,,3046,390,,,0,125,,3043,390,,,0,124,,3033,390,,,0,164,,3044,390,,,0,124,,3035,390,,,0,164,,3036,390,,,0,124,,3037,390,,,0,124,,3038,390,,,0,164,,3039,390,,,0,27,,3040,390,,,0,256,,3041,390,,,0,214,,3042,390,,,0
3100,'Samedi-01',618,,537,390,,,0,83,,548,390,,,0,204,,549,390,,,0,125,,546,390,,,0,124,,536,390,,,0,164,,547,390,,,0,124,,538,390,,,0,164,,539,390,,,0,124,,540,390,,,0,124,,541,390,,,0,164,,542,390,,,0,27,,543,390,,,0,256,,544,390,,,0,214,,545,390,,,0
3100,'Semaine-01',628,,574,390,,,0,80,,550,390,,,0,40,,560,390,,,0,80,,575,390,,,0,80,,569,390,,,0,40,,570,390,,,0,80,,571,390,,,0,80,,577,390,,,0,43,,572,390,,,0,83,,573,390,,,0,83,,551,390,,,0,83,,552,390,,,0,42,,553,390,,,0,82,,554,390,,,0,85,,555,390,,,0,45,,556,390,,,0,86,,557,390,,,0,85,,558,390,,,0,84,,559,390,,,0,42,,561,390,,,0,82,,562,390,,,0,79,,563,390,,,0,40,,564,390,,,0,79,,565,390,,,0,80,,566,390,,,0,40,,567,390,,,0,80,,568,390,,,0
3100,'Semaine-02',622,,3071,390,,,0,81,,3047,390,,,0,41,,3057,390,,,0,82,,3072,390,,,0,82,,3066,390,,,0,42,,3067,390,,,0,82,,3068,390,,,0,81,,3074,390,,,0,45,,3069,390,,,0,83,,3070,390,,,0,83,,3048,390,,,0,83,,3049,390,,,0,43,,3050,390,,,0,84,,3051,390,,,0,86,,3052,390,,,0,88,,3053,390,,,0,46,,3054,390,,,0,85,,3055,390,,,0,81,,3056,390,,,0,80,,3058,390,,,0,41,,3059,390,,,0,80,,3060,390,,,0,81,,3061,390,,,0,40,,3062,390,,,0,80,,3063,390,,,0,80,,3064,390,,,0,40,,3065,390,,,0
3100,'Semaine-03',628,,3099,390,,,0,80,,3075,390,,,0,40,,3085,390,,,0,80,,3100,390,,,0,80,,3094,390,,,0,40,,3095,390,,,0,80,,3096,390,,,0,80,,3102,390,,,0,43,,3097,390,,,0,83,,3098,390,,,0,83,,3076,390,,,0,83,,3077,390,,,0,42,,3078,390,,,0,82,,3079,390,,,0,85,,3080,390,,,0,45,,3081,390,,,0,86,,3082,390,,,0,85,,3083,390,,,0,84,,3084,390,,,0,42,,3086,390,,,0,82,,3087,390,,,0,79,,3088,390,,,0,40,,3089,390,,,0,79,,3090,390,,,0,80,,3091,390,,,0,40,,3092,390,,,0,80,,3093,390,,,0
3200,'Dimanche-01',623,,578,400,,,0,214,,583,400,,,0,263,,586,400,,,0,152,,587,400,,,0,159,,579,400,,,0,122,,589,400,,,0,120,,580,400,,,0,159,,582,400,,,0,118,,581,400,,,0,214,,584,400,,,0,256,,585,400,,,0
3200,'Fête-1-01',554,,3103,280,,,0,181,,3109,400,,,0,77,,3104,400,,,0,120,,3112,400,,,0,123,,3113,400,,,0,164,,3114,400,,,0,124,,3105,400,,,0,164,,3116,400,,,0,124,,3106,400,,,0,128,,3107,400,,,0,160,,3108,400,,,0,235,,3110,400,,,0,256,,3111,400,,,0
3200,'Samedi-01',554,,635,280,,,0,181,,641,400,,,0,77,,636,400,,,0,120,,644,400,,,0,123,,645,400,,,0,164,,646,400,,,0,124,,637,400,,,0,164,,648,400,,,0,124,,638,400,,,0,128,,639,400,,,0,160,,640,400,,,0,235,,642,400,,,0,256,,643,400,,,0
3200,'Semaine-01',651,,674,400,,,0,80,,649,400,,,0,80,,677,400,,,0,40,,660,400,,,0,80,,668,400,,,0,78,,669,400,,,0,41,,670,400,,,0,81,,671,400,,,0,83,,672,400,,,0,43,,673,400,,,0,83,,650,400,,,0,82,,651,400,,,0,83,,652,400,,,0,46,,676,400,,,0,59,,653,50,,,0,26,,654,400,,,0,20,,678,50,,,0,64,,655,400,,,0,20,,679,50,,,0,65,,656,400,,,0,44,,657,400,,,0,82,,658,400,,,0,83,,659,400,,,0,40,,661,400,,,0,80,,662,400,,,0,80,,663,400,,,0,40,,664,400,,,0,80,,665,400,,,0,80,,666,400,,,0,40,,667,400,,,0
3200,'Semaine-02',650,,3142,400,,,0,81,,3117,400,,,0,82,,3145,400,,,0,42,,3128,400,,,0,80,,3136,400,,,0,82,,3137,400,,,0,42,,3138,400,,,0,83,,3139,400,,,0,83,,3140,400,,,0,83,,3141,400,,,0,43,,3118,400,,,0,83,,3119,400,,,0,85,,3120,400,,,0,87,,3144,400,,,0,23,,3121,50,,,0,24,,3122,400,,,0,63,,3146,50,,,0,22,,3123,400,,,0,63,,3147,50,,,0,22,,3124,400,,,0,81,,3125,400,,,0,41,,3126,400,,,0,81,,3127,400,,,0,81,,3129,400,,,0,41,,3130,400,,,0,81,,3131,400,,,0,80,,3132,400,,,0,40,,3133,400,,,0,80,,3134,400,,,0,80,,3135,400,,,0
3200,'Semaine-03',651,,3173,400,,,0,80,,3148,400,,,0,80,,3176,400,,,0,40,,3159,400,,,0,80,,3167,400,,,0,78,,3168,400,,,0,41,,3169,400,,,0,81,,3170,400,,,0,83,,3171,400,,,0,43,,3172,400,,,0,83,,3149,400,,,0,82,,3150,400,,,0,83,,3151,400,,,0,46,,3175,400,,,0,59,,3152,50,,,0,26,,3153,400,,,0,20,,3177,50,,,0,64,,3154,400,,,0,20,,3178,50,,,0,65,,3155,400,,,0,44,,3156,400,,,0,82,,3157,400,,,0,83,,3158,400,,,0,40,,3160,400,,,0,80,,3161,400,,,0,80,,3162,400,,,0,40,,3163,400,,,0,80,,3164,400,,,0,80,,3165,400,,,0,40,,3166,400,,,0
9800,'Semaine-01',650,,855,190,0,21 10,0,102,,843,290,,,0,104,,847,290,,,0,145,,848,290,,,0,508,,849,290,,,0,105,,850,290,,,0,105,,851,290,,,0,104,,852,290,,,0,103,,853,290,,,0,97,,854,290,,,0,98,,844,290,,,0,90,,845,290,,,0,90,,846,290,4,,0
9800,'Semaine-02',645,,3278,190,0,21 10,0,104,,3266,290,,,0,107,,3270,290,,,0,150,,3271,290,,,0,497,,3272,290,,,0,108,,3273,290,,,0,108,,3274,290,,,0,109,,3275,290,,,0,106,,3276,290,,,0,98,,3277,290,,,0,99,,3267,290,,,0,95,,3268,290,,,0,95,,3269,290,4,,0
9800,'Semaine-03',650,,3291,190,0,21 10,0,102,,3279,290,,,0,104,,3283,290,,,0,145,,3284,290,,,0,508,,3285,290,,,0,105,,3286,290,,,0,105,,3287,290,,,0,104,,3288,290,,,0,103,,3289,290,,,0,97,,3290,290,,,0,98,,3280,290,,,0,90,,3281,290,,,0,90,,3282,290,4,,0
11100,'Dimanche-01',831,,857,420,0,5 10,0,188,,856,420,0,5 10,0,290,,858,420,0,5 10,0,249,,859,420,0,5 10,0,345,,860,420,0,5 10,0
11100,'Fête-1-01',831,,3293,420,0,5 10,0,188,,3292,420,0,5 10,0,290,,3294,420,0,5 10,0,249,,3295,420,0,5 10,0,345,,3296,420,0,5 10,0
11100,'Samedi-01',831,,887,420,0,5 10,0,188,,886,420,0,5 10,0,290,,888,420,0,5 10,0,249,,889,420,0,5 10,0,345,,890,420,0,5 10,0
11100,'Semaine-01',544,,902,420,0,5 15,0,14,,896,420,0,5 10,0,61,,900,420,0,5 15,0,27,,903,420,0,5 15,0,5,,897,420,0,5 10,0,55,,901,420,0,5 15,0,31,,909,420,0,5 15,0,20,,904,420,0,5 15,0,44,,898,420,0,5 10,0,16,,911,420,0,5 15,0,39,,899,420,0,5 10,0,157,,912,420,0,5 10,0,36,,894,420,0,5 10,0,265,,895,420,0,5 10,0,340,,906,420,0,5 10,0,46,,905,350,0,5 15,0,53,,908,420,0,5 10,0,59,,907,350,0,5 15,0,335,,910,350,0,5 10,0
11100,'Semaine-02',543,,3304,420,0,5 14,0,70,,3302,420,0,5 14,0,33,,3305,420,0,5 14,0,70,,3303,420,0,5 14,0,30,,3309,420,0,5 14,0,70,,3310,420,0,5 14,0,30,,3301,420,0,5 10,0,106,,3311,420,0,5 10,0,97,,3315,420,0,5 10,0,273,,3300,420,0,5 10,0,400,,3306,420,0,5 14,0,23,,3308,420,0,5 14,0,71,,3307,420,0,5 14,0,331,,3314,350,0,5 10,0
11100,'Semaine-03',544,,3324,420,0,5 15,0,14,,3318,420,0,5 10,0,61,,3322,420,0,5 15,0,27,,3325,420,0,5 15,0,5,,3319,420,0,5 10,0,55,,3323,420,0,5 15,0,31,,3331,420,0,5 15,0,20,,3326,420,0,5 15,0,44,,3320,420,0,5 10,0,16,,3333,420,0,5 15,0,39,,3321,420,0,5 10,0,157,,3334,420,0,5 10,0,36,,3316,420,0,5 10,0,265,,3317,420,0,5 10,0,340,,3328,420,0,5 10,0,46,,3327,350,0,5 15,0,53,,3330,420,0,5 10,0,59,,3329,350,0,5 15,0,335,,3332,350,0,5 10,0
