100,'Dimanche-01',535,,12,10,,,0,200,,1,10,,,0,165,,2,10,,,0,130,,3,10,,,0,125,,4,10,,,0,165,,5,10,,,0,120,,6,10,,,0,160,,7,10,,,0,125,,8,10,,,0,175,,9,10,,,0,115,,10,10,,,0,115,,11,10,,,0
100,'Fête-1-01',535,,2637,10,,,0,200,,2626,10,,,0,165,,2627,10,,,0,130,,2628,10,,,0,125,,2629,10,,,0,165,,2630,10,,,0,120,,2631,10,,,0,160,,2632,10,,,0,125,,2633,10,,,0,175,,2634,10,,,0,115,,2635,10,,,0,115,,2636,10,,,0
100,'Samedi-01',535,,54,10,,,0,200,,43,10,,,0,165,,44,10,,,0,130,,45,10,,,0,125,,46,10,,,0,165,,47,10,,,0,120,,48,10,,,0,160,,49,10,,,0,125,,50,10,,,0,175,,51,10,,,0,115,,52,10,,,0,115,,53,10,,,0
100,'Semaine-01',417,,55,10,,,0,103,,56,10,,,0,25,,57,10,,,0,80,,58,10,,,0,120,,59,10,,,0,106,,62,10,,,0,94,,71,10,,,0,101,,63,10,,,0,99,,72,10,,,0,78,,64,10,,,0,102,,65,10,,,0,100,,69,10,,,0,110,,66,10,,,0,75,,67,10,,,0,110,,60,10,,,0,95,,61,10,,,0,135,,70,10,,,0,185,,68,10,,,0
100,'Semaine-02',415,,2638,10,,,0,100,,2639,10,,,0,30,,2640,10,,,0,80,,2641,10,,,0,130,,2642,10,,,0,100,,2645,10,,,0,70,,2654,10,,,0,100,,2646,10,,,0,105,,2655,10,,,0,95,,2647,10,,,0,100,,2648,10,,,0,100,,2652,10,,,0,110,,2649,10,,,0,90,,2650,10,,,0,115,,2643,10,,,0,90,,2644,10,,,0,105,,2653,10,,,0,197,,2651,10,,,0
100,'Semaine-03',417,,2656,10,,,0,103,,2657,10,,,0,25,,2658,10,,,0,80,,2659,10,,,0,120,,2660,10,,,0,106,,2663,10,,,0,94,,2672,10,,,0,101,,2664,10,,,0,99,,2673,10,,,0,78,,2665,10,,,0,102,,2666,10,,,0,100,,2670,10,,,0,110,,2667,10,,,0,75,,2668,10,,,0,110,,2661,10,,,0,95,,2662,10,,,0,135,,2671,10,,,0,185,,2669,10,,,0
101,'Dimanche-01',836,,73,780,4,,0,207,,74,780,4,,0,171,,75,780,4,,0,133,,76,780,4,,0,167,,77,780,4,,0,120,,78,780,4,,0,120,,79,780,4,,0,160,,80,780,4,,0,117,,81,780,4,,0,174,,82,780,4,,0,114,,83,780,4,,0,112,,84,780,4,,0
101,'Fête-1-01',836,,2674,780,4,,0,207,,2675,780,4,,0,171,,2676,780,4,,0,133,,2677,780,4,,0,167,,2678,780,4,,0,120,,2679,780,4,,0,120,,2680,780,4,,0,160,,2681,780,4,,0,117,,2682,780,4,,0,174,,2683,780,4,,0,114,,2684,780,4,,0,112,,2685,780,4,,0
101,'Samedi-01',836,,115,780,4,,0,207,,116,780,4,,0,171,,117,780,4,,0,133,,118,780,4,,0,167,,119,780,4,,0,120,,120,780,4,,0,120,,121,780,4,,0,160,,122,780,4,,0,117,,123,780,4,,0,174,,124,780,4,,0,114,,125,780,4,,0,112,,126,780,4,,0
101,'Semaine-01',737,,127,780,4,,0,101,,136,780,4,,0,70,,138,780,4,,0,50,,139,780,4,,0,150,,140,780,4,,0,105,,141,780,4,,0,95,,143,780,4,,0,105,,142,780,4,,0,107,,144,780,4,,0,81,,128,780,4,,0,106,,129,780,4,,0,95,,130,780,4,,0,104,,131,780,4,,0,34,,132,780,4,,0,103,,133,780,4,,0,83,,134,780,4,,0,132,,135,780,4,,0,172,,137,780,4,,0
101,'Semaine-02',737,,2686,780,4,,0,101,,2695,780,4,,0,70,,2697,780,4,,0,100,,2698,780,4,,0,105,,2699,780,4,,0,95,,2700,780,4,,0,100,,2702,780,4,,0,100,,2701,780,4,,0,112,,2703,780,4,,0,86,,2687,780,4,,0,116,,2688,780,4,,0,90,,2689,780,4,,0,104,,2690,780,4,,0,29,,2691,780,4,,0,69,,2692,780,4,,0,103,,2693,780,4,,0,141,,2694,780,4,,0,187,,2696,780,4,,0
101,'Semaine-03',737,,2704,780,4,,0,101,,2713,780,4,,0,70,,2715,780,4,,0,50,,2716,780,4,,0,150,,2717,780,4,,0,105,,2718,780,4,,0,95,,2720,780,4,,0,105,,2719,780,4,,0,107,,2721,780,4,,0,81,,2705,780,4,,0,106,,2706,780,4,,0,95,,2707,780,4,,0,104,,2708,780,4,,0,34,,2709,780,4,,0,103,,2710,780,4,,0,83,,2711,780,4,,0,132,,2712,780,4,,0,172,,2714,780,4,,0
