101,'Dimanche-01',718,,73,80,,,0,205,,74,80,,,0,130,,75,80,,,0,171,,76,80,,,0,125,,77,80,,,0,160,,78,80,,,0,120,,79,80,,,0,120,,80,80,,,0,159,,81,80,,,0,135,,82,80,,,0,115,,83,80,,,0,155,,84,80,,,0
101,'Fête-1-01',718,,2674,80,,,0,205,,2675,80,,,0,130,,2676,80,,,0,171,,2677,80,,,0,125,,2678,80,,,0,160,,2679,80,,,0,120,,2680,80,,,0,120,,2681,80,,,0,159,,2682,80,,,0,135,,2683,80,,,0,115,,2684,80,,,0,155,,2685,80,,,0
101,'Samedi-01',718,,115,80,,,0,205,,116,80,,,0,130,,117,80,,,0,171,,118,80,,,0,125,,119,80,,,0,160,,120,80,,,0,120,,121,80,,,0,120,,122,80,,,0,159,,123,80,,,0,135,,124,80,,,0,115,,125,80,,,0,155,,126,80,,,0
101,'Semaine-01',614,,127,80,,,0,100,,136,80,,,0,30,,138,80,,,0,90,,139,80,,,0,111,,140,80,,,0,105,,141,80,,,0,95,,143,80,,,0,100,,142,80,,,0,106,,144,80,,,0,80,,128,80,,,0,100,,129,80,,,0,100,,130,80,,,0,109,,131,80,,,0,75,,132,80,,,0,104,,133,80,,,0,84,,134,80,,,0,135,,135,80,,,0,175,,137,80,,,0
101,'Semaine-02',609,,2686,80,,,0,100,,2695,80,,,0,30,,2697,80,,,0,100,,2698,80,,,0,106,,2699,80,,,0,95,,2700,80,,,0,100,,2702,80,,,0,95,,2701,80,,,0,111,,2703,80,,,0,85,,2687,80,,,0,105,,2688,80,,,0,95,,2689,80,,,0,109,,2690,80,,,0,70,,2691,80,,,0,29,,2692,80,,,0,109,,2693,80,,,0,185,,2694,80,,,0,190,,2696,80,,,0
101,'Semaine-03',614,,2704,80,,,0,100,,2713,80,,,0,30,,2715,80,,,0,90,,2716,80,,,0,111,,2717,80,,,0,105,,2718,80,,,0,95,,2720,80,,,0,100,,2719,80,,,0,106,,2721,80,,,0,80,,2705,80,,,0,100,,2706,80,,,0,100,,2707,80,,,0,109,,2708,80,,,0,75,,2709,80,,,0,104,,2710,80,,,0,84,,2711,80,,,0,135,,2712,80,,,0,175,,2714,80,,,0
2101,'Semaine-01',646,,260,80,0,5 6,0,79,,261,80,0,5 6,0,81,,262,80,0,5 6,0,796,,254,80,,,0,23,,255,80,,,0,26,,256,80,,,0,65,,257,80,,,0,25,,258,80,,,0,68,,259,80,,,0
2101,'Semaine-02',642,,2800,80,0,5 6,0,82,,2801,80,0,5 6,0,82,,2802,80,0,5 6,0,797,,2794,80,,,0,25,,2795,80,,,0,24,,2796,80,,,0,65,,2797,80,,,0,25,,2798,80,,,0,68,,2799,80,,,0
2101,'Semaine-03',646,,2809,80,0,5 6,0,79,,2810,80,0,5 6,0,81,,2811,80,0,5 6,0,796,,2803,80,,,0,23,,2804,80,,,0,26,,2805,80,,,0,65,,2806,80,,,0,25,,2807,80,,,0,68,,2808,80,,,0
2301,'Semaine-01',1535,,310,80,,,0,65,,311,80,,,0,30,,312,80,,,0,70,,313,80,,,0,30,,314,80,,,0,29,,315,80,,,0,70,,316,80,,,0
2301,'Semaine-02',1535,,2852,80,,,0,65,,2853,80,,,0,30,,2854,80,,,0,70,,2855,80,,,0,25,,2856,80,,,0,34,,2857,80,,,0,70,,2858,80,,,0
2301,'Semaine-03',1535,,2859,80,,,0,65,,2860,80,,,0,30,,2861,80,,,0,70,,2862,80,,,0,30,,2863,80,,,0,29,,2864,80,,,0,70,,2865,80,,,0
2501,'Semaine-01',1540,,355,80,,,0,80,,356,80,,,0,34,,357,80,,,0,80,,358,80,,,0,80,,359,80,,,0,29,,360,80,,,0
2501,'Semaine-02',1540,,2899,80,,,0,80,,2900,80,,,0,34,,2901,80,,,0,80,,2902,80,,,0,75,,2903,80,,,0,34,,2904,80,,,0
2501,'Semaine-03',1540,,2905,80,,,0,80,,2906,80,,,0,34,,2907,80,,,0,80,,2908,80,,,0,80,,2909,80,,,0,29,,2910,80,,,0
3100,'Dimanche-01',652,,492,80,,,0,256,,493,80,,,0,238,,491,80,,,0,163,,484,80,,,0,120,,485,80,,,0,118,,486,80,,,0,158,,487,80,,,0,119,,488,80,,,0,127,,489,80,,,0,261,,483,80,,,0,215,,490,80,,,0
3100,'Fête-1-01',541,,3034,80,,,0,83,,3045,80,,,0,202,,3046,80,,,0,125,,3043,80,,,0,164,,3033,80,,,0,124,,3044,80,,,0,164,,3035,80,,,0,124,,3036,80,,,0,124,,3037,80,,,0,164,,3038,80,,,0,124,,3039,80,,,0,67,,3040,80,,,0,216,,3041,80,,,0,215,,3042,80,,,0
3100,'Samedi-01',541,,537,80,,,0,83,,548,80,,,0,202,,549,80,,,0,125,,546,80,,,0,164,,536,80,,,0,124,,547,80,,,0,164,,538,80,,,0,124,,539,80,,,0,124,,540,80,,,0,164,,541,80,,,0,124,,542,80,,,0,67,,543,80,,,0,216,,544,80,,,0,215,,545,80,,,0
3100,'Semaine-01',547,,574,80,,,0,80,,550,80,,,0,80,,560,80,,,0,40,,575,80,,,0,80,,569,80,,,0,80,,570,80,,,0,40,,571,80,,,0,81,,577,80,,,0,81,,572,80,,,0,43,,573,80,,,0,83,,551,80,,,0,83,,552,80,,,0,82,,553,80,,,0,42,,554,80,,,0,84,,555,80,,,0,85,,556,80,,,0,45,,557,80,,,0,86,,558,80,,,0,85,,559,80,,,0,84,,561,80,,,0,42,,562,80,,,0,80,,563,80,,,0,80,,564,80,,,0,40,,565,80,,,0,80,,566,80,,,0,80,,567,80,,,0,41,,568,80,,,0,161,,576,80,0,5 6,0
3100,'Semaine-02',539,,3071,80,,,0,81,,3047,80,,,0,81,,3057,80,,,0,42,,3072,80,,,0,82,,3066,80,,,0,82,,3067,80,,,0,42,,3068,80,,,0,82,,3074,80,,,0,83,,3069,80,,,0,43,,3070,80,,,0,83,,3048,80,,,0,83,,3049,80,,,0,83,,3050,80,,,0,44,,3051,80,,,0,85,,3052,80,,,0,87,,3053,80,,,0,86,,3054,80,,,0,46,,3055,80,,,0,82,,3056,80,,,0,82,,3058,80,,,0,41,,3059,80,,,0,81,,3060,80,,,0,81,,3061,80,,,0,81,,3062,80,,,0,40,,3063,80,,,0,80,,3064,80,,,0,80,,3065,80,,,0,111,,3073,80,0,5 6,0
3100,'Semaine-03',547,,3099,80,,,0,80,,3075,80,,,0,80,,3085,80,,,0,40,,3100,80,,,0,80,,3094,80,,,0,80,,3095,80,,,0,40,,3096,80,,,0,81,,3102,80,,,0,81,,3097,80,,,0,43,,3098,80,,,0,83,,3076,80,,,0,83,,3077,80,,,0,82,,3078,80,,,0,42,,3079,80,,,0,84,,3080,80,,,0,85,,3081,80,,,0,45,,3082,80,,,0,86,,3083,80,,,0,85,,3084,80,,,0,84,,3086,80,,,0,42,,3087,80,,,0,80,,3088,80,,,0,80,,3089,80,,,0,40,,3090,80,,,0,80,,3091,80,,,0,80,,3092,80,,,0,41,,3093,80,,,0,161,,3101,80,0,5 6,0
3200,'Dimanche-01',542,,578,80,,,0,214,,583,80,,,0,263,,586,80,,,0,192,,587,80,,,0,119,,579,80,,,0,122,,589,80,,,0,160,,580,80,,,0,119,,582,80,,,0,118,,581,80,,,0,255,,584,80,,,0,216,,585,80,,,0,213,,588,80,0,6,0
3200,'Fête-1-01',654,,3109,80,,,0,77,,3104,80,,,0,120,,3112,80,,,0,163,,3113,80,,,0,124,,3114,80,,,0,164,,3105,80,,,0,124,,3116,80,,,0,124,,3106,80,,,0,168,,3107,80,,,0,120,,3108,80,,,0,276,,3110,80,,,0,216,,3111,80,,,0,211,,3115,80,0,6,0
3200,'Samedi-01',654,,641,80,,,0,77,,636,80,,,0,120,,644,80,,,0,163,,645,80,,,0,124,,646,80,,,0,164,,637,80,,,0,124,,648,80,,,0,124,,638,80,,,0,168,,639,80,,,0,120,,640,80,,,0,276,,642,80,,,0,216,,643,80,,,0,211,,647,80,0,6,0
3200,'Semaine-01',612,,674,80,,,0,38,,649,80,,,0,79,,677,80,,,0,79,,660,80,,,0,40,,668,80,,,0,82,,669,80,,,0,81,,670,80,,,0,41,,671,80,,,0,83,,672,80,,,0,83,,673,80,,,0,83,,650,80,,,0,42,,651,80,,,0,81,,652,80,,,0,84,,676,80,,,0,45,,654,80,,,0,85,,655,80,,,0,86,,656,80,,,0,86,,657,80,,,0,42,,658,80,,,0,84,,659,80,,,0,81,,661,80,,,0,40,,662,80,,,0,80,,663,80,,,0,80,,664,80,,,0,40,,665,80,,,0,83,,666,80,,,0,80,,667,80,,,0,112,,675,80,0,6,0
3200,'Semaine-02',609,,3142,80,,,0,41,,3117,80,,,0,79,,3145,80,,,0,81,,3128,80,,,0,44,,3136,80,,,0,82,,3137,80,,,0,82,,3138,80,,,0,83,,3139,80,,,0,43,,3140,80,,,0,83,,3141,80,,,0,83,,3118,80,,,0,43,,3119,80,,,0,83,,3120,80,,,0,85,,3144,80,,,0,87,,3122,80,,,0,47,,3123,80,,,0,85,,3124,80,,,0,83,,3125,80,,,0,82,,3126,80,,,0,43,,3127,80,,,0,82,,3129,80,,,0,81,,3130,80,,,0,41,,3131,80,,,0,80,,3132,80,,,0,82,,3133,80,,,0,40,,3134,80,,,0,80,,3135,80,,,0,98,,3143,80,0,6,0
3200,'Semaine-03',612,,3173,80,,,0,38,,3148,80,,,0,79,,3176,80,,,0,79,,3159,80,,,0,40,,3167,80,,,0,82,,3168,80,,,0,81,,3169,80,,,0,41,,3170,80,,,0,83,,3171,80,,,0,83,,3172,80,,,0,83,,3149,80,,,0,42,,3150,80,,,0,81,,3151,80,,,0,84,,3175,80,,,0,45,,3153,80,,,0,85,,3154,80,,,0,86,,3155,80,,,0,86,,3156,80,,,0,42,,3157,80,,,0,84,,3158,80,,,0,81,,3160,80,,,0,40,,3161,80,,,0,80,,3162,80,,,0,80,,3163,80,,,0,40,,3164,80,,,0,83,,3165,80,,,0,80,,3166,80,,,0,112,,3174,80,0,6,0
9800,'Semaine-01',724,,843,80,,,0,103,,847,80,,,0,105,,848,80,,,0,506,,849,80,,,0,105,,850,80,,,0,105,,851,80,,,0,104,,852,80,,,0,105,,853,80,,,0,98,,854,80,,,0,100,,844,80,,,0,90,,845,80,,,0,90,,846,80,,,0
9800,'Semaine-02',721,,3266,80,,,0,106,,3270,80,,,0,110,,3271,80,,,0,495,,3272,80,,,0,108,,3273,80,,,0,108,,3274,80,,,0,109,,3275,80,,,0,149,,3276,80,,,0,99,,3277,80,,,0,100,,3267,80,,,0,95,,3268,80,,,0,55,,3269,80,,,0
9800,'Semaine-03',724,,3279,80,,,0,103,,3283,80,,,0,105,,3284,80,,,0,506,,3285,80,,,0,105,,3286,80,,,0,105,,3287,80,,,0,104,,3288,80,,,0,105,,3289,80,,,0,98,,3290,80,,,0,100,,3280,80,,,0,90,,3281,80,,,0,90,,3282,80,,,0
11101,'Dimanche-01',901,,917,80,,,0,147,,916,80,,,0,295,,918,80,,,0,289,,919,80,,,0,303,,920,80,,,0
11101,'Fête-1-01',901,,3338,80,,,0,147,,3337,80,,,0,295,,3339,80,,,0,289,,3340,80,,,0,303,,3341,80,,,0
11101,'Samedi-01',901,,949,80,,,0,147,,948,80,,,0,295,,950,80,,,0,289,,951,80,,,0,303,,952,80,,,0
11101,'Semaine-01',632,,965,80,,,0,95,,972,80,,,0,130,,973,80,,,0,95,,970,80,,,0,192,,975,80,,,0,265,,956,80,,,0,120,,959,80,,,0,110,,967,80,,,0,110,,968,80,,,0,94,,969,80,,,0,75,,958,90,,,0,305,,971,80,,,0
11101,'Semaine-02',707,,3353,90,,,0,108,,3356,90,,,0,101,,3357,90,,,0,11,,3355,80,,,0,227,,3359,80,,,0,205,,3345,80,,,0,181,,3346,90,,,0,65,,3348,90,,,0,30,,3349,90,,,0,70,,3350,90,,,0,30,,3351,90,,,0,70,,3352,90,,,0,49,,3354,90,,,0,65,,3347,90,,,0,305,,3361,80,,,0
11101,'Semaine-03',632,,3371,80,,,0,95,,3378,80,,,0,130,,3379,80,,,0,95,,3376,80,,,0,192,,3381,80,,,0,265,,3362,80,,,0,120,,3365,80,,,0,110,,3373,80,,,0,110,,3374,80,,,0,94,,3375,80,,,0,75,,3364,90,,,0,305,,3377,80,,,0
