100,'Dimanche-01',702,,12,790,4,,0,201,,1,790,4,,0,130,,2,790,4,,0,171,,3,790,4,,0,125,,4,790,4,,0,123,,5,790,4,,0,157,,6,790,4,,0,120,,7,790,4,,0,122,,8,790,4,,0,175,,9,790,4,,0,115,,10,790,4,,0,115,,11,790,4,,0
100,'Fête-1-01',702,,2637,790,4,,0,201,,2626,790,4,,0,130,,2627,790,4,,0,171,,2628,790,4,,0,125,,2629,790,4,,0,123,,2630,790,4,,0,157,,2631,790,4,,0,120,,2632,790,4,,0,122,,2633,790,4,,0,175,,2634,790,4,,0,115,,2635,790,4,,0,115,,2636,790,4,,0
100,'Samedi-01',702,,54,790,4,,0,201,,43,790,4,,0,130,,44,790,4,,0,171,,45,790,4,,0,125,,46,790,4,,0,123,,47,790,4,,0,157,,48,790,4,,0,120,,49,790,4,,0,122,,50,790,4,,0,175,,51,790,4,,0,115,,52,790,4,,0,115,,53,790,4,,0
100,'Semaine-01',550,,55,790,4,,0,106,,56,790,4,,0,69,,57,790,4,,0,84,,58,790,4,,0,115,,59,790,4,,0,103,,62,790,4,,0,92,,71,790,4,,0,103,,63,790,4,,0,105,,72,790,4,,0,78,,64,790,4,,0,101,,65,790,4,,0,100,,69,790,4,,0,110,,66,790,4,,0,34,,67,790,4,,0,102,,60,790,4,,0,92,,61,790,4,,0,171,,70,790,4,,0,142,,68,790,4,,0
100,'Semaine-02',553,,2638,790,4,,0,104,,2639,790,4,,0,72,,2640,790,4,,0,84,,2641,790,4,,0,125,,2642,790,4,,0,97,,2645,790,4,,0,68,,2654,790,4,,0,102,,2646,790,4,,0,111,,2655,790,4,,0,95,,2647,790,4,,0,99,,2648,790,4,,0,100,,2652,790,4,,0,110,,2649,790,4,,0,87,,2650,790,4,,0,109,,2643,790,4,,0,86,,2644,790,4,,0,102,,2653,790,4,,0,155,,2651,790,4,,0
100,'Semaine-03',550,,2656,790,4,,0,106,,2657,790,4,,0,69,,2658,790,4,,0,84,,2659,790,4,,0,115,,2660,790,4,,0,103,,2663,790,4,,0,92,,2672,790,4,,0,103,,2664,790,4,,0,105,,2673,790,4,,0,78,,2665,790,4,,0,101,,2666,790,4,,0,100,,2670,790,4,,0,110,,2667,790,4,,0,34,,2668,790,4,,0,102,,2661,790,4,,0,92,,2662,790,4,,0,171,,2671,790,4,,0,142,,2669,790,4,,0
2100,'Semaine-01',608,,240,430,4,,0,30,,241,430,4,,0,73,,242,430,4,,0,38,,243,430,4,,0,70,,244,430,4,,0,36,,245,430,4,,0
2100,'Semaine-02',612,,2782,430,4,,0,30,,2783,430,4,,0,73,,2784,430,4,,0,38,,2785,430,4,,0,70,,2786,430,4,,0,36,,2787,430,4,,0
2100,'Semaine-03',608,,2788,430,4,,0,30,,2789,430,4,,0,73,,2790,430,4,,0,38,,2791,430,4,,0,70,,2792,430,4,,0,36,,2793,430,4,,0
2300,'Semaine-01',609,,295,470,4,,0,27,,296,470,4,,0,17,,297,470,4,,0,75,,298,470,4,,0,26,,299,470,4,,0,61,,300,470,4,,0,21,,301,470,4,,0,20,,302,470,4,,0
2300,'Semaine-02',613,,2836,470,4,,0,27,,2837,470,4,,0,16,,2838,470,4,,0,76,,2839,470,4,,0,22,,2840,470,4,,0,60,,2841,470,4,,0,22,,2842,470,4,,0,64,,2843,470,4,,0
2300,'Semaine-03',609,,2844,470,4,,0,27,,2845,470,4,,0,17,,2846,470,4,,0,75,,2847,470,4,,0,26,,2848,470,4,,0,61,,2849,470,4,,0,21,,2850,470,4,,0,20,,2851,470,4,,0
2500,'Semaine-01',625,,346,450,4,,0,34,,343,470,4,,0,61,,347,450,4,,0,29,,344,470,4,,0,66,,348,450,4,,0,29,,345,470,4,,0
2500,'Semaine-02',630,,2890,450,4,,0,74,,2887,470,4,,0,16,,2891,450,4,,0,34,,2888,470,4,,0,61,,2892,450,4,,0,29,,2889,470,4,,0
2500,'Semaine-03',625,,2896,450,4,,0,34,,2893,470,4,,0,61,,2897,450,4,,0,29,,2894,470,4,,0,66,,2898,450,4,,0,29,,2895,470,4,,0
2600,'Semaine-01',522,,363,420,4,,0,16,,364,430,4,,0
2600,'Semaine-02',523,,2911,420,4,,0,20,,2912,430,4,,0
2600,'Semaine-03',522,,2913,420,4,,0,16,,2914,430,4,,0
3100,'Dimanche-01',742,,492,510,4,,0,260,,493,510,4,,0,238,,491,510,4,,0,163,,484,510,4,,0,120,,485,510,4,,0,118,,486,510,4,,0,118,,487,510,4,,0,159,,488,510,4,,0,127,,489,510,4,,0,260,,483,510,4,,0,213,,490,510,4,,0
3100,'Fête-1-01',631,,3034,510,4,,0,83,,3045,510,4,,0,206,,3046,510,4,,0,125,,3043,510,4,,0,164,,3033,510,4,,0,124,,3044,510,4,,0,124,,3035,510,4,,0,164,,3036,510,4,,0,124,,3037,510,4,,0,164,,3038,510,4,,0,124,,3039,510,4,,0,26,,3040,510,4,,0,256,,3041,510,4,,0,213,,3042,510,4,,0
3100,'Samedi-01',631,,537,510,4,,0,83,,548,510,4,,0,206,,549,510,4,,0,125,,546,510,4,,0,164,,536,510,4,,0,124,,547,510,4,,0,124,,538,510,4,,0,164,,539,510,4,,0,124,,540,510,4,,0,164,,541,510,4,,0,124,,542,510,4,,0,26,,543,510,4,,0,256,,544,510,4,,0,213,,545,510,4,,0
3100,'Semaine-01',645,,574,510,4,,0,80,,550,510,4,,0,82,,560,510,4,,0,41,,575,510,4,,0,80,,569,510,4,,0,80,,570,510,4,,0,37,,571,510,4,,0,79,,577,510,4,,0,84,,572,510,4,,0,43,,573,510,4,,0,83,,551,510,4,,0,83,,552,510,4,,0,42,,553,510,4,,0,84,,554,510,4,,0,84,,555,510,4,,0,85,,556,510,4,,0,46,,557,510,4,,0,82,,558,510,4,,0,84,,559,510,4,,0,82,,561,510,4,,0,42,,562,510,4,,0,79,,563,510,4,,0,80,,564,510,4,,0,37,,565,510,4,,0,80,,566,510,4,,0,80,,567,510,4,,0,40,,568,510,4,,0
3100,'Semaine-02',642,,3071,510,4,,0,81,,3047,510,4,,0,83,,3057,510,4,,0,43,,3072,510,4,,0,82,,3066,510,4,,0,82,,3067,510,4,,0,39,,3068,510,4,,0,80,,3074,510,4,,0,86,,3069,510,4,,0,83,,3070,510,4,,0,43,,3048,510,4,,0,83,,3049,510,4,,0,83,,3050,510,4,,0,45,,3051,510,4,,0,85,,3052,510,4,,0,89,,3053,510,4,,0,86,,3054,510,4,,0,42,,3055,510,4,,0,81,,3056,510,4,,0,80,,3058,510,4,,0,41,,3059,510,4,,0,80,,3060,510,4,,0,81,,3061,510,4,,0,38,,3062,510,4,,0,80,,3063,510,4,,0,80,,3064,510,4,,0,40,,3065,510,4,,0
3100,'Semaine-03',645,,3099,510,4,,0,80,,3075,510,4,,0,82,,3085,510,4,,0,41,,3100,510,4,,0,80,,3094,510,4,,0,80,,3095,510,4,,0,37,,3096,510,4,,0,79,,3102,510,4,,0,84,,3097,510,4,,0,43,,3098,510,4,,0,83,,3076,510,4,,0,83,,3077,510,4,,0,42,,3078,510,4,,0,84,,3079,510,4,,0,84,,3080,510,4,,0,85,,3081,510,4,,0,46,,3082,510,4,,0,82,,3083,510,4,,0,84,,3084,510,4,,0,82,,3086,510,4,,0,42,,3087,510,4,,0,79,,3088,510,4,,0,80,,3089,510,4,,0,37,,3090,510,4,,0,80,,3091,510,4,,0,80,,3092,510,4,,0,40,,3093,510,4,,0
3200,'Dimanche-01',638,,578,520,4,,0,214,,583,520,4,,0,263,,586,520,4,,0,192,,587,520,4,,0,119,,579,520,4,,0,122,,589,520,4,,0,160,,580,520,4,,0,119,,582,520,4,,0,118,,581,520,4,,0,212,,584,520,4,,0,256,,585,520,4,,0
3200,'Fête-1-01',609,,3103,400,4,,0,141,,3109,520,4,,0,77,,3104,520,4,,0,120,,3112,520,4,,0,163,,3113,520,4,,0,124,,3114,520,4,,0,124,,3105,520,4,,0,164,,3116,520,4,,0,124,,3106,520,4,,0,168,,3107,520,4,,0,120,,3108,520,4,,0,273,,3110,520,4,,0,216,,3111,520,4,,0
3200,'Samedi-01',609,,635,400,4,,0,141,,641,520,4,,0,77,,636,520,4,,0,120,,644,520,4,,0,163,,645,520,4,,0,124,,646,520,4,,0,124,,637,520,4,,0,164,,648,520,4,,0,124,,638,520,4,,0,168,,639,520,4,,0,120,,640,520,4,,0,273,,642,520,4,,0,216,,643,520,4,,0
3200,'Semaine-01',709,,674,520,4,,0,42,,649,520,4,,0,80,,677,520,4,,0,80,,660,520,4,,0,40,,668,520,4,,0,77,,669,520,4,,0,81,,670,520,4,,0,41,,671,520,4,,0,83,,672,520,4,,0,83,,673,520,4,,0,43,,650,520,4,,0,82,,651,520,4,,0,84,,652,520,4,,0,86,,676,520,4,,0,17,,653,170,4,,0,28,,654,520,4,,0,58,,678,170,4,,0,24,,655,520,4,,0,20,,679,170,4,,0,65,,656,520,4,,0,84,,657,520,4,,0,40,,658,520,4,,0,83,,659,520,4,,0,80,,661,520,4,,0,40,,662,520,4,,0,80,,663,520,4,,0,80,,664,520,4,,0,40,,665,520,4,,0,80,,666,520,4,,0,80,,667,520,4,,0
3200,'Semaine-02',711,,3142,520,4,,0,44,,3117,520,4,,0,81,,3145,520,4,,0,82,,3128,520,4,,0,38,,3136,520,4,,0,82,,3137,520,4,,0,82,,3138,520,4,,0,83,,3139,520,4,,0,43,,3140,520,4,,0,84,,3141,520,4,,0,83,,3118,520,4,,0,43,,3119,520,4,,0,85,,3120,520,4,,0,87,,3144,520,4,,0,22,,3121,170,4,,0,65,,3122,520,4,,0,22,,3146,170,4,,0,22,,3123,520,4,,0,63,,3147,170,4,,0,22,,3124,520,4,,0,81,,3125,520,4,,0,79,,3126,520,4,,0,42,,3127,520,4,,0,81,,3129,520,4,,0,81,,3130,520,4,,0,41,,3131,520,4,,0,80,,3132,520,4,,0,80,,3133,520,4,,0,40,,3134,520,4,,0,80,,3135,520,4,,0
3200,'Semaine-03',709,,3173,520,4,,0,42,,3148,520,4,,0,80,,3176,520,4,,0,80,,3159,520,4,,0,40,,3167,520,4,,0,77,,3168,520,4,,0,81,,3169,520,4,,0,41,,3170,520,4,,0,83,,3171,520,4,,0,83,,3172,520,4,,0,43,,3149,520,4,,0,82,,3150,520,4,,0,84,,3151,520,4,,0,86,,3175,520,4,,0,17,,3152,170,4,,0,28,,3153,520,4,,0,58,,3177,170,4,,0,24,,3154,520,4,,0,20,,3178,170,4,,0,65,,3155,520,4,,0,84,,3156,520,4,,0,40,,3157,520,4,,0,83,,3158,520,4,,0,80,,3160,520,4,,0,40,,3161,520,4,,0,80,,3162,520,4,,0,80,,3163,520,4,,0,40,,3164,520,4,,0,80,,3165,520,4,,0,80,,3166,520,4,,0
9800,'Semaine-01',710,,855,310,4,,0,102,,843,410,4,,0,104,,847,410,4,,0,105,,848,410,4,,0,505,,849,410,4,,0,105,,850,410,4,,0,105,,851,410,4,,0,105,,852,410,4,,0,102,,853,410,4,,0,97,,854,410,4,,0,94,,844,410,4,,0,90,,845,410,4,,0
9800,'Semaine-02',705,,3278,310,4,,0,104,,3266,410,4,,0,107,,3270,410,4,,0,105,,3271,410,4,,0,499,,3272,410,4,,0,108,,3273,410,4,,0,108,,3274,410,4,,0,110,,3275,410,4,,0,105,,3276,410,4,,0,96,,3277,410,4,,0,97,,3267,410,4,,0,95,,3268,410,4,,0
9800,'Semaine-03',710,,3291,310,4,,0,102,,3279,410,4,,0,104,,3283,410,4,,0,105,,3284,410,4,,0,505,,3285,410,4,,0,105,,3286,410,4,,0,105,,3287,410,4,,0,105,,3288,410,4,,0,102,,3289,410,4,,0,97,,3290,410,4,,0,94,,3280,410,4,,0,90,,3281,410,4,,0
11100,'Dimanche-01',848,,857,540,4,,0,187,,856,540,4,,0,291,,858,540,4,,0,291,,859,540,4,,0,305,,860,540,4,,0
11100,'Fête-1-01',848,,3293,540,4,,0,187,,3292,540,4,,0,291,,3294,540,4,,0,291,,3295,540,4,,0,305,,3296,540,4,,0
11100,'Samedi-01',848,,887,540,4,,0,187,,886,540,4,,0,291,,888,540,4,,0,291,,889,540,4,,0,305,,890,540,4,,0
11100,'Semaine-01',613,,896,540,4,,0,98,,897,540,4,,0,111,,898,540,4,,0,95,,899,540,4,,0,114,,912,540,4,,0,75,,894,540,4,,0,225,,895,540,4,,0,380,,906,540,4,,0,99,,908,540,4,,0,393,,910,470,4,,0
11100,'Semaine-02',603,,3304,540,4,,0,30,,3302,540,4,,0,78,,3305,540,4,,0,30,,3303,540,4,,0,71,,3309,540,4,,0,30,,3310,540,4,,0,65,,3301,540,4,,0,106,,3311,540,4,,0,93,,3315,540,4,,0,233,,3300,540,4,,0,405,,3306,540,4,,0,63,,3308,540,4,,0,31,,3307,540,4,,0,365,,3314,470,4,,0
11100,'Semaine-03',613,,3318,540,4,,0,98,,3319,540,4,,0,111,,3320,540,4,,0,95,,3321,540,4,,0,114,,3334,540,4,,0,75,,3316,540,4,,0,225,,3317,540,4,,0,380,,3328,540,4,,0,99,,3330,540,4,,0,393,,3332,470,4,,0
