'SO-H25-SOGTFS-Dimanche-01',100,65410,4,'',0,20010,4,'',0,16830,4,'',0,13100,4,'',0,16500,4,'',0,12300,4,'',0,11790,4,'',0,16000,4,'',0,12280,4,'',0,17500,4,'',0,11500,4,'',0,11500,4,'',0
'SO-H25-SOGTFS-Fête-1-01',100,65410,4,'',0,20010,4,'',0,16830,4,'',0,13100,4,'',0,16500,4,'',0,12300,4,'',0,11790,4,'',0,16000,4,'',0,12280,4,'',0,17500,4,'',0,11500,4,'',0,11500,4,'',0
'SO-H25-SOGTFS-Fête-2-01',100,54300,4,'',0,10600,4,'',0,6720,4,'',0,4230,4,'',0,15690,4,'',0,9700,4,'',0,9800,4,'',0,10200,4,'',0,9800,4,'',0,9400,4,'',0,5500,4,'',0,14500,4,'',0,10600,4,'',0,3400,4,'',0,9380,4,'',0,9700,4,'',0,16600,4,'',0,14290,4,'',0
'SO-H25-SOGTFS-Samedi-01',100,65410,4,'',0,20010,4,'',0,16830,4,'',0,13100,4,'',0,16500,4,'',0,12300,4,'',0,11790,4,'',0,16000,4,'',0,12280,4,'',0,17500,4,'',0,11500,4,'',0,11500,4,'',0
'SO-H25-SOGTFS-Semaine-01',100,54300,4,'',0,10600,4,'',0,6720,4,'',0,4230,4,'',0,15690,4,'',0,9700,4,'',0,9800,4,'',0,10200,4,'',0,9800,4,'',0,9400,4,'',0,5500,4,'',0,14500,4,'',0,10600,4,'',0,3400,4,'',0,9380,4,'',0,9700,4,'',0,16600,4,'',0,14290,4,'',0
'SO-H25-SOGTFS-Fête-2-01',2100,60010,4,'',0,3600,4,'',0,10230,4,'',0,10700,4,'',0
'SO-H25-SOGTFS-Semaine-01',2100,60010,4,'',0,3500,4,'',0,7300,4,'',0,3130,4,'',0,7500,4,'',0,3100,4,'',0
'SO-H25-SOGTFS-Fête-2-01',2300,60110,4,'',0,5310,4,'',0,9100,4,'',0,8120,4,'',0
'SO-H25-SOGTFS-Semaine-01',2300,60110,4,'',0,2610,4,'',0,2200,4,'',0,7000,4,'',0,2600,4,'',0,6100,4,'',0,2020,4,'',0,2000,4,'',0
'SO-H25-SOGTFS-Fête-2-01',2500,61850,4,'',0,3400,4,'',0,9000,4,'',0,9000,4,'',0
'SO-H25-SOGTFS-Semaine-01',2500,61850,4,'',0,3400,4,'',0,6100,4,'',0,2900,4,'',0,6600,4,'',0,2400,4,'',0
'SO-H25-SOGTFS-Fête-2-01',2600,51500,4,'',0,1650,4,'',0
'SO-H25-SOGTFS-Semaine-01',2600,51500,4,'',0,1650,4,'',0
'SO-H25-SOGTFS-Dimanche-01',3100,73550,4,'',0,21860,4,'',0,27800,4,'',0,12300,4,'',0,16000,4,'',0,11800,4,'',0,11800,4,'',0,15900,4,'',0,12700,4,'',0,22090,4,'',0,25350,4,'',0
'SO-H25-SOGTFS-Fête-1-01',3100,62450,4,'',0,8300,4,'',0,20460,4,'',0,12500,4,'',0,16400,4,'',0,12400,4,'',0,12400,4,'',0,16400,4,'',0,12400,4,'',0,16400,4,'',0,12400,4,'',0,2690,4,'',0,25600,4,'',0,21350,4,'',0
'SO-H25-SOGTFS-Fête-2-01',3100,63800,4,'',0,8000,4,'',0,8200,4,'',0,4010,4,'',0,8000,4,'',0,8000,4,'',0,3700,4,'',0,7900,4,'',0,8400,4,'',0,4300,4,'',0,8300,4,'',0,8300,4,'',0,4200,4,'',0,8400,4,'',0,8400,4,'',0,8500,4,'',0,4600,4,'',0,8290,4,'',0,8400,4,'',0,4200,4,'',0,8200,4,'',0,7900,4,'',0,8000,4,'',0,3750,4,'',0,8000,4,'',0,4000,4,'',0,8000,4,'',0
'SO-H25-SOGTFS-Samedi-01',3100,62450,4,'',0,8300,4,'',0,20460,4,'',0,12500,4,'',0,16400,4,'',0,12400,4,'',0,12400,4,'',0,16400,4,'',0,12400,4,'',0,16400,4,'',0,12400,4,'',0,2690,4,'',0,25600,4,'',0,21350,4,'',0
'SO-H25-SOGTFS-Semaine-01',3100,63800,4,'',0,8000,4,'',0,8200,4,'',0,4010,4,'',0,8000,4,'',0,8000,4,'',0,3700,4,'',0,7900,4,'',0,8400,4,'',0,4300,4,'',0,8300,4,'',0,8300,4,'',0,4200,4,'',0,8400,4,'',0,8400,4,'',0,8500,4,'',0,4600,4,'',0,8290,4,'',0,8400,4,'',0,4200,4,'',0,8200,4,'',0,7900,4,'',0,8000,4,'',0,3750,4,'',0,8000,4,'',0,4000,4,'',0,8000,4,'',0
'SO-H25-SOGTFS-Dimanche-01',3200,63010,4,'',0,21400,4,'',0,26300,4,'',0,15200,4,'',0,15900,4,'',0,12200,4,'',0,16000,4,'',0,11900,4,'',0,11800,4,'',0,21340,4,'',0,25600,4,'',0
'SO-H25-SOGTFS-Fête-1-01',3200,60110,4,'',0,14100,4,'',0,7700,4,'',0,12000,4,'',0,16300,4,'',0,12400,4,'',0,12400,4,'',0,16400,4,'',0,12400,4,'',0,16800,4,'',0,12000,4,'',0,27440,4,'',0,21600,4,'',0
'SO-H25-SOGTFS-Fête-2-01',3200,70200,4,'',0,4110,4,'',0,8000,4,'',0,8000,4,'',0,4000,4,'',0,7700,4,'',0,8100,4,'',0,4100,4,'',0,8300,4,'',0,8300,4,'',0,4300,4,'',0,8200,4,'',0,8310,4,'',0,8600,4,'',0,1790,4,'',0,2710,4,'',0,5890,4,'',0,2400,4,'',0,2000,4,'',0,6500,4,'',0,4400,4,'',0,8140,4,'',0,8300,4,'',0,8000,4,'',0,4000,4,'',0,8000,4,'',0,8000,4,'',0,4000,4,'',0,8000,4,'',0,8000,4,'',0
'SO-H25-SOGTFS-Samedi-01',3200,60110,4,'',0,14100,4,'',0,7700,4,'',0,12000,4,'',0,16300,4,'',0,12400,4,'',0,12400,4,'',0,16400,4,'',0,12400,4,'',0,16800,4,'',0,12000,4,'',0,27440,4,'',0,21600,4,'',0
'SO-H25-SOGTFS-Semaine-01',3200,70200,4,'',0,4110,4,'',0,8000,4,'',0,8000,4,'',0,4000,4,'',0,7700,4,'',0,8100,4,'',0,4100,4,'',0,8300,4,'',0,8300,4,'',0,4300,4,'',0,8200,4,'',0,8310,4,'',0,8600,4,'',0,1790,4,'',0,2710,4,'',0,5890,4,'',0,2400,4,'',0,2000,4,'',0,6500,4,'',0,4400,4,'',0,8140,4,'',0,8300,4,'',0,8000,4,'',0,4000,4,'',0,8000,4,'',0,8000,4,'',0,4000,4,'',0,8000,4,'',0,8000,4,'',0
'SO-H25-SOGTFS-Fête-2-01',9800,65950,4,'',0,14170,4,'',0,9880,4,'',0,10120,4,'',0,52110,4,'',0,9720,4,'',0,10200,4,'',0,10000,4,'',0,9960,4,'',0,9720,4,'',0,9090,4,'',0,5000,4,'',0
'SO-H25-SOGTFS-Semaine-01',9800,65950,4,'',0,14170,4,'',0,9880,4,'',0,10120,4,'',0,52110,4,'',0,9720,4,'',0,10200,4,'',0,10000,4,'',0,9960,4,'',0,9720,4,'',0,9090,4,'',0,5000,4,'',0
'SO-H25-SOGTFS-Dimanche-01',11100,84020,4,'',0,18700,4,'',0,29100,4,'',0,28910,4,'',0,30500,4,'',0
'SO-H25-SOGTFS-Fête-1-01',11100,84020,4,'',0,18700,4,'',0,29100,4,'',0,28910,4,'',0,30500,4,'',0
'SO-H25-SOGTFS-Fête-2-01',11100,62030,4,'',0,3800,4,'',0,5500,4,'',0,1500,4,'',0,3000,4,'',0,7000,4,'',0,3000,4,'',0,10000,4,'',0,37200,4,'',0,8500,4,'',0,53300,4,'',0
'SO-H25-SOGTFS-Samedi-01',11100,84020,4,'',0,18700,4,'',0,29100,4,'',0,28910,4,'',0,30500,4,'',0
'SO-H25-SOGTFS-Semaine-01',11100,60610,4,'',0,10120,4,'',0,10500,4,'',0,9500,4,'',0,10900,4,'',0,8600,4,'',0,21500,4,'',0,34000,4,'',0,10200,4,'',0,39690,4,'',0
