101,'Dimanche-01',800,,73,560,,,0,206,,74,560,,,0,131,,75,560,,,0,173,,76,560,,,0,127,,77,560,,,0,120,,78,560,,,0,160,,79,560,,,0,120,,80,560,,,0,117,,81,560,,,0,174,,82,560,,,0,114,,83,560,,,0,113,,84,560,,,0
101,'Fête-1-01',800,,2674,560,,,0,206,,2675,560,,,0,131,,2676,560,,,0,173,,2677,560,,,0,127,,2678,560,,,0,120,,2679,560,,,0,160,,2680,560,,,0,120,,2681,560,,,0,117,,2682,560,,,0,174,,2683,560,,,0,114,,2684,560,,,0,113,,2685,560,,,0
101,'Samedi-01',800,,115,560,,,0,206,,116,560,,,0,131,,117,560,,,0,173,,118,560,,,0,127,,119,560,,,0,120,,120,560,,,0,160,,121,560,,,0,120,,122,560,,,0,117,,123,560,,,0,174,,124,560,,,0,114,,125,560,,,0,113,,126,560,,,0
101,'Semaine-01',659,,127,560,,,0,141,,136,560,,,0,30,,138,560,,,0,90,,139,560,,,0,111,,140,560,,,0,105,,141,560,,,0,95,,143,560,,,0,104,,142,560,,,0,106,,144,560,,,0,81,,128,560,,,0,105,,129,560,,,0,96,,130,560,,,0,105,,131,560,,,0,74,,132,560,,,0,103,,133,560,,,0,43,,134,560,,,0,173,,135,560,,,0,135,,137,560,,,0
101,'Semaine-02',654,,2686,560,,,0,101,,2695,560,,,0,70,,2697,560,,,0,100,,2698,560,,,0,106,,2699,560,,,0,95,,2700,560,,,0,100,,2702,560,,,0,99,,2701,560,,,0,111,,2703,560,,,0,86,,2687,560,,,0,110,,2688,560,,,0,91,,2689,560,,,0,105,,2690,560,,,0,29,,2691,560,,,0,69,,2692,560,,,0,108,,2693,560,,,0,182,,2694,560,,,0,190,,2696,560,,,0
101,'Semaine-03',659,,2704,560,,,0,141,,2713,560,,,0,30,,2715,560,,,0,90,,2716,560,,,0,111,,2717,560,,,0,105,,2718,560,,,0,95,,2720,560,,,0,104,,2719,560,,,0,106,,2721,560,,,0,81,,2705,560,,,0,105,,2706,560,,,0,96,,2707,560,,,0,105,,2708,560,,,0,74,,2709,560,,,0,103,,2710,560,,,0,43,,2711,560,,,0,173,,2712,560,,,0,135,,2714,560,,,0
2001,'Dimanche-01',732,,190,60,,,0,124,,191,60,,,0,166,,192,60,,,0,125,,193,60,,,0,165,,194,60,,,0,125,,195,60,,,0,165,,196,60,,,0,125,,197,60,,,0
2001,'Fête-1-01',732,,2752,60,,,0,124,,2753,60,,,0,166,,2754,60,,,0,125,,2755,60,,,0,165,,2756,60,,,0,125,,2757,60,,,0,165,,2758,60,,,0,125,,2759,60,,,0
2001,'Samedi-01',732,,215,60,,,0,124,,216,60,,,0,166,,217,60,,,0,125,,218,60,,,0,165,,219,60,,,0,125,,220,60,,,0,165,,221,60,,,0,125,,222,60,,,0
2001,'Semaine-01',717,,223,60,,,0,125,,224,60,,,0,165,,225,60,,,0,126,,226,60,,,0,126,,227,60,,,0,165,,228,60,,,0,126,,229,60,,,0,166,,230,60,,,0,126,,231,60,,,0
2001,'Semaine-01-0001100',2005,,233,60,,,0,124,,232,60,,,0
2001,'Semaine-02',717,,2760,60,,,0,125,,2761,60,,,0,165,,2762,60,,,0,126,,2763,60,,,0,126,,2764,60,,,0,165,,2765,60,,,0,126,,2766,60,,,0,166,,2767,60,,,0,126,,2768,60,,,0
2001,'Semaine-02-0001100',2005,,2770,60,,,0,124,,2769,60,,,0
2001,'Semaine-03',717,,2771,60,,,0,125,,2772,60,,,0,165,,2773,60,,,0,126,,2774,60,,,0,126,,2775,60,,,0,165,,2776,60,,,0,126,,2777,60,,,0,166,,2778,60,,,0,126,,2779,60,,,0
2001,'Semaine-03-0001100',2005,,2781,60,,,0,124,,2780,60,,,0
2801,'Semaine-01',1711,,443,450,0,7,0,39,,442,450,,,0,68,,444,450,0,7,0
2801,'Semaine-02',1656,,2980,450,0,7,0,99,,2979,450,,,0,67,,2981,450,0,7,0
2801,'Semaine-03',1711,,2994,450,0,7,0,39,,2993,450,,,0,68,,2995,450,0,7,0
