101,'Dimanche-01',739,,73,250,,,0,205,,74,250,,,0,171,,75,250,,,0,133,,76,250,,,0,167,,77,250,,,0,120,,78,250,,,0,120,,79,250,,,0,160,,80,250,,,0,117,,81,250,,,0,174,,82,250,,,0,114,,83,250,,,0,114,,84,250,,,0
101,'Fête-1-01',739,,2674,250,,,0,205,,2675,250,,,0,171,,2676,250,,,0,133,,2677,250,,,0,167,,2678,250,,,0,120,,2679,250,,,0,120,,2680,250,,,0,160,,2681,250,,,0,117,,2682,250,,,0,174,,2683,250,,,0,114,,2684,250,,,0,114,,2685,250,,,0
101,'Samedi-01',739,,115,250,,,0,205,,116,250,,,0,171,,117,250,,,0,133,,118,250,,,0,167,,119,250,,,0,120,,120,250,,,0,120,,121,250,,,0,160,,122,250,,,0,117,,123,250,,,0,174,,124,250,,,0,114,,125,250,,,0,114,,126,250,,,0
101,'Semaine-01',638,,127,250,,,0,100,,136,250,,,0,70,,138,250,,,0,50,,139,250,,,0,151,,140,250,,,0,105,,141,250,,,0,95,,143,250,,,0,103,,142,250,,,0,106,,144,250,,,0,41,,128,250,,,0,143,,129,250,,,0,56,,130,250,,,0,147,,131,250,,,0,34,,132,250,,,0,103,,133,250,,,0,84,,134,250,,,0,174,,135,250,,,0,135,,137,250,,,0
101,'Semaine-02',633,,2686,250,,,0,100,,2695,250,,,0,70,,2697,250,,,0,100,,2698,250,,,0,106,,2699,250,,,0,95,,2700,250,,,0,100,,2702,250,,,0,98,,2701,250,,,0,111,,2703,250,,,0,46,,2687,250,,,0,148,,2688,250,,,0,51,,2689,250,,,0,147,,2690,250,,,0,29,,2691,250,,,0,69,,2692,250,,,0,108,,2693,250,,,0,144,,2694,250,,,0,190,,2696,250,,,0
101,'Semaine-03',638,,2704,250,,,0,100,,2713,250,,,0,70,,2715,250,,,0,50,,2716,250,,,0,151,,2717,250,,,0,105,,2718,250,,,0,95,,2720,250,,,0,103,,2719,250,,,0,106,,2721,250,,,0,41,,2705,250,,,0,143,,2706,250,,,0,56,,2707,250,,,0,147,,2708,250,,,0,34,,2709,250,,,0,103,,2710,250,,,0,84,,2711,250,,,0,174,,2712,250,,,0,135,,2714,250,,,0
2301,'Semaine-01',1559,,310,260,,,0,65,,311,260,,,0,30,,312,260,,,0,70,,313,260,,,0,28,,314,260,,,0,69,,315,260,,,0,30,,316,260,,,0
2301,'Semaine-02',1559,,2852,260,,,0,65,,2853,260,,,0,30,,2854,260,,,0,70,,2855,260,,,0,23,,2856,260,,,0,74,,2857,260,,,0,30,,2858,260,,,0
2301,'Semaine-03',1559,,2859,260,,,0,65,,2860,260,,,0,30,,2861,260,,,0,70,,2862,260,,,0,28,,2863,260,,,0,69,,2864,260,,,0,30,,2865,260,,,0
2401,'Semaine-01',1646,,332,160,,,0,85,,333,160,,,0,85,,336,160,,,0,21,,335,160,,,0,64,,334,160,,,0
2401,'Semaine-02',1611,,2877,160,,,0,47,,2878,160,,,0,86,,2881,160,,,0,85,,2880,160,,,0,82,,2879,160,,,0
2401,'Semaine-03',1646,,2882,160,,,0,85,,2883,160,,,0,85,,2886,160,,,0,21,,2885,160,,,0,64,,2884,160,,,0
2801,'Semaine-01',1403,,445,190,0,6,0,150,,451,190,0,6,0,56,,454,190,0,6,0,15,,458,190,0,6,0,17,,455,190,0,6,0,15,,443,190,0,7,0,50,,457,190,0,6,0,10,,446,190,0,6,0,9,,447,190,0,6,0,10,,442,190,,,0,10,,448,190,0,6,0,8,,449,190,0,6,0,50,,444,190,0,7,0,14,,450,190,0,6,0,10,,452,190,0,6,0,25,,453,190,0,6,0
2801,'Semaine-02',1403,,2982,190,0,6,0,150,,2986,190,0,6,0,56,,2989,190,0,6,0,15,,2992,190,0,6,0,17,,2980,190,0,7,0,15,,2990,190,0,6,0,55,,2991,190,0,6,0,14,,2983,190,0,6,0,15,,2979,190,,,0,13,,2984,190,0,6,0,54,,2981,190,0,7,0,15,,2985,190,0,6,0,10,,2987,190,0,6,0,20,,2988,190,0,6,0
2801,'Semaine-03',1403,,2996,190,0,6,0,150,,3002,190,0,6,0,56,,3005,190,0,6,0,15,,3008,190,0,6,0,17,,3006,190,0,6,0,15,,2994,190,0,7,0,50,,3007,190,0,6,0,10,,2997,190,0,6,0,9,,2998,190,0,6,0,10,,2993,190,,,0,10,,2999,190,0,6,0,8,,3000,190,0,6,0,50,,2995,190,0,7,0,14,,3001,190,0,6,0,10,,3003,190,0,6,0,25,,3004,190,0,6,0
3300,'Dimanche-01',545,,682,130,,,0,82,,680,130,,,0,90,,691,130,,,0,41,,701,130,,,0,83,,703,130,,,0,93,,704,130,,,0,80,,705,130,,,0,40,,706,130,,,0,80,,707,130,,,0,80,,683,130,,,0,40,,684,130,,,0,79,,685,130,,,0,80,,686,130,,,0,40,,687,130,,,0,79,,688,130,,,0,79,,689,130,,,0,39,,690,130,,,0,79,,692,130,,,0,79,,693,130,,,0,40,,694,130,,,0,87,,695,130,,,0,85,,696,130,,,0,86,,697,130,,,0,47,,698,130,,,0,86,,699,130,,,0,83,,700,130,,,0,88,,681,130,,,0,43,,702,130,,,0,159,,708,130,0,8 6,0
3300,'Fête-1-01',605,,3181,130,,,0,41,,3179,130,,,0,81,,3190,130,,,0,82,,3200,130,,,0,42,,3202,130,,,0,84,,3203,130,,,0,81,,3204,130,,,0,42,,3205,130,,,0,82,,3206,130,,,0,82,,3182,130,,,0,82,,3183,130,,,0,42,,3184,130,,,0,82,,3185,130,,,0,82,,3186,130,,,0,42,,3187,130,,,0,82,,3188,130,,,0,82,,3189,130,,,0,85,,3191,130,,,0,39,,3192,130,,,0,82,,3193,130,,,0,82,,3194,130,,,0,39,,3195,130,,,0,82,,3196,130,,,0,81,,3197,130,,,0,42,,3198,130,,,0,83,,3199,130,,,0,86,,3201,130,,,0,86,,3180,130,,,0,113,,3207,130,0,8 6,0
3300,'Samedi-01',605,,769,130,,,0,41,,767,130,,,0,81,,778,130,,,0,82,,788,130,,,0,42,,790,130,,,0,84,,791,130,,,0,81,,792,130,,,0,42,,793,130,,,0,82,,794,130,,,0,82,,770,130,,,0,82,,771,130,,,0,42,,772,130,,,0,82,,773,130,,,0,82,,774,130,,,0,42,,775,130,,,0,82,,776,130,,,0,82,,777,130,,,0,85,,779,130,,,0,39,,780,130,,,0,82,,781,130,,,0,82,,782,130,,,0,39,,783,130,,,0,82,,784,130,,,0,81,,785,130,,,0,42,,786,130,,,0,83,,787,130,,,0,86,,789,130,,,0,86,,768,130,,,0,113,,795,130,0,8 6,0
3300,'Semaine-01',612,,796,130,,,0,40,,824,130,,,0,81,,805,130,,,0,80,,815,130,,,0,40,,818,130,,,0,79,,819,130,,,0,80,,820,130,,,0,42,,821,130,,,0,81,,822,130,,,0,83,,797,130,,,0,83,,798,130,,,0,43,,799,130,,,0,82,,800,130,,,0,83,,801,130,,,0,46,,802,130,,,0,85,,803,130,,,0,85,,804,130,,,0,84,,806,130,,,0,43,,807,130,,,0,83,,808,130,,,0,82,,809,130,,,0,40,,810,130,,,0,80,,811,130,,,0,80,,812,130,,,0,40,,813,130,,,0,80,,814,130,,,0,80,,816,130,,,0,40,,817,130,,,0,96,,823,80,0,8 6,0
3300,'Semaine-02',607,,3208,130,,,0,41,,3236,130,,,0,82,,3217,130,,,0,82,,3227,130,,,0,42,,3230,130,,,0,81,,3231,130,,,0,82,,3232,130,,,0,83,,3233,130,,,0,43,,3234,130,,,0,83,,3209,130,,,0,83,,3210,130,,,0,43,,3211,130,,,0,83,,3212,130,,,0,85,,3213,130,,,0,87,,3214,130,,,0,47,,3215,130,,,0,85,,3216,130,,,0,84,,3218,130,,,0,81,,3219,130,,,0,41,,3220,130,,,0,81,,3221,130,,,0,81,,3222,130,,,0,41,,3223,130,,,0,81,,3224,130,,,0,80,,3225,130,,,0,40,,3226,130,,,0,80,,3228,130,,,0,80,,3229,130,,,0,45,,3235,80,0,8 6,0
3300,'Semaine-03',612,,3237,130,,,0,40,,3265,130,,,0,81,,3246,130,,,0,80,,3256,130,,,0,40,,3259,130,,,0,79,,3260,130,,,0,80,,3261,130,,,0,42,,3262,130,,,0,81,,3263,130,,,0,83,,3238,130,,,0,83,,3239,130,,,0,43,,3240,130,,,0,82,,3241,130,,,0,83,,3242,130,,,0,46,,3243,130,,,0,85,,3244,130,,,0,85,,3245,130,,,0,84,,3247,130,,,0,43,,3248,130,,,0,83,,3249,130,,,0,82,,3250,130,,,0,40,,3251,130,,,0,80,,3252,130,,,0,80,,3253,130,,,0,40,,3254,130,,,0,80,,3255,130,,,0,80,,3257,130,,,0,40,,3258,130,,,0,96,,3264,80,0,8 6,0
