100,'Dimanche-01',607,,12,200,,,0,200,,1,200,,,0,125,,2,200,,,0,170,,3,200,,,0,125,,4,200,,,0,124,,5,200,,,0,160,,6,200,,,0,120,,7,200,,,0,124,,8,200,,,0,175,,9,200,,,0,115,,10,200,,,0,155,,11,200,,,0
100,'Fête-1-01',607,,2637,200,,,0,200,,2626,200,,,0,125,,2627,200,,,0,170,,2628,200,,,0,125,,2629,200,,,0,124,,2630,200,,,0,160,,2631,200,,,0,120,,2632,200,,,0,124,,2633,200,,,0,175,,2634,200,,,0,115,,2635,200,,,0,155,,2636,200,,,0
100,'Samedi-01',607,,54,200,,,0,200,,43,200,,,0,125,,44,200,,,0,170,,45,200,,,0,125,,46,200,,,0,124,,47,200,,,0,160,,48,200,,,0,120,,49,200,,,0,124,,50,200,,,0,175,,51,200,,,0,115,,52,200,,,0,155,,53,200,,,0
100,'Semaine-01',451,,55,200,,,0,103,,56,200,,,0,65,,57,200,,,0,81,,58,200,,,0,119,,59,200,,,0,105,,62,200,,,0,94,,71,200,,,0,101,,63,200,,,0,100,,72,200,,,0,38,,64,200,,,0,102,,65,200,,,0,100,,69,200,,,0,150,,66,200,,,0,35,,67,200,,,0,108,,60,200,,,0,95,,61,200,,,0,173,,70,200,,,0,185,,68,200,,,0
100,'Semaine-02',449,,2638,200,,,0,100,,2639,200,,,0,70,,2640,200,,,0,81,,2641,200,,,0,129,,2642,200,,,0,99,,2645,200,,,0,30,,2654,200,,,0,100,,2646,200,,,0,146,,2655,200,,,0,55,,2647,200,,,0,100,,2648,200,,,0,100,,2652,200,,,0,150,,2649,200,,,0,49,,2650,200,,,0,154,,2643,200,,,0,90,,2644,200,,,0,103,,2653,200,,,0,197,,2651,200,,,0
100,'Semaine-03',451,,2656,200,,,0,103,,2657,200,,,0,65,,2658,200,,,0,81,,2659,200,,,0,119,,2660,200,,,0,105,,2663,200,,,0,94,,2672,200,,,0,101,,2664,200,,,0,100,,2673,200,,,0,38,,2665,200,,,0,102,,2666,200,,,0,100,,2670,200,,,0,150,,2667,200,,,0,35,,2668,200,,,0,108,,2661,200,,,0,95,,2662,200,,,0,173,,2671,200,,,0,185,,2669,200,,,0
2000,'Dimanche-01',705,,146,250,,,0,12,,146,490,,,0,112,,147,250,,,0,12,,147,490,,,0,114,,148,250,,,0,52,,148,490,,,0,113,,149,250,,,0,12,,149,490,,,0,113,,150,250,,,0,12,,150,490,,,0,152,,151,250,,,0,12,,151,490,,,0,113,,152,250,,,0,12,,152,490,,,0,113,,153,250,,,0,52,,153,490,,,0
2000,'Fête-1-01',705,,2722,250,,,0,12,,2722,490,,,0,112,,2723,250,,,0,12,,2723,490,,,0,114,,2724,250,,,0,52,,2724,490,,,0,113,,2725,250,,,0,12,,2725,490,,,0,113,,2726,250,,,0,12,,2726,490,,,0,152,,2727,250,,,0,12,,2727,490,,,0,113,,2728,250,,,0,12,,2728,490,,,0,113,,2729,250,,,0,52,,2729,490,,,0
2000,'Samedi-01',705,,171,250,,,0,12,,171,490,,,0,112,,172,250,,,0,12,,172,490,,,0,114,,173,250,,,0,52,,173,490,,,0,113,,174,250,,,0,12,,174,490,,,0,113,,175,250,,,0,12,,175,490,,,0,152,,176,250,,,0,12,,176,490,,,0,113,,177,250,,,0,12,,177,490,,,0,113,,178,250,,,0,52,,178,490,,,0
2000,'Semaine-01',648,,179,240,,,0,52,,179,480,,,0,113,,180,240,,,0,12,,180,480,,,0,113,,181,240,,,0,12,,181,480,,,0,154,,182,240,,,0,12,,182,480,,,0,114,,183,240,,,0,12,,183,480,,,0,113,,184,240,,,0,52,,184,480,,,0,114,,185,240,,,0,12,,185,480,,,0,114,,186,240,,,0,12,,186,480,,,0,154,,187,240,,,0,12,,187,480,,,0
2000,'Semaine-01-0001100',1938,,189,240,,,0,12,,189,480,,,0,152,,188,240,,,0,12,,188,480,,,0
2000,'Semaine-02',648,,2730,240,,,0,52,,2730,480,,,0,113,,2731,240,,,0,12,,2731,480,,,0,113,,2732,240,,,0,12,,2732,480,,,0,154,,2733,240,,,0,12,,2733,480,,,0,114,,2734,240,,,0,12,,2734,480,,,0,113,,2735,240,,,0,52,,2735,480,,,0,114,,2736,240,,,0,12,,2736,480,,,0,114,,2737,240,,,0,12,,2737,480,,,0,154,,2738,240,,,0,12,,2738,480,,,0
2000,'Semaine-02-0001100',1938,,2740,240,,,0,12,,2740,480,,,0,152,,2739,240,,,0,12,,2739,480,,,0
2000,'Semaine-03',648,,2741,240,,,0,52,,2741,480,,,0,113,,2742,240,,,0,12,,2742,480,,,0,113,,2743,240,,,0,12,,2743,480,,,0,154,,2744,240,,,0,12,,2744,480,,,0,114,,2745,240,,,0,12,,2745,480,,,0,113,,2746,240,,,0,52,,2746,480,,,0,114,,2747,240,,,0,12,,2747,480,,,0,114,,2748,240,,,0,12,,2748,480,,,0,154,,2749,240,,,0,12,,2749,480,,,0
2000,'Semaine-03-0001100',1938,,2751,240,,,0,12,,2751,480,,,0,152,,2750,240,,,0,12,,2750,480,,,0
2800,'Semaine-01',527,,414,30,,,0,85,,413,70,,,0,20,,415,30,,,0
2800,'Semaine-02',527,,2954,30,,,0,85,,2953,70,,,0,15,,2955,30,,,0
2800,'Semaine-03',527,,2966,30,,,0,85,,2965,70,,,0,20,,2967,30,,,0
