100,'Dimanche-01',609,,12,250,,,0,200,,1,250,,,0,125,,2,250,,,0,170,,3,250,,,0,125,,4,250,,,0,124,,5,250,,,0,160,,6,250,,,0,120,,7,250,,,0,124,,8,250,,,0,175,,9,250,,,0,115,,10,250,,,0,155,,11,250,,,0
100,'Fête-1-01',609,,2637,250,,,0,200,,2626,250,,,0,125,,2627,250,,,0,170,,2628,250,,,0,125,,2629,250,,,0,124,,2630,250,,,0,160,,2631,250,,,0,120,,2632,250,,,0,124,,2633,250,,,0,175,,2634,250,,,0,115,,2635,250,,,0,155,,2636,250,,,0
100,'Samedi-01',609,,54,250,,,0,200,,43,250,,,0,125,,44,250,,,0,170,,45,250,,,0,125,,46,250,,,0,124,,47,250,,,0,160,,48,250,,,0,120,,49,250,,,0,124,,50,250,,,0,175,,51,250,,,0,115,,52,250,,,0,155,,53,250,,,0
100,'Semaine-01',453,,55,250,,,0,103,,56,250,,,0,65,,57,250,,,0,81,,58,250,,,0,119,,59,250,,,0,105,,62,250,,,0,94,,71,250,,,0,101,,63,250,,,0,100,,72,250,,,0,38,,64,250,,,0,142,,65,250,,,0,100,,69,250,,,0,110,,66,250,,,0,35,,67,250,,,0,108,,60,250,,,0,95,,61,250,,,0,173,,70,250,,,0,185,,68,250,,,0
100,'Semaine-02',451,,2638,250,,,0,100,,2639,250,,,0,70,,2640,250,,,0,81,,2641,250,,,0,129,,2642,250,,,0,99,,2645,250,,,0,70,,2654,250,,,0,100,,2646,250,,,0,106,,2655,250,,,0,95,,2647,250,,,0,100,,2648,250,,,0,100,,2652,250,,,0,110,,2649,250,,,0,89,,2650,250,,,0,114,,2643,250,,,0,90,,2644,250,,,0,103,,2653,250,,,0,197,,2651,250,,,0
100,'Semaine-03',453,,2656,250,,,0,103,,2657,250,,,0,65,,2658,250,,,0,81,,2659,250,,,0,119,,2660,250,,,0,105,,2663,250,,,0,94,,2672,250,,,0,101,,2664,250,,,0,100,,2673,250,,,0,38,,2665,250,,,0,142,,2666,250,,,0,100,,2670,250,,,0,110,,2667,250,,,0,35,,2668,250,,,0,108,,2661,250,,,0,95,,2662,250,,,0,173,,2671,250,,,0,185,,2669,250,,,0
2000,'Dimanche-01',719,,146,540,,,0,124,,147,540,,,0,166,,148,540,,,0,125,,149,540,,,0,125,,150,540,,,0,164,,151,540,,,0,125,,152,540,,,0,165,,153,540,,,0
2000,'Fête-1-01',719,,2722,540,,,0,124,,2723,540,,,0,166,,2724,540,,,0,125,,2725,540,,,0,125,,2726,540,,,0,164,,2727,540,,,0,125,,2728,540,,,0,165,,2729,540,,,0
2000,'Samedi-01',719,,171,540,,,0,124,,172,540,,,0,166,,173,540,,,0,125,,174,540,,,0,125,,175,540,,,0,164,,176,540,,,0,125,,177,540,,,0,165,,178,540,,,0
2000,'Semaine-01',702,,179,530,,,0,125,,180,530,,,0,125,,181,530,,,0,166,,182,530,,,0,126,,183,530,,,0,165,,184,530,,,0,126,,185,530,,,0,166,,186,530,,,0,126,,187,530,,,0
2000,'Semaine-01-0001100',1952,,189,530,,,0,164,,188,530,,,0
2000,'Semaine-02',702,,2730,530,,,0,125,,2731,530,,,0,125,,2732,530,,,0,166,,2733,530,,,0,126,,2734,530,,,0,165,,2735,530,,,0,126,,2736,530,,,0,166,,2737,530,,,0,126,,2738,530,,,0
2000,'Semaine-02-0001100',1952,,2740,530,,,0,164,,2739,530,,,0
2000,'Semaine-03',702,,2741,530,,,0,125,,2742,530,,,0,125,,2743,530,,,0,166,,2744,530,,,0,126,,2745,530,,,0,165,,2746,530,,,0,126,,2747,530,,,0,166,,2748,530,,,0,126,,2749,530,,,0
2000,'Semaine-03-0001100',1952,,2751,530,,,0,164,,2750,530,,,0
2800,'Semaine-01',529,,414,80,,,0,85,,413,120,,,0,20,,415,80,,,0
2800,'Semaine-02',529,,2954,80,,,0,85,,2953,120,,,0,15,,2955,80,,,0
2800,'Semaine-03',529,,2966,80,,,0,85,,2965,120,,,0,20,,2967,80,,,0
