100,'Dimanche-01',635,,12,580,,,0,200,,1,580,,,0,167,,2,580,,,0,130,,3,580,,,0,125,,4,580,,,0,163,,5,580,,,0,118,,6,580,,,0,120,,7,580,,,0,163,,8,580,,,0,135,,9,580,,,0,155,,10,580,,,0,115,,11,580,,,0
100,'Fête-1-01',635,,2637,580,,,0,200,,2626,580,,,0,167,,2627,580,,,0,130,,2628,580,,,0,125,,2629,580,,,0,163,,2630,580,,,0,118,,2631,580,,,0,120,,2632,580,,,0,163,,2633,580,,,0,135,,2634,580,,,0,155,,2635,580,,,0,115,,2636,580,,,0
100,'Samedi-01',635,,54,580,,,0,200,,43,580,,,0,167,,44,580,,,0,130,,45,580,,,0,125,,46,580,,,0,163,,47,580,,,0,118,,48,580,,,0,120,,49,580,,,0,163,,50,580,,,0,135,,51,580,,,0,155,,52,580,,,0,115,,53,580,,,0
100,'Semaine-01',522,,55,580,,,0,104,,56,580,,,0,26,,57,580,,,0,82,,58,580,,,0,118,,59,580,,,0,104,,62,580,,,0,94,,71,580,,,0,101,,63,580,,,0,101,,72,580,,,0,78,,64,580,,,0,102,,65,580,,,0,100,,69,580,,,0,110,,66,580,,,0,75,,67,580,,,0,105,,60,580,,,0,92,,61,580,,,0,132,,70,580,,,0,184,,68,580,,,0
100,'Semaine-02',520,,2638,580,,,0,102,,2639,580,,,0,30,,2640,580,,,0,82,,2641,580,,,0,168,,2642,580,,,0,98,,2645,580,,,0,30,,2654,580,,,0,100,,2646,580,,,0,107,,2655,580,,,0,95,,2647,580,,,0,100,,2648,580,,,0,100,,2652,580,,,0,110,,2649,580,,,0,89,,2650,580,,,0,111,,2643,580,,,0,87,,2644,580,,,0,102,,2653,580,,,0,196,,2651,580,,,0
100,'Semaine-03',522,,2656,580,,,0,104,,2657,580,,,0,26,,2658,580,,,0,82,,2659,580,,,0,118,,2660,580,,,0,104,,2663,580,,,0,94,,2672,580,,,0,101,,2664,580,,,0,101,,2673,580,,,0,78,,2665,580,,,0,102,,2666,580,,,0,100,,2670,580,,,0,110,,2667,580,,,0,75,,2668,580,,,0,105,,2661,580,,,0,92,,2662,580,,,0,132,,2671,580,,,0,184,,2669,580,,,0
2600,'Semaine-01',500,,363,220,,,0,16,,364,230,,,0
2600,'Semaine-02',500,,2911,220,,,0,16,,2912,230,,,0
2600,'Semaine-03',500,,2913,220,,,0,16,,2914,230,,,0
2800,'Semaine-01',512,,417,110,,,0,20,,416,110,,,0,15,,414,350,,,0,55,,428,110,,,0,15,,425,110,,,0,15,,413,390,,,0,10,,426,110,,,0,10,,415,350,,,0,51,,427,110,,,0,10,,418,110,,,0,10,,419,110,,,0,15,,420,110,,,0,15,,422,110,,,0,60,,423,110,,,0
2800,'Semaine-02',512,,2957,110,,,0,20,,2956,110,,,0,15,,2954,350,,,0,55,,2963,110,,,0,15,,2964,110,,,0,15,,2953,390,,,0,15,,2955,350,,,0,56,,2958,110,,,0,15,,2959,110,,,0,15,,2960,110,,,0,20,,2961,110,,,0,60,,2962,110,,,0
2800,'Semaine-03',512,,2969,110,,,0,20,,2968,110,,,0,15,,2966,350,,,0,55,,2978,110,,,0,15,,2975,110,,,0,15,,2965,390,,,0,10,,2976,110,,,0,10,,2967,350,,,0,51,,2977,110,,,0,10,,2970,110,,,0,10,,2971,110,,,0,15,,2972,110,,,0,15,,2973,110,,,0,60,,2974,110,,,0
3200,'Dimanche-01',604,,578,210,,,0,214,,583,210,,,0,223,,586,210,,,0,192,,587,210,,,0,119,,579,210,,,0,162,,589,210,,,0,120,,580,210,,,0,119,,582,210,,,0,158,,581,210,,,0,215,,584,210,,,0,216,,585,210,,,0,213,,588,210,0,6,0
3200,'Fête-1-01',535,,3103,90,,,0,181,,3109,210,,,0,37,,3104,210,,,0,160,,3112,210,,,0,123,,3113,210,,,0,164,,3114,210,,,0,124,,3105,210,,,0,124,,3116,210,,,0,164,,3106,210,,,0,128,,3107,210,,,0,160,,3108,210,,,0,236,,3110,210,,,0,216,,3111,210,,,0,207,,3115,210,0,6,0
3200,'Samedi-01',535,,635,90,,,0,181,,641,210,,,0,37,,636,210,,,0,160,,644,210,,,0,123,,645,210,,,0,164,,646,210,,,0,124,,637,210,,,0,124,,648,210,,,0,164,,638,210,,,0,128,,639,210,,,0,160,,640,210,,,0,236,,642,210,,,0,216,,643,210,,,0,207,,647,210,0,6,0
3200,'Semaine-01',631,,674,210,,,0,80,,649,210,,,0,40,,677,210,,,0,80,,660,210,,,0,80,,668,210,,,0,41,,669,210,,,0,81,,670,210,,,0,81,,671,210,,,0,43,,672,210,,,0,83,,673,210,,,0,83,,650,210,,,0,82,,651,210,,,0,42,,652,210,,,0,85,,676,210,,,0,85,,654,210,,,0,84,,655,210,,,0,46,,656,210,,,0,85,,657,210,,,0,82,,658,210,,,0,43,,659,210,,,0,81,,661,210,,,0,80,,662,210,,,0,40,,663,210,,,0,80,,664,210,,,0,80,,665,210,,,0,40,,666,210,,,0,80,,667,210,,,0,112,,675,210,4,,0
3200,'Semaine-02',630,,3142,210,,,0,81,,3117,210,,,0,42,,3145,210,,,0,82,,3128,210,,,0,83,,3136,210,,,0,82,,3137,210,,,0,42,,3138,210,,,0,83,,3139,210,,,0,83,,3140,210,,,0,43,,3141,210,,,0,83,,3118,210,,,0,83,,3119,210,,,0,84,,3120,210,,,0,46,,3144,210,,,0,87,,3122,210,,,0,86,,3123,210,,,0,85,,3124,210,,,0,42,,3125,210,,,0,81,,3126,210,,,0,81,,3127,210,,,0,42,,3129,210,,,0,81,,3130,210,,,0,81,,3131,210,,,0,40,,3132,210,,,0,80,,3133,210,,,0,80,,3134,210,,,0,40,,3135,210,,,0,98,,3143,210,4,,0
3200,'Semaine-03',631,,3173,210,,,0,80,,3148,210,,,0,40,,3176,210,,,0,80,,3159,210,,,0,80,,3167,210,,,0,41,,3168,210,,,0,81,,3169,210,,,0,81,,3170,210,,,0,43,,3171,210,,,0,83,,3172,210,,,0,83,,3149,210,,,0,82,,3150,210,,,0,42,,3151,210,,,0,85,,3175,210,,,0,85,,3153,210,,,0,84,,3154,210,,,0,46,,3155,210,,,0,85,,3156,210,,,0,82,,3157,210,,,0,43,,3158,210,,,0,81,,3160,210,,,0,80,,3161,210,,,0,40,,3162,210,,,0,80,,3163,210,,,0,80,,3164,210,,,0,40,,3165,210,,,0,80,,3166,210,,,0,112,,3174,210,4,,0
