101,'Dimanche-01',717,,73,70,,,0,205,,74,70,,,0,130,,75,70,,,0,171,,76,70,,,0,125,,77,70,,,0,160,,78,70,,,0,120,,79,70,,,0,120,,80,70,,,0,159,,81,70,,,0,135,,82,70,,,0,115,,83,70,,,0,155,,84,70,,,0
101,'Fête-1-01',717,,2674,70,,,0,205,,2675,70,,,0,130,,2676,70,,,0,171,,2677,70,,,0,125,,2678,70,,,0,160,,2679,70,,,0,120,,2680,70,,,0,120,,2681,70,,,0,159,,2682,70,,,0,135,,2683,70,,,0,115,,2684,70,,,0,155,,2685,70,,,0
101,'Samedi-01',717,,115,70,,,0,205,,116,70,,,0,130,,117,70,,,0,171,,118,70,,,0,125,,119,70,,,0,160,,120,70,,,0,120,,121,70,,,0,120,,122,70,,,0,159,,123,70,,,0,135,,124,70,,,0,115,,125,70,,,0,155,,126,70,,,0
101,'Semaine-01',613,,127,70,,,0,100,,136,70,,,0,30,,138,70,,,0,90,,139,70,,,0,111,,140,70,,,0,105,,141,70,,,0,95,,143,70,,,0,100,,142,70,,,0,105,,144,70,,,0,80,,128,70,,,0,100,,129,70,,,0,100,,130,70,,,0,110,,131,70,,,0,75,,132,70,,,0,104,,133,70,,,0,84,,134,70,,,0,135,,135,70,,,0,175,,137,70,,,0
101,'Semaine-02',608,,2686,70,,,0,100,,2695,70,,,0,30,,2697,70,,,0,100,,2698,70,,,0,106,,2699,70,,,0,95,,2700,70,,,0,100,,2702,70,,,0,95,,2701,70,,,0,110,,2703,70,,,0,85,,2687,70,,,0,105,,2688,70,,,0,95,,2689,70,,,0,110,,2690,70,,,0,70,,2691,70,,,0,29,,2692,70,,,0,109,,2693,70,,,0,185,,2694,70,,,0,190,,2696,70,,,0
101,'Semaine-03',613,,2704,70,,,0,100,,2713,70,,,0,30,,2715,70,,,0,90,,2716,70,,,0,111,,2717,70,,,0,105,,2718,70,,,0,95,,2720,70,,,0,100,,2719,70,,,0,105,,2721,70,,,0,80,,2705,70,,,0,100,,2706,70,,,0,100,,2707,70,,,0,110,,2708,70,,,0,75,,2709,70,,,0,104,,2710,70,,,0,84,,2711,70,,,0,135,,2712,70,,,0,175,,2714,70,,,0
2101,'Semaine-01',646,,260,70,0,5 6,0,79,,261,70,0,5 6,0,81,,262,70,0,5 6,0,795,,254,70,,,0,23,,255,70,,,0,26,,256,70,,,0,65,,257,70,,,0,25,,258,70,,,0,68,,259,70,,,0
2101,'Semaine-02',641,,2800,70,0,5 6,0,82,,2801,70,0,5 6,0,82,,2802,70,0,5 6,0,796,,2794,70,,,0,25,,2795,70,,,0,25,,2796,70,,,0,65,,2797,70,,,0,25,,2798,70,,,0,68,,2799,70,,,0
2101,'Semaine-03',646,,2809,70,0,5 6,0,79,,2810,70,0,5 6,0,81,,2811,70,0,5 6,0,795,,2803,70,,,0,23,,2804,70,,,0,26,,2805,70,,,0,65,,2806,70,,,0,25,,2807,70,,,0,68,,2808,70,,,0
2301,'Semaine-01',1534,,310,70,,,0,25,,311,70,,,0,70,,312,70,,,0,30,,313,70,,,0,70,,314,70,,,0,29,,315,70,,,0,70,,316,70,,,0
2301,'Semaine-02',1534,,2852,70,,,0,25,,2853,70,,,0,70,,2854,70,,,0,30,,2855,70,,,0,65,,2856,70,,,0,34,,2857,70,,,0,70,,2858,70,,,0
2301,'Semaine-03',1534,,2859,70,,,0,25,,2860,70,,,0,70,,2861,70,,,0,30,,2862,70,,,0,70,,2863,70,,,0,29,,2864,70,,,0,70,,2865,70,,,0
2501,'Semaine-01',1539,,355,70,,,0,80,,356,70,,,0,34,,357,70,,,0,80,,358,70,,,0,80,,359,70,,,0,29,,360,70,,,0
2501,'Semaine-02',1539,,2899,70,,,0,80,,2900,70,,,0,34,,2901,70,,,0,80,,2902,70,,,0,75,,2903,70,,,0,34,,2904,70,,,0
2501,'Semaine-03',1539,,2905,70,,,0,80,,2906,70,,,0,34,,2907,70,,,0,80,,2908,70,,,0,80,,2909,70,,,0,29,,2910,70,,,0
3100,'Dimanche-01',652,,492,70,,,0,255,,493,70,,,0,238,,491,70,,,0,163,,484,70,,,0,120,,485,70,,,0,118,,486,70,,,0,158,,487,70,,,0,119,,488,70,,,0,127,,489,70,,,0,261,,483,70,,,0,216,,490,70,,,0
3100,'Fête-1-01',541,,3034,70,,,0,83,,3045,70,,,0,201,,3046,70,,,0,125,,3043,70,,,0,164,,3033,70,,,0,124,,3044,70,,,0,164,,3035,70,,,0,124,,3036,70,,,0,124,,3037,70,,,0,164,,3038,70,,,0,124,,3039,70,,,0,67,,3040,70,,,0,216,,3041,70,,,0,216,,3042,70,,,0
3100,'Samedi-01',541,,537,70,,,0,83,,548,70,,,0,201,,549,70,,,0,125,,546,70,,,0,164,,536,70,,,0,124,,547,70,,,0,164,,538,70,,,0,124,,539,70,,,0,124,,540,70,,,0,164,,541,70,,,0,124,,542,70,,,0,67,,543,70,,,0,216,,544,70,,,0,216,,545,70,,,0
3100,'Semaine-01',547,,574,70,,,0,80,,550,70,,,0,79,,560,70,,,0,40,,575,70,,,0,80,,569,70,,,0,80,,570,70,,,0,40,,571,70,,,0,81,,577,70,,,0,81,,572,70,,,0,43,,573,70,,,0,83,,551,70,,,0,83,,552,70,,,0,42,,553,70,,,0,82,,554,70,,,0,84,,555,70,,,0,85,,556,70,,,0,45,,557,70,,,0,86,,558,70,,,0,85,,559,70,,,0,85,,561,70,,,0,42,,562,70,,,0,80,,563,70,,,0,80,,564,70,,,0,40,,565,70,,,0,80,,566,70,,,0,80,,567,70,,,0,40,,568,70,,,0,161,,576,70,0,5 6,0
3100,'Semaine-02',539,,3071,70,,,0,81,,3047,70,,,0,80,,3057,70,,,0,42,,3072,70,,,0,82,,3066,70,,,0,82,,3067,70,,,0,42,,3068,70,,,0,82,,3074,70,,,0,83,,3069,70,,,0,43,,3070,70,,,0,83,,3048,70,,,0,83,,3049,70,,,0,83,,3050,70,,,0,44,,3051,70,,,0,85,,3052,70,,,0,87,,3053,70,,,0,86,,3054,70,,,0,46,,3055,70,,,0,82,,3056,70,,,0,83,,3058,70,,,0,41,,3059,70,,,0,81,,3060,70,,,0,81,,3061,70,,,0,81,,3062,70,,,0,40,,3063,70,,,0,80,,3064,70,,,0,80,,3065,70,,,0,111,,3073,70,0,5 6,0
3100,'Semaine-03',547,,3099,70,,,0,80,,3075,70,,,0,79,,3085,70,,,0,40,,3100,70,,,0,80,,3094,70,,,0,80,,3095,70,,,0,40,,3096,70,,,0,81,,3102,70,,,0,81,,3097,70,,,0,43,,3098,70,,,0,83,,3076,70,,,0,83,,3077,70,,,0,42,,3078,70,,,0,82,,3079,70,,,0,84,,3080,70,,,0,85,,3081,70,,,0,45,,3082,70,,,0,86,,3083,70,,,0,85,,3084,70,,,0,85,,3086,70,,,0,42,,3087,70,,,0,80,,3088,70,,,0,80,,3089,70,,,0,40,,3090,70,,,0,80,,3091,70,,,0,80,,3092,70,,,0,40,,3093,70,,,0,161,,3101,70,0,5 6,0
3200,'Dimanche-01',542,,578,70,,,0,214,,583,70,,,0,262,,586,70,,,0,192,,587,70,,,0,119,,579,70,,,0,122,,589,70,,,0,160,,580,70,,,0,119,,582,70,,,0,118,,581,70,,,0,255,,584,70,,,0,216,,585,70,,,0,213,,588,70,0,6,0
3200,'Fête-1-01',654,,3109,70,,,0,77,,3104,70,,,0,120,,3112,70,,,0,162,,3113,70,,,0,124,,3114,70,,,0,164,,3105,70,,,0,124,,3116,70,,,0,124,,3106,70,,,0,168,,3107,70,,,0,120,,3108,70,,,0,276,,3110,70,,,0,216,,3111,70,,,0,211,,3115,70,0,6,0
3200,'Samedi-01',654,,641,70,,,0,77,,636,70,,,0,120,,644,70,,,0,162,,645,70,,,0,124,,646,70,,,0,164,,637,70,,,0,124,,648,70,,,0,124,,638,70,,,0,168,,639,70,,,0,120,,640,70,,,0,276,,642,70,,,0,216,,643,70,,,0,211,,647,70,0,6,0
3200,'Semaine-01',611,,674,70,,,0,39,,649,70,,,0,78,,677,70,,,0,79,,660,70,,,0,40,,668,70,,,0,83,,669,70,,,0,81,,670,70,,,0,41,,671,70,,,0,83,,672,70,,,0,82,,673,70,,,0,83,,650,70,,,0,42,,651,70,,,0,81,,652,70,,,0,84,,676,70,,,0,45,,654,70,,,0,85,,655,70,,,0,86,,656,70,,,0,86,,657,70,,,0,43,,658,70,,,0,84,,659,70,,,0,81,,661,70,,,0,40,,662,70,,,0,80,,663,70,,,0,80,,664,70,,,0,40,,665,70,,,0,82,,666,70,,,0,80,,667,70,,,0,112,,675,70,0,6,0
3200,'Semaine-02',609,,3142,70,,,0,40,,3117,70,,,0,79,,3145,70,,,0,81,,3128,70,,,0,44,,3136,70,,,0,82,,3137,70,,,0,82,,3138,70,,,0,83,,3139,70,,,0,43,,3140,70,,,0,83,,3141,70,,,0,83,,3118,70,,,0,43,,3119,70,,,0,83,,3120,70,,,0,85,,3144,70,,,0,87,,3122,70,,,0,47,,3123,70,,,0,85,,3124,70,,,0,83,,3125,70,,,0,82,,3126,70,,,0,43,,3127,70,,,0,82,,3129,70,,,0,81,,3130,70,,,0,41,,3131,70,,,0,80,,3132,70,,,0,83,,3133,70,,,0,40,,3134,70,,,0,80,,3135,70,,,0,98,,3143,70,0,6,0
3200,'Semaine-03',611,,3173,70,,,0,39,,3148,70,,,0,78,,3176,70,,,0,79,,3159,70,,,0,40,,3167,70,,,0,83,,3168,70,,,0,81,,3169,70,,,0,41,,3170,70,,,0,83,,3171,70,,,0,82,,3172,70,,,0,83,,3149,70,,,0,42,,3150,70,,,0,81,,3151,70,,,0,84,,3175,70,,,0,45,,3153,70,,,0,85,,3154,70,,,0,86,,3155,70,,,0,86,,3156,70,,,0,43,,3157,70,,,0,84,,3158,70,,,0,81,,3160,70,,,0,40,,3161,70,,,0,80,,3162,70,,,0,80,,3163,70,,,0,40,,3164,70,,,0,82,,3165,70,,,0,80,,3166,70,,,0,112,,3174,70,0,6,0
9800,'Semaine-01',723,,843,70,,,0,103,,847,70,,,0,105,,848,70,,,0,506,,849,70,,,0,105,,850,70,,,0,105,,851,70,,,0,104,,852,70,,,0,105,,853,70,,,0,99,,854,70,,,0,99,,844,70,,,0,90,,845,70,,,0,90,,846,70,,,0
9800,'Semaine-02',720,,3266,70,,,0,106,,3270,70,,,0,110,,3271,70,,,0,495,,3272,70,,,0,108,,3273,70,,,0,108,,3274,70,,,0,109,,3275,70,,,0,149,,3276,70,,,0,99,,3277,70,,,0,100,,3267,70,,,0,55,,3268,70,,,0,95,,3269,70,,,0
9800,'Semaine-03',723,,3279,70,,,0,103,,3283,70,,,0,105,,3284,70,,,0,506,,3285,70,,,0,105,,3286,70,,,0,105,,3287,70,,,0,104,,3288,70,,,0,105,,3289,70,,,0,99,,3290,70,,,0,99,,3280,70,,,0,90,,3281,70,,,0,90,,3282,70,,,0
11101,'Dimanche-01',900,,917,70,,,0,147,,916,70,,,0,295,,918,70,,,0,289,,919,70,,,0,303,,920,70,,,0
11101,'Fête-1-01',900,,3338,70,,,0,147,,3337,70,,,0,295,,3339,70,,,0,289,,3340,70,,,0,303,,3341,70,,,0
11101,'Samedi-01',900,,949,70,,,0,147,,948,70,,,0,295,,950,70,,,0,289,,951,70,,,0,303,,952,70,,,0
11101,'Semaine-01',631,,965,70,,,0,95,,972,70,,,0,130,,973,70,,,0,95,,970,70,,,0,192,,975,70,,,0,265,,956,70,,,0,120,,959,70,,,0,110,,967,70,,,0,110,,968,70,,,0,94,,969,70,,,0,75,,958,80,,,0,305,,971,70,,,0
11101,'Semaine-02',706,,3353,80,,,0,108,,3356,80,,,0,101,,3357,80,,,0,11,,3355,70,,,0,227,,3359,70,,,0,205,,3345,70,,,0,180,,3346,80,,,0,65,,3348,80,,,0,30,,3349,80,,,0,70,,3350,80,,,0,30,,3351,80,,,0,70,,3352,80,,,0,50,,3354,80,,,0,65,,3347,80,,,0,305,,3361,70,,,0
11101,'Semaine-03',631,,3371,70,,,0,95,,3378,70,,,0,130,,3379,70,,,0,95,,3376,70,,,0,192,,3381,70,,,0,265,,3362,70,,,0,120,,3365,70,,,0,110,,3373,70,,,0,110,,3374,70,,,0,94,,3375,70,,,0,75,,3364,80,,,0,305,,3377,70,,,0
