100,'Dimanche-01',656,,12,740,4,,0,200,,1,740,4,,0,169,,2,740,4,,0,131,,3,740,4,,0,165,,4,740,4,,0,123,,5,740,4,,0,158,,6,740,4,,0,120,,7,740,4,,0,122,,8,740,4,,0,175,,9,740,4,,0,115,,10,740,4,,0,115,,11,740,4,,0
100,'Fête-1-01',656,,2637,740,4,,0,200,,2626,740,4,,0,169,,2627,740,4,,0,131,,2628,740,4,,0,165,,2629,740,4,,0,123,,2630,740,4,,0,158,,2631,740,4,,0,120,,2632,740,4,,0,122,,2633,740,4,,0,175,,2634,740,4,,0,115,,2635,740,4,,0,115,,2636,740,4,,0
100,'Samedi-01',656,,54,740,4,,0,200,,43,740,4,,0,169,,44,740,4,,0,131,,45,740,4,,0,165,,46,740,4,,0,123,,47,740,4,,0,158,,48,740,4,,0,120,,49,740,4,,0,122,,50,740,4,,0,175,,51,740,4,,0,115,,52,740,4,,0,115,,53,740,4,,0
100,'Semaine-01',545,,55,740,4,,0,105,,56,740,4,,0,68,,57,740,4,,0,83,,58,740,4,,0,116,,59,740,4,,0,103,,62,740,4,,0,92,,71,740,4,,0,103,,63,740,4,,0,104,,72,740,4,,0,38,,64,740,4,,0,101,,65,740,4,,0,100,,69,740,4,,0,150,,66,740,4,,0,34,,67,740,4,,0,103,,60,740,4,,0,92,,61,740,4,,0,171,,70,740,4,,0,143,,68,740,4,,0
100,'Semaine-02',544,,2638,740,4,,0,104,,2639,740,4,,0,71,,2640,740,4,,0,84,,2641,740,4,,0,125,,2642,740,4,,0,97,,2645,740,4,,0,28,,2654,740,4,,0,102,,2646,740,4,,0,151,,2655,740,4,,0,95,,2647,740,4,,0,99,,2648,740,4,,0,100,,2652,740,4,,0,110,,2649,740,4,,0,47,,2650,740,4,,0,150,,2643,740,4,,0,46,,2644,740,4,,0,102,,2653,740,4,,0,195,,2651,740,4,,0
100,'Semaine-03',545,,2656,740,4,,0,105,,2657,740,4,,0,68,,2658,740,4,,0,83,,2659,740,4,,0,116,,2660,740,4,,0,103,,2663,740,4,,0,92,,2672,740,4,,0,103,,2664,740,4,,0,104,,2673,740,4,,0,38,,2665,740,4,,0,101,,2666,740,4,,0,100,,2670,740,4,,0,150,,2667,740,4,,0,34,,2668,740,4,,0,103,,2661,740,4,,0,92,,2662,740,4,,0,171,,2671,740,4,,0,143,,2669,740,4,,0
2100,'Semaine-01',602,,240,380,4,,0,30,,241,380,4,,0,73,,242,380,4,,0,37,,243,380,4,,0,70,,244,380,4,,0,36,,245,380,4,,0
2100,'Semaine-02',601,,2782,380,4,,0,30,,2783,380,4,,0,73,,2784,380,4,,0,36,,2785,380,4,,0,70,,2786,380,4,,0,36,,2787,380,4,,0
2100,'Semaine-03',602,,2788,380,4,,0,30,,2789,380,4,,0,73,,2790,380,4,,0,37,,2791,380,4,,0,70,,2792,380,4,,0,36,,2793,380,4,,0
2300,'Semaine-01',603,,295,420,4,,0,26,,296,420,4,,0,17,,297,420,4,,0,75,,298,420,4,,0,26,,299,420,4,,0,61,,300,420,4,,0,21,,301,420,4,,0,20,,302,420,4,,0
2300,'Semaine-02',605,,2836,420,4,,0,26,,2837,420,4,,0,16,,2838,420,4,,0,76,,2839,420,4,,0,24,,2840,420,4,,0,58,,2841,420,4,,0,24,,2842,420,4,,0,21,,2843,420,4,,0
2300,'Semaine-03',603,,2844,420,4,,0,26,,2845,420,4,,0,17,,2846,420,4,,0,75,,2847,420,4,,0,26,,2848,420,4,,0,61,,2849,420,4,,0,21,,2850,420,4,,0,20,,2851,420,4,,0
2500,'Semaine-01',620,,346,400,4,,0,34,,343,420,4,,0,61,,347,400,4,,0,29,,344,420,4,,0,66,,348,400,4,,0,29,,345,420,4,,0
2500,'Semaine-02',622,,2890,400,4,,0,34,,2887,420,4,,0,59,,2891,400,4,,0,33,,2888,420,4,,0,62,,2892,400,4,,0,29,,2889,420,4,,0
2500,'Semaine-03',620,,2896,400,4,,0,34,,2893,420,4,,0,61,,2897,400,4,,0,29,,2894,420,4,,0,66,,2898,400,4,,0,29,,2895,420,4,,0
2600,'Semaine-01',517,,363,370,4,,0,16,,364,380,4,,0
2600,'Semaine-02',517,,2911,370,4,,0,18,,2912,380,4,,0
2600,'Semaine-03',517,,2913,370,4,,0,16,,2914,380,4,,0
3100,'Dimanche-01',737,,492,460,4,,0,219,,493,460,4,,0,278,,491,460,4,,0,123,,484,460,4,,0,160,,485,460,4,,0,118,,486,460,4,,0,118,,487,460,4,,0,159,,488,460,4,,0,127,,489,460,4,,0,261,,483,460,4,,0,213,,490,460,4,,0
3100,'Fête-1-01',626,,3034,460,4,,0,83,,3045,460,4,,0,205,,3046,460,4,,0,125,,3043,460,4,,0,164,,3033,460,4,,0,124,,3044,460,4,,0,124,,3035,460,4,,0,164,,3036,460,4,,0,124,,3037,460,4,,0,164,,3038,460,4,,0,124,,3039,460,4,,0,27,,3040,460,4,,0,256,,3041,460,4,,0,213,,3042,460,4,,0
3100,'Samedi-01',626,,537,460,4,,0,83,,548,460,4,,0,205,,549,460,4,,0,125,,546,460,4,,0,164,,536,460,4,,0,124,,547,460,4,,0,124,,538,460,4,,0,164,,539,460,4,,0,124,,540,460,4,,0,164,,541,460,4,,0,124,,542,460,4,,0,27,,543,460,4,,0,256,,544,460,4,,0,213,,545,460,4,,0
3100,'Semaine-01',640,,574,460,4,,0,80,,550,460,4,,0,82,,560,460,4,,0,40,,575,460,4,,0,80,,569,460,4,,0,80,,570,460,4,,0,37,,571,460,4,,0,79,,577,460,4,,0,84,,572,460,4,,0,43,,573,460,4,,0,83,,551,460,4,,0,83,,552,460,4,,0,42,,553,460,4,,0,84,,554,460,4,,0,84,,555,460,4,,0,85,,556,460,4,,0,46,,557,460,4,,0,83,,558,460,4,,0,84,,559,460,4,,0,82,,561,460,4,,0,42,,562,460,4,,0,79,,563,460,4,,0,80,,564,460,4,,0,37,,565,460,4,,0,80,,566,460,4,,0,40,,567,460,4,,0,80,,568,460,4,,0
3100,'Semaine-02',635,,3071,460,4,,0,81,,3047,460,4,,0,43,,3057,460,4,,0,83,,3072,460,4,,0,82,,3066,460,4,,0,82,,3067,460,4,,0,39,,3068,460,4,,0,80,,3074,460,4,,0,86,,3069,460,4,,0,43,,3070,460,4,,0,83,,3048,460,4,,0,83,,3049,460,4,,0,83,,3050,460,4,,0,45,,3051,460,4,,0,85,,3052,460,4,,0,89,,3053,460,4,,0,86,,3054,460,4,,0,44,,3055,460,4,,0,81,,3056,460,4,,0,79,,3058,460,4,,0,41,,3059,460,4,,0,80,,3060,460,4,,0,81,,3061,460,4,,0,39,,3062,460,4,,0,80,,3063,460,4,,0,80,,3064,460,4,,0,40,,3065,460,4,,0
3100,'Semaine-03',640,,3099,460,4,,0,80,,3075,460,4,,0,82,,3085,460,4,,0,40,,3100,460,4,,0,80,,3094,460,4,,0,80,,3095,460,4,,0,37,,3096,460,4,,0,79,,3102,460,4,,0,84,,3097,460,4,,0,43,,3098,460,4,,0,83,,3076,460,4,,0,83,,3077,460,4,,0,42,,3078,460,4,,0,84,,3079,460,4,,0,84,,3080,460,4,,0,85,,3081,460,4,,0,46,,3082,460,4,,0,83,,3083,460,4,,0,84,,3084,460,4,,0,82,,3086,460,4,,0,42,,3087,460,4,,0,79,,3088,460,4,,0,80,,3089,460,4,,0,37,,3090,460,4,,0,80,,3091,460,4,,0,40,,3092,460,4,,0,80,,3093,460,4,,0
3200,'Dimanche-01',632,,578,470,4,,0,214,,583,470,4,,0,263,,586,470,4,,0,192,,587,470,4,,0,119,,579,470,4,,0,122,,589,470,4,,0,160,,580,470,4,,0,119,,582,470,4,,0,118,,581,470,4,,0,213,,584,470,4,,0,256,,585,470,4,,0
3200,'Fête-1-01',603,,3103,350,4,,0,141,,3109,470,4,,0,77,,3104,470,4,,0,120,,3112,470,4,,0,163,,3113,470,4,,0,124,,3114,470,4,,0,124,,3105,470,4,,0,164,,3116,470,4,,0,124,,3106,470,4,,0,168,,3107,470,4,,0,120,,3108,470,4,,0,274,,3110,470,4,,0,216,,3111,470,4,,0
3200,'Samedi-01',603,,635,350,4,,0,141,,641,470,4,,0,77,,636,470,4,,0,120,,644,470,4,,0,163,,645,470,4,,0,124,,646,470,4,,0,124,,637,470,4,,0,164,,648,470,4,,0,124,,638,470,4,,0,168,,639,470,4,,0,120,,640,470,4,,0,274,,642,470,4,,0,216,,643,470,4,,0
3200,'Semaine-01',704,,674,470,4,,0,41,,649,470,4,,0,80,,677,470,4,,0,80,,660,470,4,,0,40,,668,470,4,,0,77,,669,470,4,,0,81,,670,470,4,,0,41,,671,470,4,,0,83,,672,470,4,,0,83,,673,470,4,,0,43,,650,470,4,,0,82,,651,470,4,,0,83,,652,470,4,,0,86,,676,470,4,,0,18,,653,120,4,,0,27,,654,470,4,,0,59,,678,120,4,,0,24,,655,470,4,,0,20,,679,120,4,,0,65,,656,470,4,,0,84,,657,470,4,,0,41,,658,470,4,,0,83,,659,470,4,,0,80,,661,470,4,,0,40,,662,470,4,,0,80,,663,470,4,,0,80,,664,470,4,,0,40,,665,470,4,,0,80,,666,470,4,,0,80,,667,470,4,,0
3200,'Semaine-02',705,,3142,470,4,,0,42,,3117,470,4,,0,82,,3145,470,4,,0,82,,3128,470,4,,0,39,,3136,470,4,,0,82,,3137,470,4,,0,82,,3138,470,4,,0,43,,3139,470,4,,0,83,,3140,470,4,,0,83,,3141,470,4,,0,83,,3118,470,4,,0,43,,3119,470,4,,0,85,,3120,470,4,,0,87,,3144,470,4,,0,23,,3121,120,4,,0,64,,3122,470,4,,0,23,,3146,120,4,,0,22,,3123,470,4,,0,63,,3147,120,4,,0,22,,3124,470,4,,0,81,,3125,470,4,,0,40,,3126,470,4,,0,82,,3127,470,4,,0,81,,3129,470,4,,0,81,,3130,470,4,,0,41,,3131,470,4,,0,80,,3132,470,4,,0,80,,3133,470,4,,0,40,,3134,470,4,,0,80,,3135,470,4,,0
3200,'Semaine-03',704,,3173,470,4,,0,41,,3148,470,4,,0,80,,3176,470,4,,0,80,,3159,470,4,,0,40,,3167,470,4,,0,77,,3168,470,4,,0,81,,3169,470,4,,0,41,,3170,470,4,,0,83,,3171,470,4,,0,83,,3172,470,4,,0,43,,3149,470,4,,0,82,,3150,470,4,,0,83,,3151,470,4,,0,86,,3175,470,4,,0,18,,3152,120,4,,0,27,,3153,470,4,,0,59,,3177,120,4,,0,24,,3154,470,4,,0,20,,3178,120,4,,0,65,,3155,470,4,,0,84,,3156,470,4,,0,41,,3157,470,4,,0,83,,3158,470,4,,0,80,,3160,470,4,,0,40,,3161,470,4,,0,80,,3162,470,4,,0,80,,3163,470,4,,0,40,,3164,470,4,,0,80,,3165,470,4,,0,80,,3166,470,4,,0
9800,'Semaine-01',705,,855,260,4,,0,102,,843,360,4,,0,104,,847,360,4,,0,105,,848,360,4,,0,506,,849,360,4,,0,105,,850,360,4,,0,105,,851,360,4,,0,105,,852,360,4,,0,101,,853,360,4,,0,97,,854,360,4,,0,95,,844,360,4,,0,90,,845,360,4,,0
9800,'Semaine-02',700,,3278,260,4,,0,104,,3266,360,4,,0,107,,3270,360,4,,0,106,,3271,360,4,,0,499,,3272,360,4,,0,108,,3273,360,4,,0,108,,3274,360,4,,0,110,,3275,360,4,,0,104,,3276,360,4,,0,97,,3277,360,4,,0,97,,3267,360,4,,0,95,,3268,360,4,,0
9800,'Semaine-03',705,,3291,260,4,,0,102,,3279,360,4,,0,104,,3283,360,4,,0,105,,3284,360,4,,0,506,,3285,360,4,,0,105,,3286,360,4,,0,105,,3287,360,4,,0,105,,3288,360,4,,0,101,,3289,360,4,,0,97,,3290,360,4,,0,95,,3280,360,4,,0,90,,3281,360,4,,0
11100,'Dimanche-01',842,,857,490,4,,0,187,,856,490,4,,0,291,,858,490,4,,0,290,,859,490,4,,0,305,,860,490,4,,0
11100,'Fête-1-01',842,,3293,490,4,,0,187,,3292,490,4,,0,291,,3294,490,4,,0,290,,3295,490,4,,0,305,,3296,490,4,,0
11100,'Samedi-01',842,,887,490,4,,0,187,,886,490,4,,0,291,,888,490,4,,0,290,,889,490,4,,0,305,,890,490,4,,0
11100,'Semaine-01',608,,896,490,4,,0,96,,897,490,4,,0,111,,898,490,4,,0,95,,899,490,4,,0,114,,912,490,4,,0,35,,894,490,4,,0,265,,895,490,4,,0,380,,906,490,4,,0,99,,908,490,4,,0,354,,910,420,4,,0
11100,'Semaine-02',556,,3304,490,4,,0,70,,3302,490,4,,0,77,,3305,490,4,,0,30,,3303,490,4,,0,70,,3309,490,4,,0,30,,3310,490,4,,0,67,,3301,490,4,,0,106,,3311,490,4,,0,53,,3315,490,4,,0,273,,3300,490,4,,0,404,,3306,490,4,,0,23,,3308,490,4,,0,71,,3307,490,4,,0,327,,3314,420,4,,0
11100,'Semaine-03',608,,3318,490,4,,0,96,,3319,490,4,,0,111,,3320,490,4,,0,95,,3321,490,4,,0,114,,3334,490,4,,0,35,,3316,490,4,,0,265,,3317,490,4,,0,380,,3328,490,4,,0,99,,3330,490,4,,0,354,,3332,420,4,,0
