100,'Dimanche-01',644,,12,660,,,0,200,,1,660,,,0,167,,2,660,,,0,131,,3,660,,,0,165,,4,660,,,0,123,,5,660,,,0,118,,6,660,,,0,160,,7,660,,,0,123,,8,660,,,0,175,,9,660,,,0,115,,10,660,,,0,115,,11,660,,,0
100,'Fête-1-01',644,,2637,660,,,0,200,,2626,660,,,0,167,,2627,660,,,0,131,,2628,660,,,0,165,,2629,660,,,0,123,,2630,660,,,0,118,,2631,660,,,0,160,,2632,660,,,0,123,,2633,660,,,0,175,,2634,660,,,0,115,,2635,660,,,0,115,,2636,660,,,0
100,'Samedi-01',644,,54,660,,,0,200,,43,660,,,0,167,,44,660,,,0,131,,45,660,,,0,165,,46,660,,,0,123,,47,660,,,0,118,,48,660,,,0,160,,49,660,,,0,123,,50,660,,,0,175,,51,660,,,0,115,,52,660,,,0,115,,53,660,,,0
100,'Semaine-01',532,,55,660,,,0,105,,56,660,,,0,66,,57,660,,,0,43,,58,660,,,0,157,,59,660,,,0,103,,62,660,,,0,94,,71,660,,,0,101,,63,660,,,0,103,,72,660,,,0,38,,64,660,,,0,101,,65,660,,,0,100,,69,660,,,0,110,,66,660,,,0,75,,67,660,,,0,104,,60,660,,,0,92,,61,660,,,0,131,,70,660,,,0,184,,68,660,,,0
100,'Semaine-02',530,,2638,660,,,0,103,,2639,660,,,0,70,,2640,660,,,0,43,,2641,660,,,0,167,,2642,660,,,0,97,,2645,660,,,0,30,,2654,660,,,0,100,,2646,660,,,0,109,,2655,660,,,0,95,,2647,660,,,0,99,,2648,660,,,0,100,,2652,660,,,0,110,,2649,660,,,0,89,,2650,660,,,0,110,,2643,660,,,0,86,,2644,660,,,0,102,,2653,660,,,0,196,,2651,660,,,0
100,'Semaine-03',532,,2656,660,,,0,105,,2657,660,,,0,66,,2658,660,,,0,43,,2659,660,,,0,157,,2660,660,,,0,103,,2663,660,,,0,94,,2672,660,,,0,101,,2664,660,,,0,103,,2673,660,,,0,38,,2665,660,,,0,101,,2666,660,,,0,100,,2670,660,,,0,110,,2667,660,,,0,75,,2668,660,,,0,104,,2661,660,,,0,92,,2662,660,,,0,131,,2671,660,,,0,184,,2669,660,,,0
2100,'Semaine-01',551,,240,300,,,0,70,,241,300,,,0,31,,242,300,,,0,75,,243,300,,,0,30,,244,300,,,0,75,,245,300,,,0
2100,'Semaine-02',546,,2782,300,,,0,70,,2783,300,,,0,31,,2784,300,,,0,75,,2785,300,,,0,30,,2786,300,,,0,75,,2787,300,,,0
2100,'Semaine-03',551,,2788,300,,,0,70,,2789,300,,,0,31,,2790,300,,,0,75,,2791,300,,,0,30,,2792,300,,,0,75,,2793,300,,,0
2300,'Semaine-01',551,,295,340,,,0,66,,296,340,,,0,15,,297,340,,,0,75,,298,340,,,0,26,,299,340,,,0,20,,300,340,,,0,60,,301,340,,,0,20,,302,340,,,0
2300,'Semaine-02',551,,2836,340,,,0,66,,2837,340,,,0,15,,2838,340,,,0,75,,2839,340,,,0,26,,2840,340,,,0,15,,2841,340,,,0,65,,2842,340,,,0,20,,2843,340,,,0
2300,'Semaine-03',551,,2844,340,,,0,66,,2845,340,,,0,15,,2846,340,,,0,75,,2847,340,,,0,26,,2848,340,,,0,20,,2849,340,,,0,60,,2850,340,,,0,20,,2851,340,,,0
2500,'Semaine-01',608,,346,320,,,0,34,,343,340,,,0,61,,347,320,,,0,29,,344,340,,,0,26,,348,320,,,0,69,,345,340,,,0
2500,'Semaine-02',608,,2890,320,,,0,34,,2887,340,,,0,61,,2891,320,,,0,32,,2888,340,,,0,23,,2892,320,,,0,69,,2889,340,,,0
2500,'Semaine-03',608,,2896,320,,,0,34,,2893,340,,,0,61,,2897,320,,,0,29,,2894,340,,,0,26,,2898,320,,,0,69,,2895,340,,,0
2600,'Semaine-01',506,,363,290,,,0,17,,364,300,,,0
2600,'Semaine-02',506,,2911,290,,,0,17,,2912,300,,,0
2600,'Semaine-03',506,,2913,290,,,0,17,,2914,300,,,0
2800,'Semaine-01',525,,417,190,,,0,20,,416,190,,,0,55,,414,430,,,0,15,,428,190,,,0,15,,425,190,,,0,15,,413,470,,,0,10,,426,190,,,0,50,,415,430,,,0,11,,427,190,,,0,10,,418,190,,,0,10,,419,190,,,0,16,,420,190,,,0,55,,422,190,,,0,20,,423,190,,,0
2800,'Semaine-02',525,,2957,190,,,0,20,,2956,190,,,0,55,,2954,430,,,0,15,,2963,190,,,0,15,,2964,190,,,0,15,,2953,470,,,0,55,,2955,430,,,0,16,,2958,190,,,0,15,,2959,190,,,0,15,,2960,190,,,0,61,,2961,190,,,0,20,,2962,190,,,0
2800,'Semaine-03',525,,2969,190,,,0,20,,2968,190,,,0,55,,2966,430,,,0,15,,2978,190,,,0,15,,2975,190,,,0,15,,2965,470,,,0,10,,2976,190,,,0,50,,2967,430,,,0,11,,2977,190,,,0,10,,2970,190,,,0,10,,2971,190,,,0,16,,2972,190,,,0,55,,2973,190,,,0,20,,2974,190,,,0
3100,'Dimanche-01',728,,492,380,,,0,218,,493,380,,,0,278,,491,380,,,0,123,,484,380,,,0,160,,485,380,,,0,118,,486,380,,,0,118,,487,380,,,0,159,,488,380,,,0,127,,489,380,,,0,221,,483,380,,,0,254,,490,380,,,0
3100,'Fête-1-01',617,,3034,380,,,0,83,,3045,380,,,0,204,,3046,380,,,0,125,,3043,380,,,0,124,,3033,380,,,0,164,,3044,380,,,0,124,,3035,380,,,0,164,,3036,380,,,0,124,,3037,380,,,0,124,,3038,380,,,0,164,,3039,380,,,0,27,,3040,380,,,0,256,,3041,380,,,0,214,,3042,380,,,0
3100,'Samedi-01',617,,537,380,,,0,83,,548,380,,,0,204,,549,380,,,0,125,,546,380,,,0,124,,536,380,,,0,164,,547,380,,,0,124,,538,380,,,0,164,,539,380,,,0,124,,540,380,,,0,124,,541,380,,,0,164,,542,380,,,0,27,,543,380,,,0,256,,544,380,,,0,214,,545,380,,,0
3100,'Semaine-01',627,,574,380,,,0,80,,550,380,,,0,40,,560,380,,,0,80,,575,380,,,0,80,,569,380,,,0,40,,570,380,,,0,80,,571,380,,,0,80,,577,380,,,0,43,,572,380,,,0,83,,573,380,,,0,83,,551,380,,,0,43,,552,380,,,0,82,,553,380,,,0,82,,554,380,,,0,85,,555,380,,,0,45,,556,380,,,0,86,,557,380,,,0,85,,558,380,,,0,84,,559,380,,,0,42,,561,380,,,0,82,,562,380,,,0,79,,563,380,,,0,40,,564,380,,,0,79,,565,380,,,0,80,,566,380,,,0,40,,567,380,,,0,80,,568,380,,,0
3100,'Semaine-02',621,,3071,380,,,0,81,,3047,380,,,0,41,,3057,380,,,0,82,,3072,380,,,0,82,,3066,380,,,0,42,,3067,380,,,0,82,,3068,380,,,0,81,,3074,380,,,0,45,,3069,380,,,0,83,,3070,380,,,0,83,,3048,380,,,0,83,,3049,380,,,0,43,,3050,380,,,0,84,,3051,380,,,0,86,,3052,380,,,0,88,,3053,380,,,0,46,,3054,380,,,0,85,,3055,380,,,0,81,,3056,380,,,0,40,,3058,380,,,0,81,,3059,380,,,0,80,,3060,380,,,0,81,,3061,380,,,0,40,,3062,380,,,0,80,,3063,380,,,0,80,,3064,380,,,0,40,,3065,380,,,0
3100,'Semaine-03',627,,3099,380,,,0,80,,3075,380,,,0,40,,3085,380,,,0,80,,3100,380,,,0,80,,3094,380,,,0,40,,3095,380,,,0,80,,3096,380,,,0,80,,3102,380,,,0,43,,3097,380,,,0,83,,3098,380,,,0,83,,3076,380,,,0,43,,3077,380,,,0,82,,3078,380,,,0,82,,3079,380,,,0,85,,3080,380,,,0,45,,3081,380,,,0,86,,3082,380,,,0,85,,3083,380,,,0,84,,3084,380,,,0,42,,3086,380,,,0,82,,3087,380,,,0,79,,3088,380,,,0,40,,3089,380,,,0,79,,3090,380,,,0,80,,3091,380,,,0,40,,3092,380,,,0,80,,3093,380,,,0
3200,'Dimanche-01',622,,578,390,,,0,214,,583,390,,,0,223,,586,390,,,0,192,,587,390,,,0,159,,579,390,,,0,122,,589,390,,,0,120,,580,390,,,0,159,,582,390,,,0,118,,581,390,,,0,214,,584,390,,,0,216,,585,390,,,0
3200,'Fête-1-01',553,,3103,270,,,0,181,,3109,390,,,0,77,,3104,390,,,0,120,,3112,390,,,0,123,,3113,390,,,0,164,,3114,390,,,0,124,,3105,390,,,0,164,,3116,390,,,0,124,,3106,390,,,0,128,,3107,390,,,0,160,,3108,390,,,0,235,,3110,390,,,0,256,,3111,390,,,0
3200,'Samedi-01',553,,635,270,,,0,181,,641,390,,,0,77,,636,390,,,0,120,,644,390,,,0,123,,645,390,,,0,164,,646,390,,,0,124,,637,390,,,0,164,,648,390,,,0,124,,638,390,,,0,128,,639,390,,,0,160,,640,390,,,0,235,,642,390,,,0,256,,643,390,,,0
3200,'Semaine-01',649,,674,390,,,0,80,,649,390,,,0,80,,677,390,,,0,40,,660,390,,,0,80,,668,390,,,0,79,,669,390,,,0,41,,670,390,,,0,81,,671,390,,,0,83,,672,390,,,0,43,,673,390,,,0,83,,650,390,,,0,82,,651,390,,,0,83,,652,390,,,0,45,,676,390,,,0,60,,653,40,,,0,25,,654,390,,,0,21,,678,40,,,0,64,,655,390,,,0,20,,679,40,,,0,65,,656,390,,,0,44,,657,390,,,0,82,,658,390,,,0,83,,659,390,,,0,40,,661,390,,,0,80,,662,390,,,0,80,,663,390,,,0,40,,664,390,,,0,80,,665,390,,,0,80,,666,390,,,0,40,,667,390,,,0
3200,'Semaine-02',648,,3142,390,,,0,81,,3117,390,,,0,82,,3145,390,,,0,42,,3128,390,,,0,81,,3136,390,,,0,82,,3137,390,,,0,42,,3138,390,,,0,83,,3139,390,,,0,83,,3140,390,,,0,83,,3141,390,,,0,43,,3118,390,,,0,83,,3119,390,,,0,85,,3120,390,,,0,86,,3144,390,,,0,24,,3121,40,,,0,23,,3122,390,,,0,64,,3146,40,,,0,22,,3123,390,,,0,63,,3147,40,,,0,22,,3124,390,,,0,81,,3125,390,,,0,41,,3126,390,,,0,81,,3127,390,,,0,81,,3129,390,,,0,41,,3130,390,,,0,81,,3131,390,,,0,80,,3132,390,,,0,40,,3133,390,,,0,80,,3134,390,,,0,80,,3135,390,,,0
3200,'Semaine-03',649,,3173,390,,,0,80,,3148,390,,,0,80,,3176,390,,,0,40,,3159,390,,,0,80,,3167,390,,,0,79,,3168,390,,,0,41,,3169,390,,,0,81,,3170,390,,,0,83,,3171,390,,,0,43,,3172,390,,,0,83,,3149,390,,,0,82,,3150,390,,,0,83,,3151,390,,,0,45,,3175,390,,,0,60,,3152,40,,,0,25,,3153,390,,,0,21,,3177,40,,,0,64,,3154,390,,,0,20,,3178,40,,,0,65,,3155,390,,,0,44,,3156,390,,,0,82,,3157,390,,,0,83,,3158,390,,,0,40,,3160,390,,,0,80,,3161,390,,,0,80,,3162,390,,,0,40,,3163,390,,,0,80,,3164,390,,,0,80,,3165,390,,,0,40,,3166,390,,,0
11100,'Dimanche-01',830,,857,410,0,5 10,0,188,,856,410,0,5 10,0,290,,858,410,0,5 10,0,249,,859,410,0,5 10,0,345,,860,410,0,5 10,0
11100,'Fête-1-01',830,,3293,410,0,5 10,0,188,,3292,410,0,5 10,0,290,,3294,410,0,5 10,0,249,,3295,410,0,5 10,0,345,,3296,410,0,5 10,0
11100,'Samedi-01',830,,887,410,0,5 10,0,188,,886,410,0,5 10,0,290,,888,410,0,5 10,0,249,,889,410,0,5 10,0,345,,890,410,0,5 10,0
11100,'Semaine-01',542,,902,410,0,5 15,0,15,,896,410,0,5 10,0,60,,900,410,0,5 15,0,27,,903,410,0,5 15,0,6,,897,410,0,5 10,0,54,,901,410,0,5 15,0,31,,909,410,0,5 15,0,20,,904,410,0,5 15,0,45,,898,410,0,5 10,0,15,,911,410,0,5 15,0,40,,899,410,0,5 10,0,157,,912,410,0,5 10,0,35,,894,410,0,5 10,0,265,,895,410,0,5 10,0,341,,906,410,0,5 10,0,5,,905,340,0,5 15,0,94,,908,410,0,5 10,0,58,,907,340,0,5 15,0,336,,910,340,0,5 10,0
11100,'Semaine-02',542,,3304,410,0,5 14,0,70,,3302,410,0,5 14,0,33,,3305,410,0,5 14,0,70,,3303,410,0,5 14,0,30,,3309,410,0,5 14,0,70,,3310,410,0,5 14,0,30,,3301,410,0,5 10,0,106,,3311,410,0,5 10,0,96,,3315,410,0,5 10,0,273,,3300,410,0,5 10,0,401,,3306,410,0,5 14,0,23,,3308,410,0,5 14,0,71,,3307,410,0,5 14,0,331,,3314,340,0,5 10,0
11100,'Semaine-03',542,,3324,410,0,5 15,0,15,,3318,410,0,5 10,0,60,,3322,410,0,5 15,0,27,,3325,410,0,5 15,0,6,,3319,410,0,5 10,0,54,,3323,410,0,5 15,0,31,,3331,410,0,5 15,0,20,,3326,410,0,5 15,0,45,,3320,410,0,5 10,0,15,,3333,410,0,5 15,0,40,,3321,410,0,5 10,0,157,,3334,410,0,5 10,0,35,,3316,410,0,5 10,0,265,,3317,410,0,5 10,0,341,,3328,410,0,5 10,0,5,,3327,340,0,5 15,0,94,,3330,410,0,5 10,0,58,,3329,340,0,5 15,0,336,,3332,340,0,5 10,0
