11100,'Dimanche-01',850,,857,550,4,,0,187,,856,550,4,,0,291,,858,550,4,,0,291,,859,550,4,,0,305,,860,550,4,,0
11100,'Fête-1-01',850,,3293,550,4,,0,187,,3292,550,4,,0,291,,3294,550,4,,0,291,,3295,550,4,,0,305,,3296,550,4,,0
11100,'Samedi-01',850,,887,550,4,,0,187,,886,550,4,,0,291,,888,550,4,,0,291,,889,550,4,,0,305,,890,550,4,,0
11100,'Semaine-01',615,,896,550,4,,0,98,,897,550,4,,0,111,,898,550,4,,0,95,,899,550,4,,0,114,,912,550,4,,0,75,,894,550,4,,0,225,,895,550,4,,0,380,,906,550,4,,0,99,,908,550,4,,0,393,,910,480,4,,0
11100,'Semaine-02',605,,3304,550,4,,0,30,,3302,550,4,,0,78,,3305,550,4,,0,30,,3303,550,4,,0,71,,3309,550,4,,0,30,,3310,550,4,,0,65,,3301,550,4,,0,106,,3311,550,4,,0,93,,3315,550,4,,0,233,,3300,550,4,,0,405,,3306,550,4,,0,63,,3308,550,4,,0,31,,3307,550,4,,0,365,,3314,480,4,,0
11100,'Semaine-03',615,,3318,550,4,,0,98,,3319,550,4,,0,111,,3320,550,4,,0,95,,3321,550,4,,0,114,,3334,550,4,,0,75,,3316,550,4,,0,225,,3317,550,4,,0,380,,3328,550,4,,0,99,,3330,550,4,,0,393,,3332,480,4,,0
11101,'Dimanche-01',853,,917,10,,,0,187,,916,10,,,0,295,,918,10,,,0,288,,919,10,,,0,305,,920,10,,,0
11101,'Fête-1-01',853,,3338,10,,,0,187,,3337,10,,,0,295,,3339,10,,,0,288,,3340,10,,,0,305,,3341,10,,,0
11101,'Samedi-01',853,,949,10,,,0,187,,948,10,,,0,295,,950,10,,,0,288,,951,10,,,0,305,,952,10,,,0
11101,'Semaine-01',625,,965,10,,,0,95,,972,10,,,0,130,,973,10,,,0,95,,970,10,,,0,190,,975,10,,,0,265,,956,10,,,0,120,,959,10,,,0,110,,967,10,,,0,110,,968,10,,,0,95,,969,10,,,0,75,,958,20,,,0,305,,971,10,,,0
11101,'Semaine-02',700,,3353,20,,,0,107,,3356,20,,,0,101,,3357,20,,,0,12,,3355,10,,,0,225,,3359,10,,,0,205,,3345,10,,,0,180,,3346,20,,,0,25,,3348,20,,,0,70,,3349,20,,,0,30,,3350,20,,,0,70,,3351,20,,,0,30,,3352,20,,,0,90,,3354,20,,,0,65,,3347,20,,,0,305,,3361,10,,,0
11101,'Semaine-03',625,,3371,10,,,0,95,,3378,10,,,0,130,,3379,10,,,0,95,,3376,10,,,0,190,,3381,10,,,0,265,,3362,10,,,0,120,,3365,10,,,0,110,,3373,10,,,0,110,,3374,10,,,0,95,,3375,10,,,0,75,,3364,20,,,0,305,,3377,10,,,0
