100,'Dimanche-01',608,,12,220,,,0,200,,1,220,,,0,125,,2,220,,,0,170,,3,220,,,0,125,,4,220,,,0,124,,5,220,,,0,160,,6,220,,,0,120,,7,220,,,0,124,,8,220,,,0,175,,9,220,,,0,115,,10,220,,,0,155,,11,220,,,0
100,'Fête-1-01',608,,2637,220,,,0,200,,2626,220,,,0,125,,2627,220,,,0,170,,2628,220,,,0,125,,2629,220,,,0,124,,2630,220,,,0,160,,2631,220,,,0,120,,2632,220,,,0,124,,2633,220,,,0,175,,2634,220,,,0,115,,2635,220,,,0,155,,2636,220,,,0
100,'Samedi-01',608,,54,220,,,0,200,,43,220,,,0,125,,44,220,,,0,170,,45,220,,,0,125,,46,220,,,0,124,,47,220,,,0,160,,48,220,,,0,120,,49,220,,,0,124,,50,220,,,0,175,,51,220,,,0,115,,52,220,,,0,155,,53,220,,,0
100,'Semaine-01',452,,55,220,,,0,103,,56,220,,,0,65,,57,220,,,0,81,,58,220,,,0,119,,59,220,,,0,105,,62,220,,,0,94,,71,220,,,0,101,,63,220,,,0,100,,72,220,,,0,38,,64,220,,,0,142,,65,220,,,0,100,,69,220,,,0,110,,66,220,,,0,35,,67,220,,,0,108,,60,220,,,0,95,,61,220,,,0,173,,70,220,,,0,185,,68,220,,,0
100,'Semaine-02',450,,2638,220,,,0,100,,2639,220,,,0,70,,2640,220,,,0,81,,2641,220,,,0,129,,2642,220,,,0,99,,2645,220,,,0,30,,2654,220,,,0,100,,2646,220,,,0,146,,2655,220,,,0,95,,2647,220,,,0,100,,2648,220,,,0,100,,2652,220,,,0,110,,2649,220,,,0,49,,2650,220,,,0,154,,2643,220,,,0,90,,2644,220,,,0,103,,2653,220,,,0,197,,2651,220,,,0
100,'Semaine-03',452,,2656,220,,,0,103,,2657,220,,,0,65,,2658,220,,,0,81,,2659,220,,,0,119,,2660,220,,,0,105,,2663,220,,,0,94,,2672,220,,,0,101,,2664,220,,,0,100,,2673,220,,,0,38,,2665,220,,,0,142,,2666,220,,,0,100,,2670,220,,,0,110,,2667,220,,,0,35,,2668,220,,,0,108,,2661,220,,,0,95,,2662,220,,,0,173,,2671,220,,,0,185,,2669,220,,,0
2000,'Dimanche-01',706,,146,270,,,0,12,,146,510,,,0,112,,147,270,,,0,12,,147,510,,,0,114,,148,270,,,0,52,,148,510,,,0,113,,149,270,,,0,12,,149,510,,,0,113,,150,270,,,0,12,,150,510,,,0,152,,151,270,,,0,12,,151,510,,,0,113,,152,270,,,0,12,,152,510,,,0,153,,153,270,,,0,12,,153,510,,,0
2000,'Fête-1-01',706,,2722,270,,,0,12,,2722,510,,,0,112,,2723,270,,,0,12,,2723,510,,,0,114,,2724,270,,,0,52,,2724,510,,,0,113,,2725,270,,,0,12,,2725,510,,,0,113,,2726,270,,,0,12,,2726,510,,,0,152,,2727,270,,,0,12,,2727,510,,,0,113,,2728,270,,,0,12,,2728,510,,,0,153,,2729,270,,,0,12,,2729,510,,,0
2000,'Samedi-01',706,,171,270,,,0,12,,171,510,,,0,112,,172,270,,,0,12,,172,510,,,0,114,,173,270,,,0,52,,173,510,,,0,113,,174,270,,,0,12,,174,510,,,0,113,,175,270,,,0,12,,175,510,,,0,152,,176,270,,,0,12,,176,510,,,0,113,,177,270,,,0,12,,177,510,,,0,153,,178,270,,,0,12,,178,510,,,0
2000,'Semaine-01',649,,179,260,,,0,52,,179,500,,,0,113,,180,260,,,0,12,,180,500,,,0,113,,181,260,,,0,12,,181,500,,,0,154,,182,260,,,0,12,,182,500,,,0,114,,183,260,,,0,12,,183,500,,,0,113,,184,260,,,0,52,,184,500,,,0,114,,185,260,,,0,12,,185,500,,,0,114,,186,260,,,0,52,,186,500,,,0,114,,187,260,,,0,12,,187,500,,,0
2000,'Semaine-01-0001100',1939,,189,260,,,0,12,,189,500,,,0,152,,188,260,,,0,12,,188,500,,,0
2000,'Semaine-02',649,,2730,260,,,0,52,,2730,500,,,0,113,,2731,260,,,0,12,,2731,500,,,0,113,,2732,260,,,0,12,,2732,500,,,0,154,,2733,260,,,0,12,,2733,500,,,0,114,,2734,260,,,0,12,,2734,500,,,0,113,,2735,260,,,0,52,,2735,500,,,0,114,,2736,260,,,0,12,,2736,500,,,0,114,,2737,260,,,0,52,,2737,500,,,0,114,,2738,260,,,0,12,,2738,500,,,0
2000,'Semaine-02-0001100',1939,,2740,260,,,0,12,,2740,500,,,0,152,,2739,260,,,0,12,,2739,500,,,0
2000,'Semaine-03',649,,2741,260,,,0,52,,2741,500,,,0,113,,2742,260,,,0,12,,2742,500,,,0,113,,2743,260,,,0,12,,2743,500,,,0,154,,2744,260,,,0,12,,2744,500,,,0,114,,2745,260,,,0,12,,2745,500,,,0,113,,2746,260,,,0,52,,2746,500,,,0,114,,2747,260,,,0,12,,2747,500,,,0,114,,2748,260,,,0,52,,2748,500,,,0,114,,2749,260,,,0,12,,2749,500,,,0
2000,'Semaine-03-0001100',1939,,2751,260,,,0,12,,2751,500,,,0,152,,2750,260,,,0,12,,2750,500,,,0
2800,'Semaine-01',528,,414,50,,,0,85,,413,90,,,0,20,,415,50,,,0
2800,'Semaine-02',528,,2954,50,,,0,85,,2953,90,,,0,15,,2955,50,,,0
2800,'Semaine-03',528,,2966,50,,,0,85,,2965,90,,,0,20,,2967,50,,,0
