101,'Dimanche-01',801,,73,600,,,0,206,,74,600,,,0,131,,75,600,,,0,173,,76,600,,,0,127,,77,600,,,0,120,,78,600,,,0,160,,79,600,,,0,120,,80,600,,,0,117,,81,600,,,0,174,,82,600,,,0,114,,83,600,,,0,113,,84,600,,,0
101,'Fête-1-01',801,,2674,600,,,0,206,,2675,600,,,0,131,,2676,600,,,0,173,,2677,600,,,0,127,,2678,600,,,0,120,,2679,600,,,0,160,,2680,600,,,0,120,,2681,600,,,0,117,,2682,600,,,0,174,,2683,600,,,0,114,,2684,600,,,0,113,,2685,600,,,0
101,'Samedi-01',801,,115,600,,,0,206,,116,600,,,0,131,,117,600,,,0,173,,118,600,,,0,127,,119,600,,,0,120,,120,600,,,0,160,,121,600,,,0,120,,122,600,,,0,117,,123,600,,,0,174,,124,600,,,0,114,,125,600,,,0,113,,126,600,,,0
101,'Semaine-01',701,,127,600,,,0,101,,136,600,,,0,30,,138,600,,,0,90,,139,600,,,0,110,,140,600,,,0,105,,141,600,,,0,95,,143,600,,,0,105,,142,600,,,0,106,,144,600,,,0,81,,128,600,,,0,105,,129,600,,,0,96,,130,600,,,0,105,,131,600,,,0,74,,132,600,,,0,103,,133,600,,,0,43,,134,600,,,0,173,,135,600,,,0,134,,137,600,,,0
101,'Semaine-02',656,,2686,600,,,0,101,,2695,600,,,0,70,,2697,600,,,0,100,,2698,600,,,0,105,,2699,600,,,0,95,,2700,600,,,0,100,,2702,600,,,0,100,,2701,600,,,0,111,,2703,600,,,0,86,,2687,600,,,0,110,,2688,600,,,0,91,,2689,600,,,0,105,,2690,600,,,0,29,,2691,600,,,0,69,,2692,600,,,0,108,,2693,600,,,0,182,,2694,600,,,0,189,,2696,600,,,0
101,'Semaine-03',701,,2704,600,,,0,101,,2713,600,,,0,30,,2715,600,,,0,90,,2716,600,,,0,110,,2717,600,,,0,105,,2718,600,,,0,95,,2720,600,,,0,105,,2719,600,,,0,106,,2721,600,,,0,81,,2705,600,,,0,105,,2706,600,,,0,96,,2707,600,,,0,105,,2708,600,,,0,74,,2709,600,,,0,103,,2710,600,,,0,43,,2711,600,,,0,173,,2712,600,,,0,134,,2714,600,,,0
2001,'Dimanche-01',733,,190,100,,,0,11,,190,340,,,0,113,,191,100,,,0,51,,191,340,,,0,115,,192,100,,,0,11,,192,340,,,0,114,,193,100,,,0,11,,193,340,,,0,154,,194,100,,,0,11,,194,340,,,0,114,,195,100,,,0,12,,195,340,,,0,153,,196,100,,,0,12,,196,340,,,0,113,,197,100,,,0,12,,197,340,,,0
2001,'Fête-1-01',733,,2752,100,,,0,11,,2752,340,,,0,113,,2753,100,,,0,51,,2753,340,,,0,115,,2754,100,,,0,11,,2754,340,,,0,114,,2755,100,,,0,11,,2755,340,,,0,154,,2756,100,,,0,11,,2756,340,,,0,114,,2757,100,,,0,12,,2757,340,,,0,153,,2758,100,,,0,12,,2758,340,,,0,113,,2759,100,,,0,12,,2759,340,,,0
2001,'Samedi-01',733,,215,100,,,0,11,,215,340,,,0,113,,216,100,,,0,51,,216,340,,,0,115,,217,100,,,0,11,,217,340,,,0,114,,218,100,,,0,11,,218,340,,,0,154,,219,100,,,0,11,,219,340,,,0,114,,220,100,,,0,12,,220,340,,,0,153,,221,100,,,0,12,,221,340,,,0,113,,222,100,,,0,12,,222,340,,,0
2001,'Semaine-01',718,,223,100,,,0,12,,223,340,,,0,113,,224,100,,,0,13,,224,340,,,0,152,,225,100,,,0,12,,225,340,,,0,114,,226,100,,,0,12,,226,340,,,0,154,,227,100,,,0,12,,227,340,,,0,113,,228,100,,,0,12,,228,340,,,0,114,,229,100,,,0,52,,229,340,,,0,114,,230,100,,,0,12,,230,340,,,0,114,,231,100,,,0,11,,231,340,,,0
2001,'Semaine-01-0001100',2006,,233,100,,,0,11,,233,340,,,0,113,,232,100,,,0,11,,232,340,,,0
2001,'Semaine-02',718,,2760,100,,,0,12,,2760,340,,,0,113,,2761,100,,,0,13,,2761,340,,,0,152,,2762,100,,,0,12,,2762,340,,,0,114,,2763,100,,,0,12,,2763,340,,,0,154,,2764,100,,,0,12,,2764,340,,,0,113,,2765,100,,,0,12,,2765,340,,,0,114,,2766,100,,,0,52,,2766,340,,,0,114,,2767,100,,,0,12,,2767,340,,,0,114,,2768,100,,,0,11,,2768,340,,,0
2001,'Semaine-02-0001100',2006,,2770,100,,,0,11,,2770,340,,,0,113,,2769,100,,,0,11,,2769,340,,,0
2001,'Semaine-03',718,,2771,100,,,0,12,,2771,340,,,0,113,,2772,100,,,0,13,,2772,340,,,0,152,,2773,100,,,0,12,,2773,340,,,0,114,,2774,100,,,0,12,,2774,340,,,0,154,,2775,100,,,0,12,,2775,340,,,0,113,,2776,100,,,0,12,,2776,340,,,0,114,,2777,100,,,0,52,,2777,340,,,0,114,,2778,100,,,0,12,,2778,340,,,0,114,,2779,100,,,0,11,,2779,340,,,0
2001,'Semaine-03-0001100',2006,,2781,100,,,0,11,,2781,340,,,0,113,,2780,100,,,0,11,,2780,340,,,0
2801,'Semaine-01',1713,,443,490,0,7,0,39,,442,490,,,0,68,,444,490,0,7,0
2801,'Semaine-02',1658,,2980,490,0,7,0,99,,2979,490,,,0,67,,2981,490,0,7,0
2801,'Semaine-03',1713,,2994,490,0,7,0,39,,2993,490,,,0,68,,2995,490,0,7,0
