2500,'Semaine-01',619,,343,140,,,0,90,,344,140,,,0,95,,345,140,,,0
2500,'Semaine-02',619,,2887,140,,,0,93,,2888,140,,,0,92,,2889,140,,,0
2500,'Semaine-03',619,,2893,140,,,0,90,,2894,140,,,0,95,,2895,140,,,0
2501,'Semaine-01',1610,,355,300,,,0,40,,356,300,,,0,74,,357,300,,,0,79,,358,300,,,0,40,,359,300,,,0,68,,360,300,,,0
2501,'Semaine-02',1610,,2899,300,,,0,40,,2900,300,,,0,74,,2901,300,,,0,79,,2902,300,,,0,35,,2903,300,,,0,73,,2904,300,,,0
2501,'Semaine-03',1610,,2905,300,,,0,40,,2906,300,,,0,74,,2907,300,,,0,79,,2908,300,,,0,40,,2909,300,,,0,68,,2910,300,,,0
2600,'Semaine-01',445,,363,10,,,0
2600,'Semaine-02',445,,2911,10,,,0
2600,'Semaine-03',445,,2913,10,,,0
2000002500,'Dimanche-01',536,,1991,130,,,0,87,,1993,180,,,0,78,,1994,180,,,0,35,,1995,180,,,0,68,,1996,180,,,0,34,,1997,180,,,0,78,,1998,180,,,0,37,,1999,180,,,0,76,,2000,180,,,0,72,,2001,180,,,0,45,,2002,180,,,0,85,,2003,180,,,0,95,,2004,180,,,0,23,,2005,180,,,0,62,,2006,180,,,0,45,,2007,180,,,0,80,,2008,180,,,0,80,,2009,180,,,0,40,,2010,180,,,0,75,,2011,180,,,0,81,,2012,180,,,0,39,,2013,180,,,0,80,,2014,180,,,0,70,,2015,180,,,0,35,,2016,180,,,0,75,,2017,180,,,0,35,,2018,180,,,0,75,,2019,180,,,0,35,,2020,180,,,0,70,,2021,180,,,0,75,,2022,180,,,0,35,,2023,180,,,0,76,,2024,180,,,0,102,,1992,180,,,0
2000002500,'Fête-1-01',523,,4047,130,,,0,26,,4016,180,,,0,76,,4032,180,,,0,83,,4017,180,,,0,27,,4033,180,,,0,77,,4018,180,,,0,40,,4034,180,,,0,80,,4019,180,,,0,70,,4035,180,,,0,40,,4020,180,,,0,80,,4036,180,,,0,37,,4021,180,,,0,70,,4015,180,,,0,73,,4022,180,,,0,41,,4037,180,,,0,78,,4023,180,,,0,86,,4038,180,,,0,45,,4024,180,,,0,79,,4039,180,,,0,71,,4025,180,,,0,34,,4040,180,,,0,84,,4026,180,,,0,80,,4041,180,,,0,44,,4027,180,,,0,80,,4042,180,,,0,90,,4028,180,,,0,41,,4043,180,,,0,76,,4029,180,,,0,76,,4044,180,,,0,32,,4030,180,,,0,72,,4045,180,,,0,111,,4031,180,,,0,96,,4046,180,,,0
2000002500,'Samedi-01',523,,2121,130,,,0,26,,2090,180,,,0,76,,2106,180,,,0,83,,2091,180,,,0,27,,2107,180,,,0,77,,2092,180,,,0,40,,2108,180,,,0,80,,2093,180,,,0,70,,2109,180,,,0,40,,2094,180,,,0,80,,2110,180,,,0,37,,2095,180,,,0,70,,2089,180,,,0,73,,2096,180,,,0,41,,2111,180,,,0,78,,2097,180,,,0,86,,2112,180,,,0,45,,2098,180,,,0,79,,2113,180,,,0,71,,2099,180,,,0,34,,2114,180,,,0,84,,2100,180,,,0,80,,2115,180,,,0,44,,2101,180,,,0,80,,2116,180,,,0,90,,2102,180,,,0,41,,2117,180,,,0,76,,2103,180,,,0,76,,2118,180,,,0,32,,2104,180,,,0,72,,2119,180,,,0,111,,2105,180,,,0,96,,2120,180,,,0
2000002500,'Semaine-01',556,,2123,130,,,0,76,,2124,180,,,0,80,,2125,180,,,0,40,,2122,180,,,0,80,,2126,180,,,0,80,,2127,180,,,0,40,,2128,180,,,0,80,,2129,180,,,0,81,,2130,180,,,0,42,,2131,180,,,0,83,,2132,180,,,0,83,,2133,180,,,0,83,,2134,180,,,0,42,,2135,180,,,0,82,,2136,180,,,0,85,,2137,180,,,0,45,,2138,180,,,0,86,,2139,180,,,0,85,,2140,180,,,0,85,,2141,180,,,0,42,,2142,180,,,0,82,,2143,180,,,0,79,,2144,180,,,0,40,,2145,180,,,0,80,,2146,180,,,0,80,,2147,180,,,0,40,,2148,180,,,0,80,,2149,180,,,0,20,,2150,180,,,0,70,,2151,180,,,0,82,,2152,180,,,0
2000002500,'Semaine-02',556,,4049,130,,,0,76,,4050,180,,,0,80,,4051,180,,,0,40,,4048,180,,,0,80,,4052,180,,,0,80,,4053,180,,,0,40,,4054,180,,,0,80,,4055,180,,,0,81,,4056,180,,,0,42,,4057,180,,,0,83,,4058,180,,,0,83,,4059,180,,,0,83,,4060,180,,,0,42,,4061,180,,,0,82,,4062,180,,,0,85,,4063,180,,,0,45,,4064,180,,,0,86,,4065,180,,,0,85,,4066,180,,,0,85,,4067,180,,,0,42,,4068,180,,,0,82,,4069,180,,,0,79,,4070,180,,,0,40,,4071,180,,,0,80,,4072,180,,,0,80,,4073,180,,,0,40,,4074,180,,,0,80,,4075,180,,,0,20,,4076,180,,,0,70,,4077,180,,,0,82,,4078,180,,,0
2000002500,'Semaine-03',556,,4080,130,,,0,76,,4081,180,,,0,80,,4082,180,,,0,40,,4079,180,,,0,80,,4083,180,,,0,80,,4084,180,,,0,40,,4085,180,,,0,80,,4086,180,,,0,81,,4087,180,,,0,42,,4088,180,,,0,83,,4089,180,,,0,83,,4090,180,,,0,83,,4091,180,,,0,42,,4092,180,,,0,82,,4093,180,,,0,85,,4094,180,,,0,45,,4095,180,,,0,86,,4096,180,,,0,85,,4097,180,,,0,85,,4098,180,,,0,42,,4099,180,,,0,82,,4100,180,,,0,79,,4101,180,,,0,40,,4102,180,,,0,80,,4103,180,,,0,80,,4104,180,,,0,40,,4105,180,,,0,80,,4106,180,,,0,20,,4107,180,,,0,70,,4108,180,,,0,82,,4109,180,,,0
