101,'Dimanche-01',734,,73,170,,,0,205,,74,170,,,0,170,,75,170,,,0,133,,76,170,,,0,167,,77,170,,,0,120,,78,170,,,0,120,,79,170,,,0,160,,80,170,,,0,118,,81,170,,,0,174,,82,170,,,0,114,,83,170,,,0,114,,84,170,,,0
101,'Fête-1-01',734,,2674,170,,,0,205,,2675,170,,,0,170,,2676,170,,,0,133,,2677,170,,,0,167,,2678,170,,,0,120,,2679,170,,,0,120,,2680,170,,,0,160,,2681,170,,,0,118,,2682,170,,,0,174,,2683,170,,,0,114,,2684,170,,,0,114,,2685,170,,,0
101,'Samedi-01',734,,115,170,,,0,205,,116,170,,,0,170,,117,170,,,0,133,,118,170,,,0,167,,119,170,,,0,120,,120,170,,,0,120,,121,170,,,0,160,,122,170,,,0,118,,123,170,,,0,174,,124,170,,,0,114,,125,170,,,0,114,,126,170,,,0
101,'Semaine-01',633,,127,170,,,0,100,,136,170,,,0,70,,138,170,,,0,50,,139,170,,,0,151,,140,170,,,0,105,,141,170,,,0,95,,143,170,,,0,102,,142,170,,,0,106,,144,170,,,0,41,,128,170,,,0,102,,129,170,,,0,96,,130,170,,,0,149,,131,170,,,0,34,,132,170,,,0,103,,133,170,,,0,84,,134,170,,,0,134,,135,170,,,0,175,,137,170,,,0
101,'Semaine-02',628,,2686,170,,,0,100,,2695,170,,,0,30,,2697,170,,,0,100,,2698,170,,,0,146,,2699,170,,,0,55,,2700,170,,,0,100,,2702,170,,,0,97,,2701,170,,,0,151,,2703,170,,,0,46,,2687,170,,,0,147,,2688,170,,,0,51,,2689,170,,,0,149,,2690,170,,,0,29,,2691,170,,,0,29,,2692,170,,,0,148,,2693,170,,,0,144,,2694,170,,,0,190,,2696,170,,,0
101,'Semaine-03',633,,2704,170,,,0,100,,2713,170,,,0,70,,2715,170,,,0,50,,2716,170,,,0,151,,2717,170,,,0,105,,2718,170,,,0,95,,2720,170,,,0,102,,2719,170,,,0,106,,2721,170,,,0,41,,2705,170,,,0,102,,2706,170,,,0,96,,2707,170,,,0,149,,2708,170,,,0,34,,2709,170,,,0,103,,2710,170,,,0,84,,2711,170,,,0,134,,2712,170,,,0,175,,2714,170,,,0
2100,'Semaine-01',525,,240,20,,,0,30,,241,20,,,0,70,,242,20,,,0,75,,243,20,,,0,30,,244,20,,,0,75,,245,20,,,0
2100,'Semaine-02',520,,2782,20,,,0,30,,2783,20,,,0,70,,2784,20,,,0,35,,2785,20,,,0,70,,2786,20,,,0,75,,2787,20,,,0
2100,'Semaine-03',525,,2788,20,,,0,30,,2789,20,,,0,70,,2790,20,,,0,75,,2791,20,,,0,30,,2792,20,,,0,75,,2793,20,,,0
2101,'Semaine-01',1622,,254,170,,,0,23,,255,170,,,0,66,,256,170,,,0,25,,257,170,,,0,65,,258,170,,,0,28,,259,170,,,0
2101,'Semaine-02',1625,,2794,170,,,0,25,,2795,170,,,0,64,,2796,170,,,0,25,,2797,170,,,0,65,,2798,170,,,0,28,,2799,170,,,0
2101,'Semaine-03',1622,,2803,170,,,0,23,,2804,170,,,0,66,,2805,170,,,0,25,,2806,170,,,0,65,,2807,170,,,0,28,,2808,170,,,0
2801,'Semaine-01',1357,,445,110,0,6,0,188,,451,110,0,6,0,57,,454,110,0,6,0,15,,458,110,0,6,0,17,,455,110,0,6,0,15,,443,110,0,7,0,10,,457,110,0,6,0,50,,446,110,0,6,0,9,,447,110,0,6,0,10,,442,110,,,0,10,,448,110,0,6,0,8,,449,110,0,6,0,10,,444,110,0,7,0,54,,450,110,0,6,0,11,,452,110,0,6,0,25,,453,110,0,6,0
2801,'Semaine-02',1357,,2982,110,0,6,0,188,,2986,110,0,6,0,57,,2989,110,0,6,0,15,,2992,110,0,6,0,17,,2980,110,0,7,0,15,,2990,110,0,6,0,55,,2991,110,0,6,0,14,,2983,110,0,6,0,15,,2979,110,,,0,13,,2984,110,0,6,0,54,,2981,110,0,7,0,15,,2985,110,0,6,0,11,,2987,110,0,6,0,20,,2988,110,0,6,0
2801,'Semaine-03',1357,,2996,110,0,6,0,188,,3002,110,0,6,0,57,,3005,110,0,6,0,15,,3008,110,0,6,0,17,,3006,110,0,6,0,15,,2994,110,0,7,0,10,,3007,110,0,6,0,50,,2997,110,0,6,0,9,,2998,110,0,6,0,10,,2993,110,,,0,10,,2999,110,0,6,0,8,,3000,110,0,6,0,10,,2995,110,0,7,0,54,,3001,110,0,6,0,11,,3003,110,0,6,0,25,,3004,110,0,6,0
3300,'Dimanche-01',540,,682,40,,,0,82,,680,40,,,0,90,,691,40,,,0,41,,701,40,,,0,83,,703,40,,,0,93,,704,40,,,0,80,,705,40,,,0,40,,706,40,,,0,80,,707,40,,,0,80,,683,40,,,0,40,,684,40,,,0,79,,685,40,,,0,80,,686,40,,,0,40,,687,40,,,0,79,,688,40,,,0,79,,689,40,,,0,39,,690,40,,,0,79,,692,40,,,0,79,,693,40,,,0,40,,694,40,,,0,87,,695,40,,,0,85,,696,40,,,0,86,,697,40,,,0,47,,698,40,,,0,86,,699,40,,,0,83,,700,40,,,0,88,,681,40,,,0,43,,702,40,,,0,159,,708,40,0,8 6,0
3300,'Fête-1-01',600,,3181,40,,,0,41,,3179,40,,,0,81,,3190,40,,,0,82,,3200,40,,,0,42,,3202,40,,,0,84,,3203,40,,,0,81,,3204,40,,,0,42,,3205,40,,,0,82,,3206,40,,,0,82,,3182,40,,,0,42,,3183,40,,,0,82,,3184,40,,,0,82,,3185,40,,,0,82,,3186,40,,,0,42,,3187,40,,,0,82,,3188,40,,,0,82,,3189,40,,,0,45,,3191,40,,,0,79,,3192,40,,,0,82,,3193,40,,,0,42,,3194,40,,,0,79,,3195,40,,,0,82,,3196,40,,,0,81,,3197,40,,,0,42,,3198,40,,,0,83,,3199,40,,,0,86,,3201,40,,,0,46,,3180,40,,,0,153,,3207,40,0,8 6,0
3300,'Samedi-01',600,,769,40,,,0,41,,767,40,,,0,81,,778,40,,,0,82,,788,40,,,0,42,,790,40,,,0,84,,791,40,,,0,81,,792,40,,,0,42,,793,40,,,0,82,,794,40,,,0,82,,770,40,,,0,42,,771,40,,,0,82,,772,40,,,0,82,,773,40,,,0,82,,774,40,,,0,42,,775,40,,,0,82,,776,40,,,0,82,,777,40,,,0,45,,779,40,,,0,79,,780,40,,,0,82,,781,40,,,0,42,,782,40,,,0,79,,783,40,,,0,82,,784,40,,,0,81,,785,40,,,0,42,,786,40,,,0,83,,787,40,,,0,86,,789,40,,,0,46,,768,40,,,0,153,,795,40,0,8 6,0
3300,'Semaine-01',607,,796,40,,,0,40,,824,40,,,0,80,,805,40,,,0,80,,815,40,,,0,40,,818,40,,,0,80,,819,40,,,0,80,,820,40,,,0,41,,821,40,,,0,81,,822,40,,,0,83,,797,40,,,0,43,,798,40,,,0,83,,799,40,,,0,82,,800,40,,,0,82,,801,40,,,0,45,,802,40,,,0,85,,803,40,,,0,85,,804,40,,,0,85,,806,40,,,0,45,,807,40,,,0,83,,808,40,,,0,82,,809,40,,,0,40,,810,40,,,0,80,,811,40,,,0,80,,812,40,,,0,40,,813,40,,,0,80,,814,40,,,0,80,,816,40,,,0,40,,817,40,,,0
3300,'Semaine-02',602,,3208,40,,,0,41,,3236,40,,,0,81,,3217,40,,,0,82,,3227,40,,,0,42,,3230,40,,,0,82,,3231,40,,,0,82,,3232,40,,,0,42,,3233,40,,,0,83,,3234,40,,,0,83,,3209,40,,,0,83,,3210,40,,,0,43,,3211,40,,,0,83,,3212,40,,,0,84,,3213,40,,,0,46,,3214,40,,,0,87,,3215,40,,,0,86,,3216,40,,,0,85,,3218,40,,,0,42,,3219,40,,,0,81,,3220,40,,,0,81,,3221,40,,,0,81,,3222,40,,,0,41,,3223,40,,,0,81,,3224,40,,,0,80,,3225,40,,,0,40,,3226,40,,,0,80,,3228,40,,,0,80,,3229,40,,,0
3300,'Semaine-03',607,,3237,40,,,0,40,,3265,40,,,0,80,,3246,40,,,0,80,,3256,40,,,0,40,,3259,40,,,0,80,,3260,40,,,0,80,,3261,40,,,0,41,,3262,40,,,0,81,,3263,40,,,0,83,,3238,40,,,0,43,,3239,40,,,0,83,,3240,40,,,0,82,,3241,40,,,0,82,,3242,40,,,0,45,,3243,40,,,0,85,,3244,40,,,0,85,,3245,40,,,0,85,,3247,40,,,0,45,,3248,40,,,0,83,,3249,40,,,0,82,,3250,40,,,0,40,,3251,40,,,0,80,,3252,40,,,0,80,,3253,40,,,0,40,,3254,40,,,0,80,,3255,40,,,0,80,,3257,40,,,0,40,,3258,40,,,0
