2400,'Semaine-01',612,,322,250,,,0,22,,323,250,,,0,74,,324,250,,,0,92,,326,250,,,0,34,,327,250,,,0,80,,325,250,,,0
2400,'Semaine-02',556,,2866,250,,,0,78,,2867,250,,,0,81,,2868,250,,,0,42,,2869,250,,,0,82,,2870,250,,,0
2400,'Semaine-03',612,,2871,250,,,0,22,,2872,250,,,0,74,,2873,250,,,0,92,,2875,250,,,0,34,,2876,250,,,0,80,,2874,250,,,0
2500,'Semaine-01',602,,346,290,,,0,34,,343,310,,,0,21,,347,290,,,0,69,,344,310,,,0,26,,348,290,,,0,69,,345,310,,,0
2500,'Semaine-02',602,,2890,290,,,0,34,,2887,310,,,0,21,,2891,290,,,0,72,,2888,310,,,0,23,,2892,290,,,0,69,,2889,310,,,0
2500,'Semaine-03',602,,2896,290,,,0,34,,2893,310,,,0,21,,2897,290,,,0,69,,2894,310,,,0,26,,2898,290,,,0,69,,2895,310,,,0
2700,'Semaine-01',555,,375,210,,,0,80,,376,210,,,0,80,,377,210,,,0,40,,378,210,,,0,80,,379,210,,,0,787,,380,210,,,0,83,,381,210,,,0,46,,382,210,,,0,84,,383,210,,,0,86,,384,210,,,0
2700,'Semaine-02',550,,2915,210,,,0,79,,2916,210,,,0,81,,2917,210,,,0,42,,2918,210,,,0,82,,2919,210,,,0,800,,2920,210,,,0,86,,2921,210,,,0,85,,2922,210,,,0,40,,2923,210,,,0,84,,2924,210,,,0
2700,'Semaine-03',555,,2925,210,,,0,80,,2926,210,,,0,80,,2927,210,,,0,40,,2928,210,,,0,80,,2929,210,,,0,787,,2930,210,,,0,83,,2931,210,,,0,46,,2932,210,,,0,84,,2933,210,,,0,86,,2934,210,,,0
3100,'Dimanche-01',723,,492,350,,,0,218,,493,350,,,0,278,,491,350,,,0,123,,484,350,,,0,160,,485,350,,,0,118,,486,350,,,0,118,,487,350,,,0,119,,488,350,,,0,167,,489,350,,,0,221,,483,350,,,0,255,,490,350,,,0
3100,'Fête-1-01',612,,3034,350,,,0,43,,3045,350,,,0,204,,3046,350,,,0,165,,3043,350,,,0,124,,3033,350,,,0,164,,3044,350,,,0,124,,3035,350,,,0,164,,3036,350,,,0,124,,3037,350,,,0,124,,3038,350,,,0,164,,3039,350,,,0,27,,3040,350,,,0,216,,3041,350,,,0,255,,3042,350,,,0
3100,'Samedi-01',612,,537,350,,,0,43,,548,350,,,0,204,,549,350,,,0,165,,546,350,,,0,124,,536,350,,,0,164,,547,350,,,0,124,,538,350,,,0,164,,539,350,,,0,124,,540,350,,,0,124,,541,350,,,0,164,,542,350,,,0,27,,543,350,,,0,216,,544,350,,,0,255,,545,350,,,0
3100,'Semaine-01',621,,574,350,,,0,80,,550,350,,,0,40,,560,350,,,0,80,,575,350,,,0,80,,569,350,,,0,40,,570,350,,,0,80,,571,350,,,0,80,,577,350,,,0,43,,572,350,,,0,83,,573,350,,,0,83,,551,350,,,0,43,,552,350,,,0,82,,553,350,,,0,82,,554,350,,,0,85,,555,350,,,0,45,,556,350,,,0,86,,557,350,,,0,85,,558,350,,,0,84,,559,350,,,0,42,,561,350,,,0,82,,562,350,,,0,79,,563,350,,,0,40,,564,350,,,0,79,,565,350,,,0,80,,566,350,,,0,40,,567,350,,,0,80,,568,350,,,0,121,,576,350,0,5 6,0
3100,'Semaine-02',615,,3071,350,,,0,41,,3047,350,,,0,81,,3057,350,,,0,82,,3072,350,,,0,82,,3066,350,,,0,42,,3067,350,,,0,82,,3068,350,,,0,81,,3074,350,,,0,45,,3069,350,,,0,83,,3070,350,,,0,83,,3048,350,,,0,83,,3049,350,,,0,43,,3050,350,,,0,84,,3051,350,,,0,86,,3052,350,,,0,88,,3053,350,,,0,46,,3054,350,,,0,85,,3055,350,,,0,81,,3056,350,,,0,40,,3058,350,,,0,81,,3059,350,,,0,80,,3060,350,,,0,41,,3061,350,,,0,80,,3062,350,,,0,80,,3063,350,,,0,40,,3064,350,,,0,80,,3065,350,,,0,111,,3073,350,0,5 6,0
3100,'Semaine-03',621,,3099,350,,,0,80,,3075,350,,,0,40,,3085,350,,,0,80,,3100,350,,,0,80,,3094,350,,,0,40,,3095,350,,,0,80,,3096,350,,,0,80,,3102,350,,,0,43,,3097,350,,,0,83,,3098,350,,,0,83,,3076,350,,,0,43,,3077,350,,,0,82,,3078,350,,,0,82,,3079,350,,,0,85,,3080,350,,,0,45,,3081,350,,,0,86,,3082,350,,,0,85,,3083,350,,,0,84,,3084,350,,,0,42,,3086,350,,,0,82,,3087,350,,,0,79,,3088,350,,,0,40,,3089,350,,,0,79,,3090,350,,,0,80,,3091,350,,,0,40,,3092,350,,,0,80,,3093,350,,,0,121,,3101,350,0,5 6,0
