100,'Dimanche-01',636,,12,600,,,0,200,,1,600,,,0,167,,2,600,,,0,130,,3,600,,,0,125,,4,600,,,0,163,,5,600,,,0,118,,6,600,,,0,120,,7,600,,,0,163,,8,600,,,0,135,,9,600,,,0,155,,10,600,,,0,115,,11,600,,,0
100,'Fête-1-01',636,,2637,600,,,0,200,,2626,600,,,0,167,,2627,600,,,0,130,,2628,600,,,0,125,,2629,600,,,0,163,,2630,600,,,0,118,,2631,600,,,0,120,,2632,600,,,0,163,,2633,600,,,0,135,,2634,600,,,0,155,,2635,600,,,0,115,,2636,600,,,0
100,'Samedi-01',636,,54,600,,,0,200,,43,600,,,0,167,,44,600,,,0,130,,45,600,,,0,125,,46,600,,,0,163,,47,600,,,0,118,,48,600,,,0,120,,49,600,,,0,163,,50,600,,,0,135,,51,600,,,0,155,,52,600,,,0,115,,53,600,,,0
100,'Semaine-01',523,,55,600,,,0,104,,56,600,,,0,26,,57,600,,,0,82,,58,600,,,0,118,,59,600,,,0,104,,62,600,,,0,94,,71,600,,,0,101,,63,600,,,0,101,,72,600,,,0,78,,64,600,,,0,102,,65,600,,,0,100,,69,600,,,0,110,,66,600,,,0,75,,67,600,,,0,105,,60,600,,,0,92,,61,600,,,0,132,,70,600,,,0,184,,68,600,,,0
100,'Semaine-02',521,,2638,600,,,0,102,,2639,600,,,0,30,,2640,600,,,0,82,,2641,600,,,0,168,,2642,600,,,0,98,,2645,600,,,0,30,,2654,600,,,0,100,,2646,600,,,0,107,,2655,600,,,0,95,,2647,600,,,0,100,,2648,600,,,0,100,,2652,600,,,0,110,,2649,600,,,0,89,,2650,600,,,0,111,,2643,600,,,0,87,,2644,600,,,0,102,,2653,600,,,0,196,,2651,600,,,0
100,'Semaine-03',523,,2656,600,,,0,104,,2657,600,,,0,26,,2658,600,,,0,82,,2659,600,,,0,118,,2660,600,,,0,104,,2663,600,,,0,94,,2672,600,,,0,101,,2664,600,,,0,101,,2673,600,,,0,78,,2665,600,,,0,102,,2666,600,,,0,100,,2670,600,,,0,110,,2667,600,,,0,75,,2668,600,,,0,105,,2661,600,,,0,92,,2662,600,,,0,132,,2671,600,,,0,184,,2669,600,,,0
2800,'Semaine-01',513,,417,130,,,0,20,,416,130,,,0,15,,414,370,,,0,55,,428,130,,,0,15,,425,130,,,0,15,,413,410,,,0,10,,426,130,,,0,10,,415,370,,,0,51,,427,130,,,0,10,,418,130,,,0,10,,419,130,,,0,16,,420,130,,,0,15,,422,130,,,0,60,,423,130,,,0
2800,'Semaine-02',513,,2957,130,,,0,20,,2956,130,,,0,15,,2954,370,,,0,55,,2963,130,,,0,15,,2964,130,,,0,15,,2953,410,,,0,15,,2955,370,,,0,56,,2958,130,,,0,15,,2959,130,,,0,15,,2960,130,,,0,21,,2961,130,,,0,60,,2962,130,,,0
2800,'Semaine-03',513,,2969,130,,,0,20,,2968,130,,,0,15,,2966,370,,,0,55,,2978,130,,,0,15,,2975,130,,,0,15,,2965,410,,,0,10,,2976,130,,,0,10,,2967,370,,,0,51,,2977,130,,,0,10,,2970,130,,,0,10,,2971,130,,,0,16,,2972,130,,,0,15,,2973,130,,,0,60,,2974,130,,,0
3300,'Dimanche-01',611,,682,510,,,0,42,,680,510,,,0,91,,691,510,,,0,81,,701,510,,,0,83,,703,510,,,0,93,,704,510,,,0,40,,705,510,,,0,80,,706,510,,,0,80,,707,510,,,0,40,,683,510,,,0,80,,684,510,,,0,79,,685,510,,,0,40,,686,510,,,0,80,,687,510,,,0,39,,688,510,,,0,79,,689,510,,,0,79,,690,510,,,0,39,,692,510,,,0,79,,693,510,,,0,80,,694,510,,,0,87,,695,510,,,0,45,,696,510,,,0,85,,697,510,,,0,87,,698,510,,,0,86,,699,510,,,0,43,,700,510,,,0,88,,681,510,,,0,83,,702,510,,,0
3300,'Fête-1-01',631,,3181,510,,,0,81,,3179,510,,,0,42,,3190,510,,,0,82,,3200,510,,,0,82,,3202,510,,,0,84,,3203,510,,,0,41,,3204,510,,,0,82,,3205,510,,,0,82,,3206,510,,,0,42,,3182,510,,,0,82,,3183,510,,,0,82,,3184,510,,,0,42,,3185,510,,,0,82,,3186,510,,,0,82,,3187,510,,,0,82,,3188,510,,,0,42,,3189,510,,,0,85,,3191,510,,,0,79,,3192,510,,,0,42,,3193,510,,,0,82,,3194,510,,,0,79,,3195,510,,,0,41,,3196,510,,,0,81,,3197,510,,,0,82,,3198,510,,,0,43,,3199,510,,,0,86,,3201,510,,,0,86,,3180,510,,,0
3300,'Samedi-01',631,,769,510,,,0,81,,767,510,,,0,42,,778,510,,,0,82,,788,510,,,0,82,,790,510,,,0,84,,791,510,,,0,41,,792,510,,,0,82,,793,510,,,0,82,,794,510,,,0,42,,770,510,,,0,82,,771,510,,,0,82,,772,510,,,0,42,,773,510,,,0,82,,774,510,,,0,82,,775,510,,,0,82,,776,510,,,0,42,,777,510,,,0,85,,779,510,,,0,79,,780,510,,,0,42,,781,510,,,0,82,,782,510,,,0,79,,783,510,,,0,41,,784,510,,,0,81,,785,510,,,0,82,,786,510,,,0,43,,787,510,,,0,86,,789,510,,,0,86,,768,510,,,0
3300,'Semaine-01',638,,796,510,,,0,80,,824,510,,,0,41,,805,510,,,0,80,,815,510,,,0,80,,818,510,,,0,40,,819,510,,,0,80,,820,510,,,0,82,,821,510,,,0,81,,822,510,,,0,43,,797,510,,,0,83,,798,510,,,0,83,,799,510,,,0,43,,800,510,,,0,84,,801,510,,,0,86,,802,510,,,0,84,,803,510,,,0,45,,804,510,,,0,84,,806,510,,,0,81,,807,510,,,0,83,,808,510,,,0,42,,809,510,,,0,80,,810,510,,,0,80,,811,510,,,0,39,,812,510,,,0,80,,813,510,,,0,80,,814,510,,,0,40,,816,510,,,0,80,,817,510,,,0
3300,'Semaine-02',633,,3208,510,,,0,81,,3236,510,,,0,42,,3217,510,,,0,82,,3227,510,,,0,82,,3230,510,,,0,82,,3231,510,,,0,42,,3232,510,,,0,83,,3233,510,,,0,83,,3234,510,,,0,43,,3209,510,,,0,83,,3210,510,,,0,83,,3211,510,,,0,84,,3212,510,,,0,46,,3213,510,,,0,87,,3214,510,,,0,86,,3215,510,,,0,85,,3216,510,,,0,42,,3218,510,,,0,81,,3219,510,,,0,81,,3220,510,,,0,41,,3221,510,,,0,81,,3222,510,,,0,81,,3223,510,,,0,40,,3224,510,,,0,80,,3225,510,,,0,80,,3226,510,,,0,40,,3228,510,,,0,80,,3229,510,,,0
3300,'Semaine-03',638,,3237,510,,,0,80,,3265,510,,,0,41,,3246,510,,,0,80,,3256,510,,,0,80,,3259,510,,,0,40,,3260,510,,,0,80,,3261,510,,,0,82,,3262,510,,,0,81,,3263,510,,,0,43,,3238,510,,,0,83,,3239,510,,,0,83,,3240,510,,,0,43,,3241,510,,,0,84,,3242,510,,,0,86,,3243,510,,,0,84,,3244,510,,,0,45,,3245,510,,,0,84,,3247,510,,,0,81,,3248,510,,,0,83,,3249,510,,,0,42,,3250,510,,,0,80,,3251,510,,,0,80,,3252,510,,,0,39,,3253,510,,,0,80,,3254,510,,,0,80,,3255,510,,,0,40,,3257,510,,,0,80,,3258,510,,,0
