2000,'Dimanche-01',721,,146,590,,,0,124,,147,590,,,0,166,,148,590,,,0,125,,149,590,,,0,165,,150,590,,,0,124,,151,590,,,0,125,,152,590,,,0,165,,153,590,,,0
2000,'Fête-1-01',721,,2722,590,,,0,124,,2723,590,,,0,166,,2724,590,,,0,125,,2725,590,,,0,165,,2726,590,,,0,124,,2727,590,,,0,125,,2728,590,,,0,165,,2729,590,,,0
2000,'Samedi-01',721,,171,590,,,0,124,,172,590,,,0,166,,173,590,,,0,125,,174,590,,,0,165,,175,590,,,0,124,,176,590,,,0,125,,177,590,,,0,165,,178,590,,,0
2000,'Semaine-01',705,,179,580,,,0,125,,180,580,,,0,125,,181,580,,,0,166,,182,580,,,0,126,,183,580,,,0,165,,184,580,,,0,126,,185,580,,,0,166,,186,580,,,0,126,,187,580,,,0
2000,'Semaine-01-0001100',1955,,189,580,,,0,164,,188,580,,,0
2000,'Semaine-02',705,,2730,580,,,0,125,,2731,580,,,0,125,,2732,580,,,0,166,,2733,580,,,0,126,,2734,580,,,0,165,,2735,580,,,0,126,,2736,580,,,0,166,,2737,580,,,0,126,,2738,580,,,0
2000,'Semaine-02-0001100',1955,,2740,580,,,0,164,,2739,580,,,0
2000,'Semaine-03',705,,2741,580,,,0,125,,2742,580,,,0,125,,2743,580,,,0,166,,2744,580,,,0,126,,2745,580,,,0,165,,2746,580,,,0,126,,2747,580,,,0,166,,2748,580,,,0,126,,2749,580,,,0
2000,'Semaine-03-0001100',1955,,2751,580,,,0,164,,2750,580,,,0
2000001901,'Dimanche-01',740,,1246,20,0,19,0,170,,1247,20,0,19,0,131,,1248,20,0,19,0,171,,1249,20,0,19,0,130,,1250,20,0,19,0,170,,1251,20,0,19,0,130,,1252,20,0,19,0,170,,1253,20,0,19,0,129,,1254,20,0,19,0,170,,1255,20,0,19,0,130,,1256,20,0,19,0,170,,1257,20,0,19,0
2000001901,'Fête-1-01',740,,3562,20,0,19,0,170,,3563,20,0,19,0,131,,3564,20,0,19,0,171,,3565,20,0,19,0,130,,3566,20,0,19,0,170,,3567,20,0,19,0,130,,3568,20,0,19,0,170,,3569,20,0,19,0,129,,3570,20,0,19,0,170,,3571,20,0,19,0,130,,3572,20,0,19,0,170,,3573,20,0,19,0
2000001901,'Samedi-01',740,,1288,20,0,19,0,170,,1289,20,0,19,0,131,,1290,20,0,19,0,171,,1291,20,0,19,0,130,,1292,20,0,19,0,170,,1293,20,0,19,0,130,,1294,20,0,19,0,170,,1295,20,0,19,0,129,,1296,20,0,19,0,170,,1297,20,0,19,0,130,,1298,20,0,19,0,170,,1299,20,0,19,0
2000001901,'Semaine-01',656,,1300,20,0,19,0,100,,1301,20,0,19,0,70,,1302,20,0,19,0,101,,1303,20,0,19,0,100,,1304,20,0,19,0,95,,1305,20,0,19,0,100,,1306,20,0,19,0,100,,1307,20,0,19,0,100,,1308,20,0,19,0,100,,1309,20,0,19,0,103,,1310,20,0,19,0,101,,1311,20,0,19,0,100,,1312,20,0,19,0,30,,1313,20,0,19,0,96,,1314,20,0,19,0,99,,1315,20,0,19,0,160,,1316,20,0,19,0,139,,1317,20,0,19,0
2000001901,'Semaine-02',656,,3574,20,0,19,0,100,,3575,20,0,19,0,70,,3576,20,0,19,0,101,,3577,20,0,19,0,100,,3578,20,0,19,0,95,,3579,20,0,19,0,100,,3580,20,0,19,0,100,,3581,20,0,19,0,100,,3582,20,0,19,0,100,,3583,20,0,19,0,103,,3584,20,0,19,0,101,,3585,20,0,19,0,100,,3586,20,0,19,0,30,,3587,20,0,19,0,96,,3588,20,0,19,0,99,,3589,20,0,19,0,160,,3590,20,0,19,0,139,,3591,20,0,19,0
2000001901,'Semaine-03',656,,3592,20,0,19,0,100,,3593,20,0,19,0,70,,3594,20,0,19,0,101,,3595,20,0,19,0,100,,3596,20,0,19,0,95,,3597,20,0,19,0,100,,3598,20,0,19,0,100,,3599,20,0,19,0,100,,3600,20,0,19,0,100,,3601,20,0,19,0,103,,3602,20,0,19,0,101,,3603,20,0,19,0,100,,3604,20,0,19,0,30,,3605,20,0,19,0,96,,3606,20,0,19,0,99,,3607,20,0,19,0,160,,3608,20,0,19,0,139,,3609,20,0,19,0
