2000002300,'Dimanche-01',549,,1719,40,,,0,79,,1721,40,,,0,74,,1722,40,,,0,101,,1723,40,,,0,41,,1724,40,,,0,75,,1725,40,,,0,107,,1726,40,,,0,97,,1727,40,,,0,95,,1728,40,,,0,82,,1729,40,,,0,37,,1730,40,,,0,83,,1731,40,,,0,39,,1732,40,,,0,82,,1733,40,,,0,78,,1734,40,,,0,40,,1735,40,,,0,79,,1736,40,,,0,82,,1737,40,,,0,36,,1738,40,,,0,146,,1739,40,,,0,109,,1740,40,,,0,112,,1741,40,,,0,104,,1742,40,,,0,111,,1743,40,,,0,102,,1720,40,,,0
2000002300,'Fête-1-01',551,,3847,40,,,0,83,,3849,40,,,0,81,,3850,40,,,0,35,,3851,40,,,0,87,,3852,40,,,0,84,,3853,40,,,0,81,,3854,40,,,0,53,,3855,40,,,0,90,,3856,40,,,0,85,,3857,40,,,0,79,,3858,40,,,0,41,,3859,40,,,0,83,,3860,40,,,0,85,,3861,40,,,0,39,,3862,40,,,0,85,,3863,40,,,0,83,,3864,40,,,0,80,,3865,40,,,0,40,,3866,40,,,0,85,,3867,40,,,0,87,,3868,40,,,0,104,,3869,40,,,0,80,,3870,40,,,0,32,,3871,40,,,0,104,,3872,40,,,0,111,,3873,40,,,0,96,,3848,40,,,0
2000002300,'Samedi-01',551,,1799,40,,,0,83,,1801,40,,,0,81,,1802,40,,,0,35,,1803,40,,,0,87,,1804,40,,,0,84,,1805,40,,,0,81,,1806,40,,,0,53,,1807,40,,,0,90,,1808,40,,,0,85,,1809,40,,,0,79,,1810,40,,,0,41,,1811,40,,,0,83,,1812,40,,,0,85,,1813,40,,,0,39,,1814,40,,,0,85,,1815,40,,,0,83,,1816,40,,,0,80,,1817,40,,,0,40,,1818,40,,,0,85,,1819,40,,,0,87,,1820,40,,,0,104,,1821,40,,,0,80,,1822,40,,,0,32,,1823,40,,,0,104,,1824,40,,,0,111,,1825,40,,,0,96,,1800,40,,,0
2000002300,'Semaine-01',558,,1826,40,,,0,80,,1827,40,,,0,80,,1851,40,,,0,41,,1852,40,,,0,79,,1828,40,,,0,80,,1850,40,,,0,40,,1848,40,,,0,81,,1847,40,,,0,82,,1849,40,,,0,83,,1846,40,,,0,43,,1843,40,,,0,83,,1845,40,,,0,82,,1844,40,,,0,42,,1842,40,,,0,85,,1841,40,,,0,85,,1840,40,,,0,86,,1839,40,,,0,45,,1838,40,,,0,85,,1837,40,,,0,82,,1836,40,,,0,82,,1835,40,,,0,39,,1834,40,,,0,80,,1833,40,,,0,80,,1832,40,,,0,40,,1831,40,,,0,80,,1830,40,,,0,80,,1829,40,,,0,121,,1853,40,,,0
2000002300,'Semaine-02',558,,3874,40,,,0,80,,3875,40,,,0,80,,3899,40,,,0,41,,3900,40,,,0,79,,3876,40,,,0,80,,3898,40,,,0,40,,3896,40,,,0,81,,3895,40,,,0,82,,3897,40,,,0,83,,3894,40,,,0,43,,3891,40,,,0,83,,3893,40,,,0,82,,3892,40,,,0,42,,3890,40,,,0,85,,3889,40,,,0,85,,3888,40,,,0,86,,3887,40,,,0,45,,3886,40,,,0,85,,3885,40,,,0,82,,3884,40,,,0,82,,3883,40,,,0,39,,3882,40,,,0,80,,3881,40,,,0,80,,3880,40,,,0,40,,3879,40,,,0,80,,3878,40,,,0,80,,3877,40,,,0,121,,3901,40,,,0
2000002300,'Semaine-03',558,,3902,40,,,0,80,,3903,40,,,0,80,,3927,40,,,0,41,,3928,40,,,0,79,,3904,40,,,0,80,,3926,40,,,0,40,,3924,40,,,0,81,,3923,40,,,0,82,,3925,40,,,0,83,,3922,40,,,0,43,,3919,40,,,0,83,,3921,40,,,0,82,,3920,40,,,0,42,,3918,40,,,0,85,,3917,40,,,0,85,,3916,40,,,0,86,,3915,40,,,0,45,,3914,40,,,0,85,,3913,40,,,0,82,,3912,40,,,0,82,,3911,40,,,0,39,,3910,40,,,0,80,,3909,40,,,0,80,,3908,40,,,0,40,,3907,40,,,0,80,,3906,40,,,0,80,,3905,40,,,0,121,,3929,40,,,0
2000002301,'Dimanche-01',612,,1854,40,,,0,34,,1864,40,,,0,80,,1859,40,,,0,101,,1869,40,,,0,76,,1865,40,,,0,40,,1858,40,,,0,107,,1860,40,,,0,97,,1861,40,,,0,95,,1868,40,,,0,75,,1862,40,,,0,84,,1857,40,,,0,38,,1870,40,,,0,84,,1863,40,,,0,77,,1867,40,,,0,43,,1866,40,,,0,79,,1856,40,,,0,80,,1871,40,,,0,37,,1872,40,,,0,81,,1877,40,,,0,106,,1874,40,,,0,109,,1873,40,,,0,112,,1878,40,,,0,104,,1876,40,,,0,151,,1875,40,,,0,102,,1855,40,,,0
2000002301,'Fête-1-01',615,,3930,40,,,0,43,,3940,40,,,0,76,,3935,40,,,0,75,,3946,40,,,0,92,,3941,40,,,0,40,,3934,40,,,0,85,,3943,40,,,0,88,,3936,40,,,0,95,,3937,40,,,0,40,,3945,40,,,0,84,,3938,40,,,0,76,,3933,40,,,0,48,,3947,40,,,0,80,,3939,40,,,0,84,,3944,40,,,0,80,,3942,40,,,0,48,,3932,40,,,0,75,,3948,40,,,0,85,,3949,40,,,0,40,,3954,40,,,0,92,,3951,40,,,0,104,,3950,40,,,0,72,,3955,40,,,0,40,,3956,40,,,0,144,,3953,40,,,0,111,,3952,40,,,0,96,,3931,40,,,0
2000002301,'Samedi-01',615,,1935,40,,,0,43,,1945,40,,,0,76,,1940,40,,,0,75,,1951,40,,,0,92,,1946,40,,,0,40,,1939,40,,,0,85,,1948,40,,,0,88,,1941,40,,,0,95,,1942,40,,,0,40,,1950,40,,,0,84,,1943,40,,,0,76,,1938,40,,,0,48,,1952,40,,,0,80,,1944,40,,,0,84,,1949,40,,,0,80,,1947,40,,,0,48,,1937,40,,,0,75,,1953,40,,,0,85,,1954,40,,,0,40,,1959,40,,,0,92,,1956,40,,,0,104,,1955,40,,,0,72,,1960,40,,,0,40,,1961,40,,,0,144,,1958,40,,,0,111,,1957,40,,,0,96,,1936,40,,,0
2000002301,'Semaine-01',622,,1990,40,,,0,80,,1987,40,,,0,40,,1988,40,,,0,80,,1989,40,,,0,80,,1985,40,,,0,40,,1986,40,,,0,80,,1983,40,,,0,81,,1982,40,,,0,42,,1984,40,,,0,83,,1980,40,,,0,83,,1977,40,,,0,43,,1981,40,,,0,82,,1979,40,,,0,82,,1978,40,,,0,85,,1976,40,,,0,45,,1975,40,,,0,86,,1974,40,,,0,85,,1973,40,,,0,85,,1972,40,,,0,42,,1971,40,,,0,82,,1970,40,,,0,79,,1969,40,,,0,40,,1968,40,,,0,80,,1967,40,,,0,80,,1966,40,,,0,40,,1965,40,,,0,80,,1964,40,,,0,74,,1963,40,,,0,58,,1962,40,,,0
2000002301,'Semaine-02',622,,3985,40,,,0,80,,3982,40,,,0,40,,3983,40,,,0,80,,3984,40,,,0,80,,3980,40,,,0,40,,3981,40,,,0,80,,3978,40,,,0,81,,3977,40,,,0,42,,3979,40,,,0,83,,3975,40,,,0,83,,3972,40,,,0,43,,3976,40,,,0,82,,3974,40,,,0,82,,3973,40,,,0,85,,3971,40,,,0,45,,3970,40,,,0,86,,3969,40,,,0,85,,3968,40,,,0,85,,3967,40,,,0,42,,3966,40,,,0,82,,3965,40,,,0,79,,3964,40,,,0,40,,3963,40,,,0,80,,3962,40,,,0,80,,3961,40,,,0,40,,3960,40,,,0,80,,3959,40,,,0,74,,3958,40,,,0,58,,3957,40,,,0
2000002301,'Semaine-03',622,,4014,40,,,0,80,,4011,40,,,0,40,,4012,40,,,0,80,,4013,40,,,0,80,,4009,40,,,0,40,,4010,40,,,0,80,,4007,40,,,0,81,,4006,40,,,0,42,,4008,40,,,0,83,,4004,40,,,0,83,,4001,40,,,0,43,,4005,40,,,0,82,,4003,40,,,0,82,,4002,40,,,0,85,,4000,40,,,0,45,,3999,40,,,0,86,,3998,40,,,0,85,,3997,40,,,0,85,,3996,40,,,0,42,,3995,40,,,0,82,,3994,40,,,0,79,,3993,40,,,0,40,,3992,40,,,0,80,,3991,40,,,0,80,,3990,40,,,0,40,,3989,40,,,0,80,,3988,40,,,0,74,,3987,40,,,0,58,,3986,40,,,0
