101,'Dimanche-01',741,,73,290,,,0,206,,74,290,,,0,171,,75,290,,,0,133,,76,290,,,0,167,,77,290,,,0,120,,78,290,,,0,120,,79,290,,,0,160,,80,290,,,0,117,,81,290,,,0,174,,82,290,,,0,114,,83,290,,,0,113,,84,290,,,0
101,'Fête-1-01',741,,2674,290,,,0,206,,2675,290,,,0,171,,2676,290,,,0,133,,2677,290,,,0,167,,2678,290,,,0,120,,2679,290,,,0,120,,2680,290,,,0,160,,2681,290,,,0,117,,2682,290,,,0,174,,2683,290,,,0,114,,2684,290,,,0,113,,2685,290,,,0
101,'Samedi-01',741,,115,290,,,0,206,,116,290,,,0,171,,117,290,,,0,133,,118,290,,,0,167,,119,290,,,0,120,,120,290,,,0,120,,121,290,,,0,160,,122,290,,,0,117,,123,290,,,0,174,,124,290,,,0,114,,125,290,,,0,113,,126,290,,,0
101,'Semaine-01',640,,127,290,,,0,101,,136,290,,,0,70,,138,290,,,0,90,,139,290,,,0,111,,140,290,,,0,105,,141,290,,,0,95,,143,290,,,0,103,,142,290,,,0,106,,144,290,,,0,81,,128,290,,,0,103,,129,290,,,0,96,,130,290,,,0,107,,131,290,,,0,34,,132,290,,,0,103,,133,290,,,0,84,,134,290,,,0,173,,135,290,,,0,135,,137,290,,,0
101,'Semaine-02',635,,2686,290,,,0,101,,2695,290,,,0,70,,2697,290,,,0,100,,2698,290,,,0,106,,2699,290,,,0,95,,2700,290,,,0,100,,2702,290,,,0,98,,2701,290,,,0,111,,2703,290,,,0,86,,2687,290,,,0,108,,2688,290,,,0,91,,2689,290,,,0,107,,2690,290,,,0,29,,2691,290,,,0,69,,2692,290,,,0,108,,2693,290,,,0,143,,2694,290,,,0,190,,2696,290,,,0
101,'Semaine-03',640,,2704,290,,,0,101,,2713,290,,,0,70,,2715,290,,,0,90,,2716,290,,,0,111,,2717,290,,,0,105,,2718,290,,,0,95,,2720,290,,,0,103,,2719,290,,,0,106,,2721,290,,,0,81,,2705,290,,,0,103,,2706,290,,,0,96,,2707,290,,,0,107,,2708,290,,,0,34,,2709,290,,,0,103,,2710,290,,,0,84,,2711,290,,,0,173,,2712,290,,,0,135,,2714,290,,,0
2301,'Semaine-01',1601,,310,300,,,0,25,,311,300,,,0,30,,312,300,,,0,70,,313,300,,,0,28,,314,300,,,0,69,,315,300,,,0,29,,316,300,,,0
2301,'Semaine-02',1601,,2852,300,,,0,25,,2853,300,,,0,30,,2854,300,,,0,70,,2855,300,,,0,23,,2856,300,,,0,74,,2857,300,,,0,29,,2858,300,,,0
2301,'Semaine-03',1601,,2859,300,,,0,25,,2860,300,,,0,30,,2861,300,,,0,70,,2862,300,,,0,28,,2863,300,,,0,69,,2864,300,,,0,29,,2865,300,,,0
2801,'Semaine-01',1406,,445,230,0,6,0,150,,451,230,0,6,0,56,,454,230,0,6,0,15,,458,230,0,6,0,17,,455,230,0,6,0,15,,443,230,0,7,0,50,,457,230,0,6,0,10,,446,230,0,6,0,9,,447,230,0,6,0,10,,442,230,,,0,10,,448,230,0,6,0,8,,449,230,0,6,0,50,,444,230,0,7,0,14,,450,230,0,6,0,10,,452,230,0,6,0,25,,453,230,0,6,0
2801,'Semaine-02',1411,,2982,230,0,6,0,190,,2986,230,0,6,0,16,,2989,230,0,6,0,15,,2992,230,0,6,0,12,,2980,230,0,7,0,60,,2990,230,0,6,0,15,,2991,230,0,6,0,14,,2983,230,0,6,0,10,,2979,230,,,0,58,,2984,230,0,6,0,9,,2981,230,0,7,0,20,,2985,230,0,6,0,10,,2987,230,0,6,0,60,,2988,230,0,6,0
2801,'Semaine-03',1406,,2996,230,0,6,0,150,,3002,230,0,6,0,56,,3005,230,0,6,0,15,,3008,230,0,6,0,17,,3006,230,0,6,0,15,,2994,230,0,7,0,50,,3007,230,0,6,0,10,,2997,230,0,6,0,9,,2998,230,0,6,0,10,,2993,230,,,0,10,,2999,230,0,6,0,8,,3000,230,0,6,0,50,,2995,230,0,7,0,14,,3001,230,0,6,0,10,,3003,230,0,6,0,25,,3004,230,0,6,0
3300,'Dimanche-01',547,,682,170,,,0,82,,680,170,,,0,90,,691,170,,,0,81,,701,170,,,0,43,,703,170,,,0,93,,704,170,,,0,80,,705,170,,,0,40,,706,170,,,0,80,,707,170,,,0,80,,683,170,,,0,40,,684,170,,,0,79,,685,170,,,0,80,,686,170,,,0,40,,687,170,,,0,79,,688,170,,,0,79,,689,170,,,0,39,,690,170,,,0,79,,692,170,,,0,79,,693,170,,,0,40,,694,170,,,0,87,,695,170,,,0,85,,696,170,,,0,86,,697,170,,,0,47,,698,170,,,0,86,,699,170,,,0,83,,700,170,,,0,88,,681,170,,,0,43,,702,170,,,0,159,,708,170,0,8 6,0
3300,'Fête-1-01',607,,3181,170,,,0,41,,3179,170,,,0,81,,3190,170,,,0,82,,3200,170,,,0,42,,3202,170,,,0,84,,3203,170,,,0,81,,3204,170,,,0,82,,3205,170,,,0,42,,3206,170,,,0,82,,3182,170,,,0,82,,3183,170,,,0,42,,3184,170,,,0,82,,3185,170,,,0,82,,3186,170,,,0,42,,3187,170,,,0,82,,3188,170,,,0,82,,3189,170,,,0,85,,3191,170,,,0,39,,3192,170,,,0,82,,3193,170,,,0,82,,3194,170,,,0,39,,3195,170,,,0,82,,3196,170,,,0,81,,3197,170,,,0,42,,3198,170,,,0,83,,3199,170,,,0,86,,3201,170,,,0,86,,3180,170,,,0,113,,3207,170,0,8 6,0
3300,'Samedi-01',607,,769,170,,,0,41,,767,170,,,0,81,,778,170,,,0,82,,788,170,,,0,42,,790,170,,,0,84,,791,170,,,0,81,,792,170,,,0,82,,793,170,,,0,42,,794,170,,,0,82,,770,170,,,0,82,,771,170,,,0,42,,772,170,,,0,82,,773,170,,,0,82,,774,170,,,0,42,,775,170,,,0,82,,776,170,,,0,82,,777,170,,,0,85,,779,170,,,0,39,,780,170,,,0,82,,781,170,,,0,82,,782,170,,,0,39,,783,170,,,0,82,,784,170,,,0,81,,785,170,,,0,42,,786,170,,,0,83,,787,170,,,0,86,,789,170,,,0,86,,768,170,,,0,113,,795,170,0,8 6,0
3300,'Semaine-01',614,,796,170,,,0,40,,824,170,,,0,81,,805,170,,,0,80,,815,170,,,0,40,,818,170,,,0,79,,819,170,,,0,80,,820,170,,,0,42,,821,170,,,0,81,,822,170,,,0,83,,797,170,,,0,83,,798,170,,,0,43,,799,170,,,0,82,,800,170,,,0,83,,801,170,,,0,46,,802,170,,,0,85,,803,170,,,0,85,,804,170,,,0,84,,806,170,,,0,43,,807,170,,,0,83,,808,170,,,0,82,,809,170,,,0,40,,810,170,,,0,80,,811,170,,,0,80,,812,170,,,0,40,,813,170,,,0,80,,814,170,,,0,80,,816,170,,,0,40,,817,170,,,0,96,,823,120,0,8 6,0
3300,'Semaine-02',609,,3208,170,,,0,41,,3236,170,,,0,82,,3217,170,,,0,82,,3227,170,,,0,42,,3230,170,,,0,81,,3231,170,,,0,82,,3232,170,,,0,83,,3233,170,,,0,43,,3234,170,,,0,83,,3209,170,,,0,83,,3210,170,,,0,43,,3211,170,,,0,83,,3212,170,,,0,85,,3213,170,,,0,87,,3214,170,,,0,47,,3215,170,,,0,85,,3216,170,,,0,84,,3218,170,,,0,81,,3219,170,,,0,41,,3220,170,,,0,81,,3221,170,,,0,81,,3222,170,,,0,41,,3223,170,,,0,81,,3224,170,,,0,80,,3225,170,,,0,40,,3226,170,,,0,80,,3228,170,,,0,80,,3229,170,,,0,45,,3235,120,0,8 6,0
3300,'Semaine-03',614,,3237,170,,,0,40,,3265,170,,,0,81,,3246,170,,,0,80,,3256,170,,,0,40,,3259,170,,,0,79,,3260,170,,,0,80,,3261,170,,,0,42,,3262,170,,,0,81,,3263,170,,,0,83,,3238,170,,,0,83,,3239,170,,,0,43,,3240,170,,,0,82,,3241,170,,,0,83,,3242,170,,,0,46,,3243,170,,,0,85,,3244,170,,,0,85,,3245,170,,,0,84,,3247,170,,,0,43,,3248,170,,,0,83,,3249,170,,,0,82,,3250,170,,,0,40,,3251,170,,,0,80,,3252,170,,,0,80,,3253,170,,,0,40,,3254,170,,,0,80,,3255,170,,,0,80,,3257,170,,,0,40,,3258,170,,,0,96,,3264,120,0,8 6,0
