11100,'Dimanche-01',713,,861,240,0,5 6,0,100,,857,240,0,5 10,0,146,,856,240,0,5 10,0,290,,858,240,0,5 10,0,289,,859,240,0,5 10,0,200,,862,240,0,5 6,0,106,,860,240,0,5 10,0,380,,863,240,0,5 6,0
11100,'Fête-1-01',713,,3297,240,0,5 6,0,100,,3293,240,0,5 10,0,146,,3292,240,0,5 10,0,290,,3294,240,0,5 10,0,289,,3295,240,0,5 10,0,200,,3298,240,0,5 6,0,106,,3296,240,0,5 10,0,380,,3299,240,0,5 6,0
11100,'Samedi-01',713,,891,240,0,5 6,0,100,,887,240,0,5 10,0,146,,886,240,0,5 10,0,290,,888,240,0,5 10,0,289,,889,240,0,5 10,0,200,,892,240,0,5 6,0,106,,890,240,0,5 10,0,380,,893,240,0,5 6,0
11100,'Semaine-01',524,,902,240,0,5 15,0,15,,896,240,0,5 10,0,20,,900,240,0,5 15,0,66,,903,240,0,5 15,0,6,,897,240,0,5 10,0,14,,901,240,0,5 15,0,71,,909,240,0,5 15,0,20,,904,240,0,5 15,0,5,,898,240,0,5 10,0,15,,911,240,0,5 15,0,80,,899,240,0,5 10,0,118,,912,240,0,5 10,0,75,,894,240,0,5 10,0,105,,914,240,0,5 6,0,120,,895,240,0,5 10,0,380,,906,240,0,5 10,0,12,,905,240,0,5 15,0,89,,908,240,0,5 10,0,22,,907,240,0,5 15,0,273,,913,240,0,5 6,0,103,,910,240,0,5 10,0
11100,'Semaine-02',524,,3304,240,0,5 14,0,30,,3302,240,0,5 14,0,72,,3305,240,0,5 14,0,30,,3303,240,0,5 14,0,70,,3309,240,0,5 14,0,30,,3310,240,0,5 14,0,70,,3301,240,0,5 10,0,106,,3311,240,0,5 10,0,97,,3315,240,0,5 10,0,105,,3313,240,0,5 6,0,168,,3300,240,0,5 10,0,400,,3306,240,0,5 14,0,25,,3308,240,0,5 14,0,31,,3307,240,0,5 14,0,270,,3312,240,0,5 6,0,105,,3314,240,0,5 10,0
11100,'Semaine-03',524,,3324,240,0,5 15,0,15,,3318,240,0,5 10,0,20,,3322,240,0,5 15,0,66,,3325,240,0,5 15,0,6,,3319,240,0,5 10,0,14,,3323,240,0,5 15,0,71,,3331,240,0,5 15,0,20,,3326,240,0,5 15,0,5,,3320,240,0,5 10,0,15,,3333,240,0,5 15,0,80,,3321,240,0,5 10,0,118,,3334,240,0,5 10,0,75,,3316,240,0,5 10,0,105,,3336,240,0,5 6,0,120,,3317,240,0,5 10,0,380,,3328,240,0,5 10,0,12,,3327,240,0,5 15,0,89,,3330,240,0,5 10,0,22,,3329,240,0,5 15,0,273,,3335,240,0,5 6,0,103,,3332,240,0,5 10,0
14001,'Dimanche-01',755,,977,360,,,0,152,,979,510,,,0,115,,980,510,,,0,116,,981,510,,,0,116,,982,510,,,0,155,,983,510,,,0,115,,984,510,,,0,120,,985,510,,,0,159,,978,510,4,,0
14001,'Fête-1-01',755,,3383,360,,,0,152,,3385,510,,,0,115,,3386,510,,,0,116,,3387,510,,,0,116,,3388,510,,,0,155,,3389,510,,,0,115,,3390,510,,,0,120,,3391,510,,,0,159,,3384,510,4,,0
14001,'Samedi-01',755,,1008,360,,,0,152,,1010,510,,,0,115,,1011,510,,,0,116,,1012,510,,,0,116,,1013,510,,,0,155,,1014,510,,,0,115,,1015,510,,,0,120,,1016,510,,,0,159,,1009,510,4,,0
14001,'Semaine-01',620,,1018,360,,,0,97,,1029,380,,,0,103,,1017,460,,,0,121,,1019,510,,,0,160,,1020,510,,,0,123,,1021,510,,,0,125,,1022,510,,,0,165,,1023,510,,,0,125,,1024,510,,,0,164,,1025,510,,,0,125,,1026,510,,,0,119,,1027,510,,,0,153,,1028,510,4,,0
14001,'Semaine-02',620,,3393,360,,,0,97,,3404,380,,,0,103,,3392,460,,,0,121,,3394,510,,,0,160,,3395,510,,,0,123,,3396,510,,,0,125,,3397,510,,,0,165,,3398,510,,,0,125,,3399,510,,,0,164,,3400,510,,,0,125,,3401,510,,,0,119,,3402,510,,,0,153,,3403,510,4,,0
14001,'Semaine-03',620,,3406,360,,,0,97,,3417,380,,,0,103,,3405,460,,,0,121,,3407,510,,,0,160,,3408,510,,,0,123,,3409,510,,,0,125,,3410,510,,,0,165,,3411,510,,,0,125,,3412,510,,,0,164,,3413,510,,,0,125,,3414,510,,,0,119,,3415,510,,,0,153,,3416,510,4,,0
