100,'Dimanche-01',631,,12,540,,,0,200,,1,540,,,0,126,,2,540,,,0,170,,3,540,,,0,125,,4,540,,,0,164,,5,540,,,0,118,,6,540,,,0,120,,7,540,,,0,163,,8,540,,,0,135,,9,540,,,0,155,,10,540,,,0,115,,11,540,,,0
100,'Fête-1-01',631,,2637,540,,,0,200,,2626,540,,,0,126,,2627,540,,,0,170,,2628,540,,,0,125,,2629,540,,,0,164,,2630,540,,,0,118,,2631,540,,,0,120,,2632,540,,,0,163,,2633,540,,,0,135,,2634,540,,,0,155,,2635,540,,,0,115,,2636,540,,,0
100,'Samedi-01',631,,54,540,,,0,200,,43,540,,,0,126,,44,540,,,0,170,,45,540,,,0,125,,46,540,,,0,164,,47,540,,,0,118,,48,540,,,0,120,,49,540,,,0,163,,50,540,,,0,135,,51,540,,,0,155,,52,540,,,0,115,,53,540,,,0
100,'Semaine-01',517,,55,540,,,0,104,,56,540,,,0,26,,57,540,,,0,81,,58,540,,,0,119,,59,540,,,0,104,,62,540,,,0,94,,71,540,,,0,101,,63,540,,,0,100,,72,540,,,0,78,,64,540,,,0,102,,65,540,,,0,100,,69,540,,,0,110,,66,540,,,0,75,,67,540,,,0,107,,60,540,,,0,92,,61,540,,,0,133,,70,540,,,0,184,,68,540,,,0
100,'Semaine-02',515,,2638,540,,,0,102,,2639,540,,,0,30,,2640,540,,,0,81,,2641,540,,,0,129,,2642,540,,,0,98,,2645,540,,,0,70,,2654,540,,,0,100,,2646,540,,,0,106,,2655,540,,,0,95,,2647,540,,,0,100,,2648,540,,,0,100,,2652,540,,,0,110,,2649,540,,,0,89,,2650,540,,,0,113,,2643,540,,,0,87,,2644,540,,,0,103,,2653,540,,,0,196,,2651,540,,,0
100,'Semaine-03',517,,2656,540,,,0,104,,2657,540,,,0,26,,2658,540,,,0,81,,2659,540,,,0,119,,2660,540,,,0,104,,2663,540,,,0,94,,2672,540,,,0,101,,2664,540,,,0,100,,2673,540,,,0,78,,2665,540,,,0,102,,2666,540,,,0,100,,2670,540,,,0,110,,2667,540,,,0,75,,2668,540,,,0,107,,2661,540,,,0,92,,2662,540,,,0,133,,2671,540,,,0,184,,2669,540,,,0
2300,'Semaine-01',536,,295,210,,,0,65,,296,210,,,0,15,,297,210,,,0,35,,298,210,,,0,65,,299,210,,,0,20,,300,210,,,0,20,,301,210,,,0,60,,302,210,,,0
2300,'Semaine-02',536,,2836,210,,,0,65,,2837,210,,,0,15,,2838,210,,,0,35,,2839,210,,,0,65,,2840,210,,,0,15,,2841,210,,,0,25,,2842,210,,,0,60,,2843,210,,,0
2300,'Semaine-03',536,,2844,210,,,0,65,,2845,210,,,0,15,,2846,210,,,0,35,,2847,210,,,0,65,,2848,210,,,0,20,,2849,210,,,0,20,,2850,210,,,0,60,,2851,210,,,0
2400,'Semaine-01',605,,322,150,,,0,22,,323,150,,,0,74,,324,150,,,0,52,,326,150,,,0,74,,327,150,,,0,80,,325,150,,,0
2400,'Semaine-02',549,,2866,150,,,0,78,,2867,150,,,0,81,,2868,150,,,0,42,,2869,150,,,0,82,,2870,150,,,0
2400,'Semaine-03',605,,2871,150,,,0,22,,2872,150,,,0,74,,2873,150,,,0,52,,2875,150,,,0,74,,2876,150,,,0,80,,2874,150,,,0
2800,'Semaine-01',508,,417,70,,,0,20,,416,70,,,0,15,,414,310,,,0,15,,428,70,,,0,55,,425,70,,,0,15,,413,350,,,0,10,,426,70,,,0,10,,415,310,,,0,11,,427,70,,,0,50,,418,70,,,0,10,,419,70,,,0,15,,420,70,,,0,15,,422,70,,,0,60,,423,70,,,0
2800,'Semaine-02',508,,2957,70,,,0,20,,2956,70,,,0,15,,2954,310,,,0,15,,2963,70,,,0,55,,2964,70,,,0,15,,2953,350,,,0,15,,2955,310,,,0,16,,2958,70,,,0,55,,2959,70,,,0,15,,2960,70,,,0,20,,2961,70,,,0,60,,2962,70,,,0
2800,'Semaine-03',508,,2969,70,,,0,20,,2968,70,,,0,15,,2966,310,,,0,15,,2978,70,,,0,55,,2975,70,,,0,15,,2965,350,,,0,10,,2976,70,,,0,10,,2967,310,,,0,11,,2977,70,,,0,50,,2970,70,,,0,10,,2971,70,,,0,15,,2972,70,,,0,15,,2973,70,,,0,60,,2974,70,,,0
3300,'Dimanche-01',602,,682,390,,,0,42,,680,390,,,0,91,,691,390,,,0,81,,701,390,,,0,43,,703,390,,,0,93,,704,390,,,0,80,,705,390,,,0,80,,706,390,,,0,40,,707,390,,,0,80,,683,390,,,0,80,,684,390,,,0,39,,685,390,,,0,80,,686,390,,,0,80,,687,390,,,0,39,,688,390,,,0,79,,689,390,,,0,79,,690,390,,,0,39,,692,390,,,0,79,,693,390,,,0,80,,694,390,,,0,47,,695,390,,,0,85,,696,390,,,0,85,,697,390,,,0,87,,698,390,,,0,46,,699,390,,,0,83,,700,390,,,0,88,,681,390,,,0,83,,702,390,,,0
3300,'Fête-1-01',622,,3181,390,,,0,81,,3179,390,,,0,42,,3190,390,,,0,82,,3200,390,,,0,82,,3202,390,,,0,44,,3203,390,,,0,81,,3204,390,,,0,82,,3205,390,,,0,42,,3206,390,,,0,82,,3182,390,,,0,82,,3183,390,,,0,82,,3184,390,,,0,42,,3185,390,,,0,82,,3186,390,,,0,82,,3187,390,,,0,42,,3188,390,,,0,82,,3189,390,,,0,85,,3191,390,,,0,39,,3192,390,,,0,82,,3193,390,,,0,82,,3194,390,,,0,79,,3195,390,,,0,41,,3196,390,,,0,81,,3197,390,,,0,82,,3198,390,,,0,43,,3199,390,,,0,86,,3201,390,,,0,86,,3180,390,,,0
3300,'Samedi-01',622,,769,390,,,0,81,,767,390,,,0,42,,778,390,,,0,82,,788,390,,,0,82,,790,390,,,0,44,,791,390,,,0,81,,792,390,,,0,82,,793,390,,,0,42,,794,390,,,0,82,,770,390,,,0,82,,771,390,,,0,82,,772,390,,,0,42,,773,390,,,0,82,,774,390,,,0,82,,775,390,,,0,42,,776,390,,,0,82,,777,390,,,0,85,,779,390,,,0,39,,780,390,,,0,82,,781,390,,,0,82,,782,390,,,0,79,,783,390,,,0,41,,784,390,,,0,81,,785,390,,,0,82,,786,390,,,0,43,,787,390,,,0,86,,789,390,,,0,86,,768,390,,,0
3300,'Semaine-01',629,,796,390,,,0,80,,824,390,,,0,41,,805,390,,,0,80,,815,390,,,0,80,,818,390,,,0,40,,819,390,,,0,80,,820,390,,,0,82,,821,390,,,0,41,,822,390,,,0,83,,797,390,,,0,83,,798,390,,,0,83,,799,390,,,0,43,,800,390,,,0,83,,801,390,,,0,86,,802,390,,,0,45,,803,390,,,0,85,,804,390,,,0,84,,806,390,,,0,81,,807,390,,,0,43,,808,390,,,0,82,,809,390,,,0,80,,810,390,,,0,40,,811,390,,,0,79,,812,390,,,0,80,,813,390,,,0,40,,814,390,,,0,80,,816,390,,,0,80,,817,390,,,0
3300,'Semaine-02',624,,3208,390,,,0,81,,3236,390,,,0,42,,3217,390,,,0,82,,3227,390,,,0,82,,3230,390,,,0,42,,3231,390,,,0,82,,3232,390,,,0,83,,3233,390,,,0,83,,3234,390,,,0,43,,3209,390,,,0,83,,3210,390,,,0,83,,3211,390,,,0,44,,3212,390,,,0,85,,3213,390,,,0,87,,3214,390,,,0,87,,3215,390,,,0,45,,3216,390,,,0,82,,3218,390,,,0,81,,3219,390,,,0,81,,3220,390,,,0,41,,3221,390,,,0,81,,3222,390,,,0,81,,3223,390,,,0,40,,3224,390,,,0,80,,3225,390,,,0,80,,3226,390,,,0,40,,3228,390,,,0,80,,3229,390,,,0
3300,'Semaine-03',629,,3237,390,,,0,80,,3265,390,,,0,41,,3246,390,,,0,80,,3256,390,,,0,80,,3259,390,,,0,40,,3260,390,,,0,80,,3261,390,,,0,82,,3262,390,,,0,41,,3263,390,,,0,83,,3238,390,,,0,83,,3239,390,,,0,83,,3240,390,,,0,43,,3241,390,,,0,83,,3242,390,,,0,86,,3243,390,,,0,45,,3244,390,,,0,85,,3245,390,,,0,84,,3247,390,,,0,81,,3248,390,,,0,43,,3249,390,,,0,82,,3250,390,,,0,80,,3251,390,,,0,40,,3252,390,,,0,79,,3253,390,,,0,80,,3254,390,,,0,40,,3255,390,,,0,80,,3257,390,,,0,80,,3258,390,,,0
