101,'Dimanche-01',750,,73,380,,,0,206,,74,380,,,0,171,,75,380,,,0,173,,76,380,,,0,127,,77,380,,,0,120,,78,380,,,0,160,,79,380,,,0,120,,80,380,,,0,117,,81,380,,,0,174,,82,380,,,0,114,,83,380,,,0,113,,84,380,,,0
101,'Fête-1-01',750,,2674,380,,,0,206,,2675,380,,,0,171,,2676,380,,,0,173,,2677,380,,,0,127,,2678,380,,,0,120,,2679,380,,,0,160,,2680,380,,,0,120,,2681,380,,,0,117,,2682,380,,,0,174,,2683,380,,,0,114,,2684,380,,,0,113,,2685,380,,,0
101,'Samedi-01',750,,115,380,,,0,206,,116,380,,,0,171,,117,380,,,0,173,,118,380,,,0,127,,119,380,,,0,120,,120,380,,,0,160,,121,380,,,0,120,,122,380,,,0,117,,123,380,,,0,174,,124,380,,,0,114,,125,380,,,0,113,,126,380,,,0
101,'Semaine-01',649,,127,380,,,0,101,,136,380,,,0,70,,138,380,,,0,90,,139,380,,,0,111,,140,380,,,0,105,,141,380,,,0,95,,143,380,,,0,104,,142,380,,,0,106,,144,380,,,0,81,,128,380,,,0,104,,129,380,,,0,96,,130,380,,,0,106,,131,380,,,0,34,,132,380,,,0,103,,133,380,,,0,83,,134,380,,,0,173,,135,380,,,0,135,,137,380,,,0
101,'Semaine-02',644,,2686,380,,,0,101,,2695,380,,,0,70,,2697,380,,,0,100,,2698,380,,,0,106,,2699,380,,,0,95,,2700,380,,,0,100,,2702,380,,,0,99,,2701,380,,,0,111,,2703,380,,,0,86,,2687,380,,,0,109,,2688,380,,,0,91,,2689,380,,,0,106,,2690,380,,,0,29,,2691,380,,,0,69,,2692,380,,,0,108,,2693,380,,,0,182,,2694,380,,,0,150,,2696,380,,,0
101,'Semaine-03',649,,2704,380,,,0,101,,2713,380,,,0,70,,2715,380,,,0,90,,2716,380,,,0,111,,2717,380,,,0,105,,2718,380,,,0,95,,2720,380,,,0,104,,2719,380,,,0,106,,2721,380,,,0,81,,2705,380,,,0,104,,2706,380,,,0,96,,2707,380,,,0,106,,2708,380,,,0,34,,2709,380,,,0,103,,2710,380,,,0,83,,2711,380,,,0,173,,2712,380,,,0,135,,2714,380,,,0
2801,'Semaine-01',1702,,443,270,0,7,0,39,,442,270,,,0,68,,444,270,0,7,0
2801,'Semaine-02',1647,,2980,270,0,7,0,99,,2979,270,,,0,67,,2981,270,0,7,0
2801,'Semaine-03',1702,,2994,270,0,7,0,39,,2993,270,,,0,68,,2995,270,0,7,0
2000000100,'Dimanche-01',553,,1030,20,4,,0,170,,1031,20,4,,0,130,,1032,20,4,,0,170,,1033,20,4,,0,130,,1034,20,4,,0,170,,1035,20,4,,0,130,,1036,20,4,,0,170,,1037,20,4,,0,130,,1038,20,4,,0,170,,1039,20,4,,0,130,,1040,20,4,,0,170,,1041,20,4,,0
2000000100,'Fête-1-01',553,,3418,20,4,,0,170,,3419,20,4,,0,130,,3420,20,4,,0,170,,3421,20,4,,0,130,,3422,20,4,,0,170,,3423,20,4,,0,130,,3424,20,4,,0,170,,3425,20,4,,0,130,,3426,20,4,,0,170,,3427,20,4,,0,130,,3428,20,4,,0,170,,3429,20,4,,0
2000000100,'Samedi-01',553,,1114,20,4,,0,170,,1115,20,4,,0,130,,1116,20,4,,0,170,,1117,20,4,,0,130,,1118,20,4,,0,170,,1119,20,4,,0,130,,1120,20,4,,0,170,,1121,20,4,,0,130,,1122,20,4,,0,170,,1123,20,4,,0,130,,1124,20,4,,0,170,,1125,20,4,,0
2000000100,'Semaine-01',459,,1138,20,4,,0,100,,1139,20,4,,0,70,,1140,20,4,,0,100,,1141,20,4,,0,100,,1142,20,4,,0,101,,1143,20,4,,0,90,,1144,20,4,,0,105,,1145,20,4,,0,100,,1146,20,4,,0,100,,1147,20,4,,0,100,,1148,20,4,,0,100,,1149,20,4,,0,100,,1150,20,4,,0,34,,1151,20,4,,0,100,,1152,20,4,,0,90,,1153,20,4,,0,171,,1154,20,4,,0,184,,1155,20,4,,0
2000000100,'Semaine-02',459,,3442,20,4,,0,100,,3443,20,4,,0,70,,3444,20,4,,0,100,,3445,20,4,,0,100,,3446,20,4,,0,101,,3447,20,4,,0,90,,3448,20,4,,0,105,,3449,20,4,,0,100,,3450,20,4,,0,100,,3451,20,4,,0,100,,3452,20,4,,0,100,,3453,20,4,,0,100,,3454,20,4,,0,34,,3455,20,4,,0,100,,3456,20,4,,0,90,,3457,20,4,,0,171,,3458,20,4,,0,184,,3459,20,4,,0
2000000100,'Semaine-03',459,,3478,20,4,,0,100,,3479,20,4,,0,70,,3480,20,4,,0,100,,3481,20,4,,0,100,,3482,20,4,,0,101,,3483,20,4,,0,90,,3484,20,4,,0,105,,3485,20,4,,0,100,,3486,20,4,,0,100,,3487,20,4,,0,100,,3488,20,4,,0,100,,3489,20,4,,0,100,,3490,20,4,,0,34,,3491,20,4,,0,100,,3492,20,4,,0,90,,3493,20,4,,0,171,,3494,20,4,,0,184,,3495,20,4,,0
