100,'Dimanche-01',607,,12,180,,,0,200,,1,180,,,0,125,,2,180,,,0,170,,3,180,,,0,125,,4,180,,,0,124,,5,180,,,0,160,,6,180,,,0,120,,7,180,,,0,124,,8,180,,,0,175,,9,180,,,0,115,,10,180,,,0,155,,11,180,,,0
100,'Fête-1-01',607,,2637,180,,,0,200,,2626,180,,,0,125,,2627,180,,,0,170,,2628,180,,,0,125,,2629,180,,,0,124,,2630,180,,,0,160,,2631,180,,,0,120,,2632,180,,,0,124,,2633,180,,,0,175,,2634,180,,,0,115,,2635,180,,,0,155,,2636,180,,,0
100,'Samedi-01',607,,54,180,,,0,200,,43,180,,,0,125,,44,180,,,0,170,,45,180,,,0,125,,46,180,,,0,124,,47,180,,,0,160,,48,180,,,0,120,,49,180,,,0,124,,50,180,,,0,175,,51,180,,,0,115,,52,180,,,0,155,,53,180,,,0
100,'Semaine-01',451,,55,180,,,0,103,,56,180,,,0,65,,57,180,,,0,81,,58,180,,,0,119,,59,180,,,0,105,,62,180,,,0,94,,71,180,,,0,101,,63,180,,,0,100,,72,180,,,0,38,,64,180,,,0,102,,65,180,,,0,100,,69,180,,,0,150,,66,180,,,0,35,,67,180,,,0,108,,60,180,,,0,95,,61,180,,,0,173,,70,180,,,0,185,,68,180,,,0
100,'Semaine-02',449,,2638,180,,,0,100,,2639,180,,,0,70,,2640,180,,,0,81,,2641,180,,,0,129,,2642,180,,,0,99,,2645,180,,,0,30,,2654,180,,,0,100,,2646,180,,,0,146,,2655,180,,,0,55,,2647,180,,,0,100,,2648,180,,,0,100,,2652,180,,,0,150,,2649,180,,,0,49,,2650,180,,,0,154,,2643,180,,,0,90,,2644,180,,,0,103,,2653,180,,,0,197,,2651,180,,,0
100,'Semaine-03',451,,2656,180,,,0,103,,2657,180,,,0,65,,2658,180,,,0,81,,2659,180,,,0,119,,2660,180,,,0,105,,2663,180,,,0,94,,2672,180,,,0,101,,2664,180,,,0,100,,2673,180,,,0,38,,2665,180,,,0,102,,2666,180,,,0,100,,2670,180,,,0,150,,2667,180,,,0,35,,2668,180,,,0,108,,2661,180,,,0,95,,2662,180,,,0,173,,2671,180,,,0,185,,2669,180,,,0
2000,'Dimanche-01',704,,146,230,,,0,12,,146,470,,,0,112,,147,230,,,0,12,,147,470,,,0,114,,148,230,,,0,52,,148,470,,,0,113,,149,230,,,0,12,,149,470,,,0,113,,150,230,,,0,12,,150,470,,,0,152,,151,230,,,0,12,,151,470,,,0,113,,152,230,,,0,12,,152,470,,,0,113,,153,230,,,0,52,,153,470,,,0
2000,'Fête-1-01',704,,2722,230,,,0,12,,2722,470,,,0,112,,2723,230,,,0,12,,2723,470,,,0,114,,2724,230,,,0,52,,2724,470,,,0,113,,2725,230,,,0,12,,2725,470,,,0,113,,2726,230,,,0,12,,2726,470,,,0,152,,2727,230,,,0,12,,2727,470,,,0,113,,2728,230,,,0,12,,2728,470,,,0,113,,2729,230,,,0,52,,2729,470,,,0
2000,'Samedi-01',704,,171,230,,,0,12,,171,470,,,0,112,,172,230,,,0,12,,172,470,,,0,114,,173,230,,,0,52,,173,470,,,0,113,,174,230,,,0,12,,174,470,,,0,113,,175,230,,,0,12,,175,470,,,0,152,,176,230,,,0,12,,176,470,,,0,113,,177,230,,,0,12,,177,470,,,0,113,,178,230,,,0,52,,178,470,,,0
2000,'Semaine-01',647,,179,220,,,0,12,,179,460,,,0,153,,180,220,,,0,12,,180,460,,,0,113,,181,220,,,0,12,,181,460,,,0,154,,182,220,,,0,12,,182,460,,,0,114,,183,220,,,0,12,,183,460,,,0,113,,184,220,,,0,52,,184,460,,,0,114,,185,220,,,0,12,,185,460,,,0,114,,186,220,,,0,12,,186,460,,,0,154,,187,220,,,0,12,,187,460,,,0
2000,'Semaine-01-0001100',1937,,189,220,,,0,12,,189,460,,,0,152,,188,220,,,0,12,,188,460,,,0
2000,'Semaine-02',647,,2730,220,,,0,12,,2730,460,,,0,153,,2731,220,,,0,12,,2731,460,,,0,113,,2732,220,,,0,12,,2732,460,,,0,154,,2733,220,,,0,12,,2733,460,,,0,114,,2734,220,,,0,12,,2734,460,,,0,113,,2735,220,,,0,52,,2735,460,,,0,114,,2736,220,,,0,12,,2736,460,,,0,114,,2737,220,,,0,12,,2737,460,,,0,154,,2738,220,,,0,12,,2738,460,,,0
2000,'Semaine-02-0001100',1937,,2740,220,,,0,12,,2740,460,,,0,152,,2739,220,,,0,12,,2739,460,,,0
2000,'Semaine-03',647,,2741,220,,,0,12,,2741,460,,,0,153,,2742,220,,,0,12,,2742,460,,,0,113,,2743,220,,,0,12,,2743,460,,,0,154,,2744,220,,,0,12,,2744,460,,,0,114,,2745,220,,,0,12,,2745,460,,,0,113,,2746,220,,,0,52,,2746,460,,,0,114,,2747,220,,,0,12,,2747,460,,,0,114,,2748,220,,,0,12,,2748,460,,,0,154,,2749,220,,,0,12,,2749,460,,,0
2000,'Semaine-03-0001100',1937,,2751,220,,,0,12,,2751,460,,,0,152,,2750,220,,,0,12,,2750,460,,,0
2000002000,'Dimanche-01',543,,1318,130,0,11 13,0,170,,1319,130,0,11 13,0,31,,1330,30,,,0,13,,1330,160,,,0,86,,1320,130,0,11 13,0,71,,1331,30,,,0,13,,1331,160,,,0,86,,1321,130,0,11 13,0,32,,1332,30,,,0,13,,1332,160,,,0,86,,1322,130,0,11 13,0,72,,1333,30,,,0,13,,1333,160,,,0,85,,1323,130,0,11 13,0,32,,1334,30,,,0,13,,1334,160,,,0,85,,1324,130,0,11 13,0,72,,1335,30,,,0,13,,1335,160,,,0,85,,1325,130,0,11 13,0,32,,1336,30,,,0,13,,1336,160,,,0,85,,1326,130,0,11 13,0,72,,1337,30,,,0,13,,1337,160,,,0,85,,1327,130,0,11 13,0,31,,1338,30,,,0,13,,1338,160,,,0,86,,1328,130,0,11 13,0,71,,1339,30,,,0,13,,1339,160,,,0,86,,1329,130,0,11 13,0,31,,1340,30,,,0,13,,1340,160,,,0,157,,1341,30,,,0,13,,1341,160,,,0
2000002000,'Fête-1-01',543,,3610,130,0,11 13,0,170,,3611,130,0,11 13,0,31,,3622,30,,,0,13,,3622,160,,,0,86,,3612,130,0,11 13,0,71,,3623,30,,,0,13,,3623,160,,,0,86,,3613,130,0,11 13,0,32,,3624,30,,,0,13,,3624,160,,,0,86,,3614,130,0,11 13,0,72,,3625,30,,,0,13,,3625,160,,,0,85,,3615,130,0,11 13,0,32,,3626,30,,,0,13,,3626,160,,,0,85,,3616,130,0,11 13,0,72,,3627,30,,,0,13,,3627,160,,,0,85,,3617,130,0,11 13,0,32,,3628,30,,,0,13,,3628,160,,,0,85,,3618,130,0,11 13,0,72,,3629,30,,,0,13,,3629,160,,,0,85,,3619,130,0,11 13,0,31,,3630,30,,,0,13,,3630,160,,,0,86,,3620,130,0,11 13,0,71,,3631,30,,,0,13,,3631,160,,,0,86,,3621,130,0,11 13,0,31,,3632,30,,,0,13,,3632,160,,,0,157,,3633,30,,,0,13,,3633,160,,,0
2000002000,'Samedi-01',543,,1397,130,0,11 13,0,170,,1398,130,0,11 13,0,31,,1409,30,,,0,13,,1409,160,,,0,86,,1399,130,0,11 13,0,71,,1410,30,,,0,13,,1410,160,,,0,86,,1400,130,0,11 13,0,32,,1411,30,,,0,13,,1411,160,,,0,86,,1401,130,0,11 13,0,72,,1412,30,,,0,13,,1412,160,,,0,85,,1402,130,0,11 13,0,32,,1413,30,,,0,13,,1413,160,,,0,85,,1403,130,0,11 13,0,72,,1414,30,,,0,13,,1414,160,,,0,85,,1404,130,0,11 13,0,32,,1415,30,,,0,13,,1415,160,,,0,85,,1405,130,0,11 13,0,72,,1416,30,,,0,13,,1416,160,,,0,85,,1406,130,0,11 13,0,31,,1417,30,,,0,13,,1417,160,,,0,86,,1407,130,0,11 13,0,71,,1418,30,,,0,13,,1418,160,,,0,86,,1408,130,0,11 13,0,31,,1419,30,,,0,13,,1419,160,,,0,157,,1420,30,,,0,13,,1420,160,,,0
2000002000,'Semaine-01',448,,1422,130,0,11 13,0,79,,1421,130,0,11 13,0,4,,1423,30,0,11 13,0,20,,1423,180,0,11 13,0,65,,1424,130,0,11 13,0,20,,1440,30,,,0,20,,1440,180,,,0,78,,1441,30,,,0,20,,1441,180,,,0,48,,1442,30,,,0,13,,1442,160,,,0,99,,1427,130,0,11 13,0,18,,1443,30,,,0,13,,1443,160,,,0,69,,1428,130,0,11 13,0,21,,1444,30,,,0,13,,1444,160,,,0,66,,1429,130,0,11 13,0,21,,1445,30,,,0,13,,1445,160,,,0,61,,1430,130,0,11 13,0,21,,1446,30,,,0,13,,1446,160,,,0,61,,1431,130,0,11 13,0,30,,1447,30,,,0,13,,1447,160,,,0,67,,1432,130,0,11 13,0,22,,1448,30,,,0,20,,1448,180,,,0,3,,1433,30,0,11 13,0,60,,1433,180,0,11 13,0,12,,1449,30,,,0,13,,1449,160,,,0,70,,1434,130,0,11 13,0,16,,1450,30,,,0,20,,1450,180,,,0,85,,1451,30,,,0,13,,1451,160,,,0,87,,1438,30,,,0,13,,1438,160,,,0,61,,1437,30,,,0,13,,1437,160,,,0,80,,1436,30,,,0,13,,1436,160,,,0,40,,1435,30,,,0,53,,1435,160,,,0,50,,1439,130,0,11 13,0,60,,1426,30,,,0,13,,1426,160,,,0,126,,1425,30,,,0,53,,1425,160,,,0
2000002000,'Semaine-02',448,,3635,130,0,11 13,0,79,,3634,130,0,11 13,0,4,,3636,30,0,11 13,0,20,,3636,180,0,11 13,0,65,,3637,130,0,11 13,0,20,,3653,30,,,0,20,,3653,180,,,0,78,,3654,30,,,0,20,,3654,180,,,0,48,,3655,30,,,0,13,,3655,160,,,0,99,,3640,130,0,11 13,0,18,,3656,30,,,0,13,,3656,160,,,0,69,,3641,130,0,11 13,0,21,,3657,30,,,0,13,,3657,160,,,0,66,,3642,130,0,11 13,0,21,,3658,30,,,0,13,,3658,160,,,0,61,,3643,130,0,11 13,0,21,,3659,30,,,0,13,,3659,160,,,0,61,,3644,130,0,11 13,0,30,,3660,30,,,0,13,,3660,160,,,0,67,,3645,130,0,11 13,0,22,,3661,30,,,0,20,,3661,180,,,0,3,,3646,30,0,11 13,0,60,,3646,180,0,11 13,0,12,,3662,30,,,0,13,,3662,160,,,0,70,,3647,130,0,11 13,0,16,,3663,30,,,0,20,,3663,180,,,0,85,,3664,30,,,0,13,,3664,160,,,0,87,,3651,30,,,0,13,,3651,160,,,0,61,,3650,30,,,0,13,,3650,160,,,0,80,,3649,30,,,0,13,,3649,160,,,0,40,,3648,30,,,0,53,,3648,160,,,0,50,,3652,130,0,11 13,0,60,,3639,30,,,0,13,,3639,160,,,0,126,,3638,30,,,0,53,,3638,160,,,0
2000002000,'Semaine-03',448,,3666,130,0,11 13,0,79,,3665,130,0,11 13,0,4,,3667,30,0,11 13,0,20,,3667,180,0,11 13,0,65,,3668,130,0,11 13,0,20,,3684,30,,,0,20,,3684,180,,,0,78,,3685,30,,,0,20,,3685,180,,,0,48,,3686,30,,,0,13,,3686,160,,,0,99,,3671,130,0,11 13,0,18,,3687,30,,,0,13,,3687,160,,,0,69,,3672,130,0,11 13,0,21,,3688,30,,,0,13,,3688,160,,,0,66,,3673,130,0,11 13,0,21,,3689,30,,,0,13,,3689,160,,,0,61,,3674,130,0,11 13,0,21,,3690,30,,,0,13,,3690,160,,,0,61,,3675,130,0,11 13,0,30,,3691,30,,,0,13,,3691,160,,,0,67,,3676,130,0,11 13,0,22,,3692,30,,,0,20,,3692,180,,,0,3,,3677,30,0,11 13,0,60,,3677,180,0,11 13,0,12,,3693,30,,,0,13,,3693,160,,,0,70,,3678,130,0,11 13,0,16,,3694,30,,,0,20,,3694,180,,,0,85,,3695,30,,,0,13,,3695,160,,,0,87,,3682,30,,,0,13,,3682,160,,,0,61,,3681,30,,,0,13,,3681,160,,,0,80,,3680,30,,,0,13,,3680,160,,,0,40,,3679,30,,,0,53,,3679,160,,,0,50,,3683,130,0,11 13,0,60,,3670,30,,,0,13,,3670,160,,,0,126,,3669,30,,,0,53,,3669,160,,,0
