100,'Dimanche-01',652,,12,700,4,,0,200,,1,700,4,,0,168,,2,700,4,,0,131,,3,700,4,,0,165,,4,700,4,,0,123,,5,700,4,,0,118,,6,700,4,,0,160,,7,700,4,,0,123,,8,700,4,,0,175,,9,700,4,,0,115,,10,700,4,,0,115,,11,700,4,,0
100,'Fête-1-01',652,,2637,700,4,,0,200,,2626,700,4,,0,168,,2627,700,4,,0,131,,2628,700,4,,0,165,,2629,700,4,,0,123,,2630,700,4,,0,118,,2631,700,4,,0,160,,2632,700,4,,0,123,,2633,700,4,,0,175,,2634,700,4,,0,115,,2635,700,4,,0,115,,2636,700,4,,0
100,'Samedi-01',652,,54,700,4,,0,200,,43,700,4,,0,168,,44,700,4,,0,131,,45,700,4,,0,165,,46,700,4,,0,123,,47,700,4,,0,118,,48,700,4,,0,160,,49,700,4,,0,123,,50,700,4,,0,175,,51,700,4,,0,115,,52,700,4,,0,115,,53,700,4,,0
100,'Semaine-01',541,,55,700,4,,0,105,,56,700,4,,0,67,,57,700,4,,0,43,,58,700,4,,0,156,,59,700,4,,0,103,,62,700,4,,0,92,,71,700,4,,0,103,,63,700,4,,0,104,,72,700,4,,0,38,,64,700,4,,0,101,,65,700,4,,0,100,,69,700,4,,0,150,,66,700,4,,0,34,,67,700,4,,0,104,,60,700,4,,0,92,,61,700,4,,0,171,,70,700,4,,0,143,,68,700,4,,0
100,'Semaine-02',539,,2638,700,4,,0,103,,2639,700,4,,0,71,,2640,700,4,,0,43,,2641,700,4,,0,166,,2642,700,4,,0,97,,2645,700,4,,0,28,,2654,700,4,,0,102,,2646,700,4,,0,110,,2655,700,4,,0,95,,2647,700,4,,0,99,,2648,700,4,,0,100,,2652,700,4,,0,150,,2649,700,4,,0,48,,2650,700,4,,0,150,,2643,700,4,,0,46,,2644,700,4,,0,102,,2653,700,4,,0,195,,2651,700,4,,0
100,'Semaine-03',541,,2656,700,4,,0,105,,2657,700,4,,0,67,,2658,700,4,,0,43,,2659,700,4,,0,156,,2660,700,4,,0,103,,2663,700,4,,0,92,,2672,700,4,,0,103,,2664,700,4,,0,104,,2673,700,4,,0,38,,2665,700,4,,0,101,,2666,700,4,,0,100,,2670,700,4,,0,150,,2667,700,4,,0,34,,2668,700,4,,0,104,,2661,700,4,,0,92,,2662,700,4,,0,171,,2671,700,4,,0,143,,2669,700,4,,0
2100,'Semaine-01',558,,240,340,4,,0,70,,241,340,4,,0,73,,242,340,4,,0,36,,243,340,4,,0,70,,244,340,4,,0,36,,245,340,4,,0
2100,'Semaine-02',553,,2782,340,4,,0,70,,2783,340,4,,0,33,,2784,340,4,,0,76,,2785,340,4,,0,70,,2786,340,4,,0,36,,2787,340,4,,0
2100,'Semaine-03',558,,2788,340,4,,0,70,,2789,340,4,,0,73,,2790,340,4,,0,36,,2791,340,4,,0,70,,2792,340,4,,0,36,,2793,340,4,,0
2300,'Semaine-01',559,,295,380,4,,0,66,,296,380,4,,0,17,,297,380,4,,0,75,,298,380,4,,0,26,,299,380,4,,0,61,,300,380,4,,0,20,,301,380,4,,0,20,,302,380,4,,0
2300,'Semaine-02',559,,2836,380,4,,0,66,,2837,380,4,,0,17,,2838,380,4,,0,75,,2839,380,4,,0,26,,2840,380,4,,0,16,,2841,380,4,,0,65,,2842,380,4,,0,20,,2843,380,4,,0
2300,'Semaine-03',559,,2844,380,4,,0,66,,2845,380,4,,0,17,,2846,380,4,,0,75,,2847,380,4,,0,26,,2848,380,4,,0,61,,2849,380,4,,0,20,,2850,380,4,,0,20,,2851,380,4,,0
2500,'Semaine-01',617,,346,360,4,,0,34,,343,380,4,,0,61,,347,360,4,,0,29,,344,380,4,,0,66,,348,360,4,,0,29,,345,380,4,,0
2500,'Semaine-02',617,,2890,360,4,,0,34,,2887,380,4,,0,61,,2891,360,4,,0,32,,2888,380,4,,0,63,,2892,360,4,,0,29,,2889,380,4,,0
2500,'Semaine-03',617,,2896,360,4,,0,34,,2893,380,4,,0,61,,2897,360,4,,0,29,,2894,380,4,,0,66,,2898,360,4,,0,29,,2895,380,4,,0
2600,'Semaine-01',513,,363,330,4,,0,17,,364,340,4,,0
2600,'Semaine-02',513,,2911,330,4,,0,17,,2912,340,4,,0
2600,'Semaine-03',513,,2913,330,4,,0,17,,2914,340,4,,0
3100,'Dimanche-01',734,,492,420,4,,0,218,,493,420,4,,0,278,,491,420,4,,0,123,,484,420,4,,0,160,,485,420,4,,0,118,,486,420,4,,0,118,,487,420,4,,0,159,,488,420,4,,0,127,,489,420,4,,0,221,,483,420,4,,0,254,,490,420,4,,0
3100,'Fête-1-01',623,,3034,420,4,,0,83,,3045,420,4,,0,204,,3046,420,4,,0,125,,3043,420,4,,0,124,,3033,420,4,,0,164,,3044,420,4,,0,124,,3035,420,4,,0,164,,3036,420,4,,0,124,,3037,420,4,,0,124,,3038,420,4,,0,164,,3039,420,4,,0,27,,3040,420,4,,0,256,,3041,420,4,,0,214,,3042,420,4,,0
3100,'Samedi-01',623,,537,420,4,,0,83,,548,420,4,,0,204,,549,420,4,,0,125,,546,420,4,,0,124,,536,420,4,,0,164,,547,420,4,,0,124,,538,420,4,,0,164,,539,420,4,,0,124,,540,420,4,,0,124,,541,420,4,,0,164,,542,420,4,,0,27,,543,420,4,,0,256,,544,420,4,,0,214,,545,420,4,,0
3100,'Semaine-01',636,,574,420,4,,0,80,,550,420,4,,0,42,,560,420,4,,0,80,,575,420,4,,0,80,,569,420,4,,0,40,,570,420,4,,0,77,,571,420,4,,0,79,,577,420,4,,0,44,,572,420,4,,0,83,,573,420,4,,0,83,,551,420,4,,0,83,,552,420,4,,0,42,,553,420,4,,0,84,,554,420,4,,0,84,,555,420,4,,0,85,,556,420,4,,0,46,,557,420,4,,0,83,,558,420,4,,0,84,,559,420,4,,0,42,,561,420,4,,0,82,,562,420,4,,0,79,,563,420,4,,0,40,,564,420,4,,0,78,,565,420,4,,0,80,,566,420,4,,0,40,,567,420,4,,0,80,,568,420,4,,0
3100,'Semaine-02',631,,3071,420,4,,0,81,,3047,420,4,,0,43,,3057,420,4,,0,82,,3072,420,4,,0,82,,3066,420,4,,0,82,,3067,420,4,,0,40,,3068,420,4,,0,80,,3074,420,4,,0,86,,3069,420,4,,0,43,,3070,420,4,,0,83,,3048,420,4,,0,83,,3049,420,4,,0,43,,3050,420,4,,0,85,,3051,420,4,,0,85,,3052,420,4,,0,88,,3053,420,4,,0,86,,3054,420,4,,0,45,,3055,420,4,,0,81,,3056,420,4,,0,79,,3058,420,4,,0,41,,3059,420,4,,0,80,,3060,420,4,,0,81,,3061,420,4,,0,40,,3062,420,4,,0,80,,3063,420,4,,0,80,,3064,420,4,,0,40,,3065,420,4,,0
3100,'Semaine-03',636,,3099,420,4,,0,80,,3075,420,4,,0,42,,3085,420,4,,0,80,,3100,420,4,,0,80,,3094,420,4,,0,40,,3095,420,4,,0,77,,3096,420,4,,0,79,,3102,420,4,,0,44,,3097,420,4,,0,83,,3098,420,4,,0,83,,3076,420,4,,0,83,,3077,420,4,,0,42,,3078,420,4,,0,84,,3079,420,4,,0,84,,3080,420,4,,0,85,,3081,420,4,,0,46,,3082,420,4,,0,83,,3083,420,4,,0,84,,3084,420,4,,0,42,,3086,420,4,,0,82,,3087,420,4,,0,79,,3088,420,4,,0,40,,3089,420,4,,0,78,,3090,420,4,,0,80,,3091,420,4,,0,40,,3092,420,4,,0,80,,3093,420,4,,0
3200,'Dimanche-01',628,,578,430,4,,0,214,,583,430,4,,0,263,,586,430,4,,0,152,,587,430,4,,0,159,,579,430,4,,0,122,,589,430,4,,0,120,,580,430,4,,0,159,,582,430,4,,0,118,,581,430,4,,0,214,,584,430,4,,0,256,,585,430,4,,0
3200,'Fête-1-01',559,,3103,310,4,,0,181,,3109,430,4,,0,77,,3104,430,4,,0,120,,3112,430,4,,0,163,,3113,430,4,,0,124,,3114,430,4,,0,124,,3105,430,4,,0,164,,3116,430,4,,0,124,,3106,430,4,,0,168,,3107,430,4,,0,120,,3108,430,4,,0,235,,3110,430,4,,0,256,,3111,430,4,,0
3200,'Samedi-01',559,,635,310,4,,0,181,,641,430,4,,0,77,,636,430,4,,0,120,,644,430,4,,0,163,,645,430,4,,0,124,,646,430,4,,0,124,,637,430,4,,0,164,,648,430,4,,0,124,,638,430,4,,0,168,,639,430,4,,0,120,,640,430,4,,0,235,,642,430,4,,0,256,,643,430,4,,0
3200,'Semaine-01',700,,674,430,4,,0,41,,649,430,4,,0,80,,677,430,4,,0,80,,660,430,4,,0,40,,668,430,4,,0,77,,669,430,4,,0,41,,670,430,4,,0,81,,671,430,4,,0,83,,672,430,4,,0,83,,673,430,4,,0,43,,650,430,4,,0,82,,651,430,4,,0,83,,652,430,4,,0,86,,676,430,4,,0,18,,653,80,4,,0,27,,654,430,4,,0,59,,678,80,4,,0,24,,655,430,4,,0,20,,679,80,4,,0,65,,656,430,4,,0,44,,657,430,4,,0,82,,658,430,4,,0,83,,659,430,4,,0,80,,661,430,4,,0,40,,662,430,4,,0,80,,663,430,4,,0,80,,664,430,4,,0,40,,665,430,4,,0,80,,666,430,4,,0,80,,667,430,4,,0
3200,'Semaine-02',701,,3142,430,4,,0,41,,3117,430,4,,0,82,,3145,430,4,,0,82,,3128,430,4,,0,40,,3136,430,4,,0,82,,3137,430,4,,0,82,,3138,430,4,,0,43,,3139,430,4,,0,83,,3140,430,4,,0,83,,3141,430,4,,0,83,,3118,430,4,,0,43,,3119,430,4,,0,85,,3120,430,4,,0,87,,3144,430,4,,0,23,,3121,80,4,,0,64,,3122,430,4,,0,23,,3146,80,4,,0,22,,3123,430,4,,0,63,,3147,80,4,,0,22,,3124,430,4,,0,81,,3125,430,4,,0,41,,3126,430,4,,0,81,,3127,430,4,,0,81,,3129,430,4,,0,41,,3130,430,4,,0,81,,3131,430,4,,0,80,,3132,430,4,,0,80,,3133,430,4,,0,40,,3134,430,4,,0,80,,3135,430,4,,0
3200,'Semaine-03',700,,3173,430,4,,0,41,,3148,430,4,,0,80,,3176,430,4,,0,80,,3159,430,4,,0,40,,3167,430,4,,0,77,,3168,430,4,,0,41,,3169,430,4,,0,81,,3170,430,4,,0,83,,3171,430,4,,0,83,,3172,430,4,,0,43,,3149,430,4,,0,82,,3150,430,4,,0,83,,3151,430,4,,0,86,,3175,430,4,,0,18,,3152,80,4,,0,27,,3153,430,4,,0,59,,3177,80,4,,0,24,,3154,430,4,,0,20,,3178,80,4,,0,65,,3155,430,4,,0,44,,3156,430,4,,0,82,,3157,430,4,,0,83,,3158,430,4,,0,80,,3160,430,4,,0,40,,3161,430,4,,0,80,,3162,430,4,,0,80,,3163,430,4,,0,40,,3164,430,4,,0,80,,3165,430,4,,0,80,,3166,430,4,,0
9800,'Semaine-01',701,,855,220,4,,0,102,,843,320,4,,0,104,,847,320,4,,0,105,,848,320,4,,0,507,,849,320,4,,0,105,,850,320,4,,0,105,,851,320,4,,0,104,,852,320,4,,0,102,,853,320,4,,0,97,,854,320,4,,0,96,,844,320,4,,0,90,,845,320,4,,0
9800,'Semaine-02',656,,3278,220,4,,0,144,,3266,320,4,,0,107,,3270,320,4,,0,107,,3271,320,4,,0,499,,3272,320,4,,0,108,,3273,320,4,,0,108,,3274,320,4,,0,109,,3275,320,4,,0,105,,3276,320,4,,0,97,,3277,320,4,,0,98,,3267,320,4,,0,95,,3268,320,4,,0
9800,'Semaine-03',701,,3291,220,4,,0,102,,3279,320,4,,0,104,,3283,320,4,,0,105,,3284,320,4,,0,507,,3285,320,4,,0,105,,3286,320,4,,0,105,,3287,320,4,,0,104,,3288,320,4,,0,102,,3289,320,4,,0,97,,3290,320,4,,0,96,,3280,320,4,,0,90,,3281,320,4,,0
11100,'Dimanche-01',838,,857,450,4,,0,187,,856,450,4,,0,291,,858,450,4,,0,289,,859,450,4,,0,305,,860,450,4,,0
11100,'Fête-1-01',838,,3293,450,4,,0,187,,3292,450,4,,0,291,,3294,450,4,,0,289,,3295,450,4,,0,305,,3296,450,4,,0
11100,'Samedi-01',838,,887,450,4,,0,187,,886,450,4,,0,291,,888,450,4,,0,289,,889,450,4,,0,305,,890,450,4,,0
11100,'Semaine-01',604,,896,450,4,,0,96,,897,450,4,,0,110,,898,450,4,,0,95,,899,450,4,,0,114,,912,450,4,,0,36,,894,450,4,,0,265,,895,450,4,,0,380,,906,450,4,,0,59,,908,450,4,,0,394,,910,380,4,,0
11100,'Semaine-02',552,,3304,450,4,,0,70,,3302,450,4,,0,36,,3305,450,4,,0,70,,3303,450,4,,0,30,,3309,450,4,,0,70,,3310,450,4,,0,27,,3301,450,4,,0,146,,3311,450,4,,0,54,,3315,450,4,,0,273,,3300,450,4,,0,403,,3306,450,4,,0,23,,3308,450,4,,0,71,,3307,450,4,,0,328,,3314,380,4,,0
11100,'Semaine-03',604,,3318,450,4,,0,96,,3319,450,4,,0,110,,3320,450,4,,0,95,,3321,450,4,,0,114,,3334,450,4,,0,36,,3316,450,4,,0,265,,3317,450,4,,0,380,,3328,450,4,,0,59,,3330,450,4,,0,394,,3332,380,4,,0
