'SO-A25-SOGTFS-Fête-2-02',2700,54200,,'',0,8000,,'',0,8000,,'',0,4000,,'',0,8000,,'',0,78700,,'',0,4300,,'',0,8600,,'',0,8400,,'',0,8600,,'',0
'SO-A25-SOGTFS-Fête-2-02',2701,62200,4,'',0,8000,4,'',0,4000,4,'',0,8000,4,'',0,78500,4,'',0,4100,4,'',0,8500,4,'',0,8600,4,'',0,8500,4,'',0
'SO-A25-SOGTFS-Semaine-01',2700,54200,,'',0,8000,,'',0,8000,,'',0,4000,,'',0,8000,,'',0,78700,,'',0,4300,,'',0,8600,,'',0,8400,,'',0,8600,,'',0
'SO-A25-SOGTFS-Semaine-01',2701,62200,4,'',0,8000,4,'',0,4000,4,'',0,8000,4,'',0,78500,4,'',0,4100,4,'',0,8500,4,'',0,8600,4,'',0,8500,4,'',0
'SO-A25-SOGTFS-Dimanche-02',2000002700,63500,4,'',0,9000,4,'',0,8100,4,'',0,4300,4,'',0,9300,4,'',0,8300,4,'',0,8500,4,'',0,3500,4,'',0,7400,4,'',0,8500,4,'',0,3900,4,'',0,8000,4,'',0,8000,4,'',0,4200,4,'',0,7600,4,'',0,8300,4,'',0,3500,4,'',0,8400,4,'',0,3500,4,'',0,8400,4,'',0,8400,4,'',0,8600,4,'',0,4400,4,'',0,9000,4,'',0,8200,4,'',0,8400,4,'',0,8900,4,'',0,4400,4,'',0,8200,4,'',0
'SO-A25-SOGTFS-Dimanche-02',2000002701,55800,,'',0,9000,,'',0,8100,,'',0,8300,,'',0,9300,,'',0,4300,,'',0,8700,,'',0,7500,,'',0,3500,,'',0,8200,,'',0,7900,,'',0,4000,,'',0,8000,,'',0,8200,,'',0,3700,,'',0,8300,,'',0,7600,,'',0,4300,,'',0,7600,,'',0,8200,,'',0,4400,,'',0,8600,,'',0,8500,,'',0,8900,,'',0,4300,,'',0,8400,,'',0,8800,,'',0,8600,,'',0
'SO-A25-SOGTFS-Fête-1-02',2000002700,61400,4,'',0,4300,4,'',0,9000,4,'',0,7700,4,'',0,7600,4,'',0,4400,4,'',0,8100,4,'',0,8200,4,'',0,4200,4,'',0,8200,4,'',0,8200,4,'',0,4200,4,'',0,8200,4,'',0,8200,4,'',0,8200,4,'',0,4200,4,'',0,8200,4,'',0,8600,4,'',0,3800,4,'',0,8200,4,'',0,8200,4,'',0,4200,4,'',0,7400,4,'',0,7700,4,'',0,5000,4,'',0,8600,4,'',0,8000,4,'',0,8900,4,'',0,3900,4,'',0,7600,4,'',0
'SO-A25-SOGTFS-Fête-1-02',2000002701,53700,,'',0,8300,,'',0,9000,,'',0,3700,,'',0,7700,,'',0,8300,,'',0,4100,,'',0,8200,,'',0,8200,,'',0,4200,,'',0,8200,,'',0,8200,,'',0,8200,,'',0,4200,,'',0,8200,,'',0,8200,,'',0,4200,,'',0,8600,,'',0,7800,,'',0,4200,,'',0,8200,,'',0,8100,,'',0,3900,,'',0,7300,,'',0,9000,,'',0,8700,,'',0,3900,,'',0,8900,,'',0,8100,,'',0
'SO-A25-SOGTFS-Fête-2-02',2000002700,62100,4,'',0,28100,4,'',0,4000,4,'',0,8000,4,'',0,8100,4,'',0,4100,4,'',0,8300,4,'',0,8300,4,'',0,4300,4,'',0,8200,4,'',0,8200,4,'',0,8500,4,'',0,34200,4,'',0,8300,4,'',0,8000,4,'',0,4000,4,'',0,8000,4,'',0,8000,4,'',0,4000,4,'',0,8000,4,'',0,8000,4,'',0,4000,4,'',0
'SO-A25-SOGTFS-Fête-2-02',2000002701,54400,,'',0,36000,,'',0,4000,,'',0,8100,,'',0,8100,,'',0,4300,,'',0,8300,,'',0,8300,,'',0,4200,,'',0,8200,,'',0,8500,,'',0,42500,,'',0,8000,,'',0,8000,,'',0,4000,,'',0,8000,,'',0,8000,,'',0,4000,,'',0,8100,,'',0,8000,,'',0
'SO-A25-SOGTFS-Samedi-02',2000002700,61400,4,'',0,4300,4,'',0,9000,4,'',0,7700,4,'',0,7600,4,'',0,4400,4,'',0,8100,4,'',0,8200,4,'',0,4200,4,'',0,8200,4,'',0,8200,4,'',0,4200,4,'',0,8200,4,'',0,8200,4,'',0,8200,4,'',0,4200,4,'',0,8200,4,'',0,8600,4,'',0,3800,4,'',0,8200,4,'',0,8200,4,'',0,4200,4,'',0,7400,4,'',0,7700,4,'',0,5000,4,'',0,8600,4,'',0,8000,4,'',0,8900,4,'',0,3900,4,'',0,7600,4,'',0
'SO-A25-SOGTFS-Samedi-02',2000002701,53700,,'',0,8300,,'',0,9000,,'',0,3700,,'',0,7700,,'',0,8300,,'',0,4100,,'',0,8200,,'',0,8200,,'',0,4200,,'',0,8200,,'',0,8200,,'',0,8200,,'',0,4200,,'',0,8200,,'',0,8200,,'',0,4200,,'',0,8600,,'',0,7800,,'',0,4200,,'',0,8200,,'',0,8100,,'',0,3900,,'',0,7300,,'',0,9000,,'',0,8700,,'',0,3900,,'',0,8900,,'',0,8100,,'',0
'SO-A25-SOGTFS-Semaine-01',2000002700,62100,4,'',0,28100,4,'',0,4000,4,'',0,8000,4,'',0,8100,4,'',0,4100,4,'',0,8300,4,'',0,8300,4,'',0,4300,4,'',0,8200,4,'',0,8200,4,'',0,8500,4,'',0,34200,4,'',0,8300,4,'',0,8000,4,'',0,4000,4,'',0,8000,4,'',0,8000,4,'',0,4000,4,'',0,8000,4,'',0,8000,4,'',0,4000,4,'',0
'SO-A25-SOGTFS-Semaine-01',2000002701,54400,,'',0,36000,,'',0,4000,,'',0,8100,,'',0,8100,,'',0,4300,,'',0,8300,,'',0,8300,,'',0,4200,,'',0,8200,,'',0,8500,,'',0,42500,,'',0,8000,,'',0,8000,,'',0,4000,,'',0,8000,,'',0,8000,,'',0,4000,,'',0,8100,,'',0,8000,,'',0
