100,'Dimanche-01',633,,12,560,,,0,200,,1,560,,,0,126,,2,560,,,0,170,,3,560,,,0,125,,4,560,,,0,164,,5,560,,,0,118,,6,560,,,0,120,,7,560,,,0,163,,8,560,,,0,135,,9,560,,,0,155,,10,560,,,0,115,,11,560,,,0
100,'Fête-1-01',633,,2637,560,,,0,200,,2626,560,,,0,126,,2627,560,,,0,170,,2628,560,,,0,125,,2629,560,,,0,164,,2630,560,,,0,118,,2631,560,,,0,120,,2632,560,,,0,163,,2633,560,,,0,135,,2634,560,,,0,155,,2635,560,,,0,115,,2636,560,,,0
100,'Samedi-01',633,,54,560,,,0,200,,43,560,,,0,126,,44,560,,,0,170,,45,560,,,0,125,,46,560,,,0,164,,47,560,,,0,118,,48,560,,,0,120,,49,560,,,0,163,,50,560,,,0,135,,51,560,,,0,155,,52,560,,,0,115,,53,560,,,0
100,'Semaine-01',519,,55,560,,,0,104,,56,560,,,0,26,,57,560,,,0,82,,58,560,,,0,118,,59,560,,,0,104,,62,560,,,0,94,,71,560,,,0,101,,63,560,,,0,101,,72,560,,,0,78,,64,560,,,0,102,,65,560,,,0,100,,69,560,,,0,110,,66,560,,,0,75,,67,560,,,0,106,,60,560,,,0,92,,61,560,,,0,132,,70,560,,,0,184,,68,560,,,0
100,'Semaine-02',517,,2638,560,,,0,102,,2639,560,,,0,30,,2640,560,,,0,82,,2641,560,,,0,128,,2642,560,,,0,98,,2645,560,,,0,70,,2654,560,,,0,100,,2646,560,,,0,107,,2655,560,,,0,95,,2647,560,,,0,100,,2648,560,,,0,100,,2652,560,,,0,110,,2649,560,,,0,89,,2650,560,,,0,112,,2643,560,,,0,87,,2644,560,,,0,102,,2653,560,,,0,196,,2651,560,,,0
100,'Semaine-03',519,,2656,560,,,0,104,,2657,560,,,0,26,,2658,560,,,0,82,,2659,560,,,0,118,,2660,560,,,0,104,,2663,560,,,0,94,,2672,560,,,0,101,,2664,560,,,0,101,,2673,560,,,0,78,,2665,560,,,0,102,,2666,560,,,0,100,,2670,560,,,0,110,,2667,560,,,0,75,,2668,560,,,0,106,,2661,560,,,0,92,,2662,560,,,0,132,,2671,560,,,0,184,,2669,560,,,0
2300,'Semaine-01',538,,295,230,,,0,65,,296,230,,,0,15,,297,230,,,0,35,,298,230,,,0,65,,299,230,,,0,20,,300,230,,,0,20,,301,230,,,0,60,,302,230,,,0
2300,'Semaine-02',538,,2836,230,,,0,65,,2837,230,,,0,15,,2838,230,,,0,35,,2839,230,,,0,65,,2840,230,,,0,15,,2841,230,,,0,25,,2842,230,,,0,60,,2843,230,,,0
2300,'Semaine-03',538,,2844,230,,,0,65,,2845,230,,,0,15,,2846,230,,,0,35,,2847,230,,,0,65,,2848,230,,,0,20,,2849,230,,,0,20,,2850,230,,,0,60,,2851,230,,,0
2600,'Semaine-01',459,,363,200,,,0,55,,364,210,,,0
2600,'Semaine-02',459,,2911,200,,,0,55,,2912,210,,,0
2600,'Semaine-03',459,,2913,200,,,0,55,,2914,210,,,0
2800,'Semaine-01',510,,417,90,,,0,20,,416,90,,,0,15,,414,330,,,0,55,,428,90,,,0,15,,425,90,,,0,15,,413,370,,,0,10,,426,90,,,0,10,,415,330,,,0,51,,427,90,,,0,10,,418,90,,,0,10,,419,90,,,0,15,,420,90,,,0,15,,422,90,,,0,60,,423,90,,,0
2800,'Semaine-02',510,,2957,90,,,0,20,,2956,90,,,0,15,,2954,330,,,0,55,,2963,90,,,0,15,,2964,90,,,0,15,,2953,370,,,0,15,,2955,330,,,0,56,,2958,90,,,0,15,,2959,90,,,0,15,,2960,90,,,0,20,,2961,90,,,0,60,,2962,90,,,0
2800,'Semaine-03',510,,2969,90,,,0,20,,2968,90,,,0,15,,2966,330,,,0,55,,2978,90,,,0,15,,2975,90,,,0,15,,2965,370,,,0,10,,2976,90,,,0,10,,2967,330,,,0,51,,2977,90,,,0,10,,2970,90,,,0,10,,2971,90,,,0,15,,2972,90,,,0,15,,2973,90,,,0,60,,2974,90,,,0
3300,'Dimanche-01',604,,682,410,,,0,42,,680,410,,,0,91,,691,410,,,0,81,,701,410,,,0,83,,703,410,,,0,53,,704,410,,,0,80,,705,410,,,0,80,,706,410,,,0,40,,707,410,,,0,80,,683,410,,,0,80,,684,410,,,0,39,,685,410,,,0,80,,686,410,,,0,80,,687,410,,,0,39,,688,410,,,0,79,,689,410,,,0,79,,690,410,,,0,39,,692,410,,,0,79,,693,410,,,0,80,,694,410,,,0,47,,695,410,,,0,85,,696,410,,,0,85,,697,410,,,0,87,,698,410,,,0,46,,699,410,,,0,83,,700,410,,,0,88,,681,410,,,0,83,,702,410,,,0
3300,'Fête-1-01',624,,3181,410,,,0,81,,3179,410,,,0,42,,3190,410,,,0,82,,3200,410,,,0,82,,3202,410,,,0,44,,3203,410,,,0,81,,3204,410,,,0,82,,3205,410,,,0,82,,3206,410,,,0,42,,3182,410,,,0,82,,3183,410,,,0,82,,3184,410,,,0,42,,3185,410,,,0,82,,3186,410,,,0,82,,3187,410,,,0,42,,3188,410,,,0,82,,3189,410,,,0,85,,3191,410,,,0,79,,3192,410,,,0,42,,3193,410,,,0,82,,3194,410,,,0,79,,3195,410,,,0,41,,3196,410,,,0,81,,3197,410,,,0,82,,3198,410,,,0,43,,3199,410,,,0,86,,3201,410,,,0,86,,3180,410,,,0
3300,'Samedi-01',624,,769,410,,,0,81,,767,410,,,0,42,,778,410,,,0,82,,788,410,,,0,82,,790,410,,,0,44,,791,410,,,0,81,,792,410,,,0,82,,793,410,,,0,82,,794,410,,,0,42,,770,410,,,0,82,,771,410,,,0,82,,772,410,,,0,42,,773,410,,,0,82,,774,410,,,0,82,,775,410,,,0,42,,776,410,,,0,82,,777,410,,,0,85,,779,410,,,0,79,,780,410,,,0,42,,781,410,,,0,82,,782,410,,,0,79,,783,410,,,0,41,,784,410,,,0,81,,785,410,,,0,82,,786,410,,,0,43,,787,410,,,0,86,,789,410,,,0,86,,768,410,,,0
3300,'Semaine-01',631,,796,410,,,0,80,,824,410,,,0,41,,805,410,,,0,80,,815,410,,,0,80,,818,410,,,0,40,,819,410,,,0,80,,820,410,,,0,82,,821,410,,,0,41,,822,410,,,0,83,,797,410,,,0,83,,798,410,,,0,83,,799,410,,,0,43,,800,410,,,0,83,,801,410,,,0,86,,802,410,,,0,85,,803,410,,,0,45,,804,410,,,0,84,,806,410,,,0,81,,807,410,,,0,43,,808,410,,,0,82,,809,410,,,0,80,,810,410,,,0,40,,811,410,,,0,79,,812,410,,,0,80,,813,410,,,0,40,,814,410,,,0,80,,816,410,,,0,80,,817,410,,,0
3300,'Semaine-02',626,,3208,410,,,0,81,,3236,410,,,0,42,,3217,410,,,0,82,,3227,410,,,0,82,,3230,410,,,0,42,,3231,410,,,0,82,,3232,410,,,0,83,,3233,410,,,0,83,,3234,410,,,0,43,,3209,410,,,0,83,,3210,410,,,0,83,,3211,410,,,0,44,,3212,410,,,0,85,,3213,410,,,0,87,,3214,410,,,0,87,,3215,410,,,0,85,,3216,410,,,0,42,,3218,410,,,0,81,,3219,410,,,0,81,,3220,410,,,0,41,,3221,410,,,0,81,,3222,410,,,0,81,,3223,410,,,0,40,,3224,410,,,0,80,,3225,410,,,0,80,,3226,410,,,0,40,,3228,410,,,0,80,,3229,410,,,0
3300,'Semaine-03',631,,3237,410,,,0,80,,3265,410,,,0,41,,3246,410,,,0,80,,3256,410,,,0,80,,3259,410,,,0,40,,3260,410,,,0,80,,3261,410,,,0,82,,3262,410,,,0,41,,3263,410,,,0,83,,3238,410,,,0,83,,3239,410,,,0,83,,3240,410,,,0,43,,3241,410,,,0,83,,3242,410,,,0,86,,3243,410,,,0,85,,3244,410,,,0,45,,3245,410,,,0,84,,3247,410,,,0,81,,3248,410,,,0,43,,3249,410,,,0,82,,3250,410,,,0,80,,3251,410,,,0,40,,3252,410,,,0,79,,3253,410,,,0,80,,3254,410,,,0,40,,3255,410,,,0,80,,3257,410,,,0,80,,3258,410,,,0
