100,'Dimanche-01',659,,12,760,4,,0,200,,1,760,4,,0,169,,2,760,4,,0,131,,3,760,4,,0,165,,4,760,4,,0,123,,5,760,4,,0,158,,6,760,4,,0,120,,7,760,4,,0,122,,8,760,4,,0,175,,9,760,4,,0,115,,10,760,4,,0,115,,11,760,4,,0
100,'Fête-1-01',659,,2637,760,4,,0,200,,2626,760,4,,0,169,,2627,760,4,,0,131,,2628,760,4,,0,165,,2629,760,4,,0,123,,2630,760,4,,0,158,,2631,760,4,,0,120,,2632,760,4,,0,122,,2633,760,4,,0,175,,2634,760,4,,0,115,,2635,760,4,,0,115,,2636,760,4,,0
100,'Samedi-01',659,,54,760,4,,0,200,,43,760,4,,0,169,,44,760,4,,0,131,,45,760,4,,0,165,,46,760,4,,0,123,,47,760,4,,0,158,,48,760,4,,0,120,,49,760,4,,0,122,,50,760,4,,0,175,,51,760,4,,0,115,,52,760,4,,0,115,,53,760,4,,0
100,'Semaine-01',547,,55,760,4,,0,106,,56,760,4,,0,68,,57,760,4,,0,83,,58,760,4,,0,116,,59,760,4,,0,103,,62,760,4,,0,92,,71,760,4,,0,103,,63,760,4,,0,104,,72,760,4,,0,78,,64,760,4,,0,101,,65,760,4,,0,100,,69,760,4,,0,110,,66,760,4,,0,34,,67,760,4,,0,103,,60,760,4,,0,92,,61,760,4,,0,171,,70,760,4,,0,143,,68,760,4,,0
100,'Semaine-02',548,,2638,760,4,,0,104,,2639,760,4,,0,72,,2640,760,4,,0,83,,2641,760,4,,0,126,,2642,760,4,,0,97,,2645,760,4,,0,28,,2654,760,4,,0,142,,2646,760,4,,0,110,,2655,760,4,,0,95,,2647,760,4,,0,99,,2648,760,4,,0,100,,2652,760,4,,0,110,,2649,760,4,,0,88,,2650,760,4,,0,109,,2643,760,4,,0,46,,2644,760,4,,0,102,,2653,760,4,,0,195,,2651,760,4,,0
100,'Semaine-03',547,,2656,760,4,,0,106,,2657,760,4,,0,68,,2658,760,4,,0,83,,2659,760,4,,0,116,,2660,760,4,,0,103,,2663,760,4,,0,92,,2672,760,4,,0,103,,2664,760,4,,0,104,,2673,760,4,,0,78,,2665,760,4,,0,101,,2666,760,4,,0,100,,2670,760,4,,0,110,,2667,760,4,,0,34,,2668,760,4,,0,103,,2661,760,4,,0,92,,2662,760,4,,0,171,,2671,760,4,,0,143,,2669,760,4,,0
2100,'Semaine-01',605,,240,400,4,,0,30,,241,400,4,,0,73,,242,400,4,,0,37,,243,400,4,,0,70,,244,400,4,,0,36,,245,400,4,,0
2100,'Semaine-02',605,,2782,400,4,,0,30,,2783,400,4,,0,73,,2784,400,4,,0,38,,2785,400,4,,0,70,,2786,400,4,,0,36,,2787,400,4,,0
2100,'Semaine-03',605,,2788,400,4,,0,30,,2789,400,4,,0,73,,2790,400,4,,0,37,,2791,400,4,,0,70,,2792,400,4,,0,36,,2793,400,4,,0
2300,'Semaine-01',606,,295,440,4,,0,26,,296,440,4,,0,17,,297,440,4,,0,75,,298,440,4,,0,26,,299,440,4,,0,61,,300,440,4,,0,21,,301,440,4,,0,20,,302,440,4,,0
2300,'Semaine-02',609,,2836,440,4,,0,26,,2837,440,4,,0,16,,2838,440,4,,0,76,,2839,440,4,,0,23,,2840,440,4,,0,59,,2841,440,4,,0,23,,2842,440,4,,0,23,,2843,440,4,,0
2300,'Semaine-03',606,,2844,440,4,,0,26,,2845,440,4,,0,17,,2846,440,4,,0,75,,2847,440,4,,0,26,,2848,440,4,,0,61,,2849,440,4,,0,21,,2850,440,4,,0,20,,2851,440,4,,0
2500,'Semaine-01',622,,346,420,4,,0,34,,343,440,4,,0,61,,347,420,4,,0,29,,344,440,4,,0,66,,348,420,4,,0,29,,345,440,4,,0
2500,'Semaine-02',625,,2890,420,4,,0,34,,2887,440,4,,0,58,,2891,420,4,,0,34,,2888,440,4,,0,61,,2892,420,4,,0,29,,2889,440,4,,0
2500,'Semaine-03',622,,2896,420,4,,0,34,,2893,440,4,,0,61,,2897,420,4,,0,29,,2894,440,4,,0,66,,2898,420,4,,0,29,,2895,440,4,,0
2600,'Semaine-01',519,,363,390,4,,0,16,,364,400,4,,0
2600,'Semaine-02',520,,2911,390,4,,0,18,,2912,400,4,,0
2600,'Semaine-03',519,,2913,390,4,,0,16,,2914,400,4,,0
3100,'Dimanche-01',739,,492,480,4,,0,220,,493,480,4,,0,278,,491,480,4,,0,163,,484,480,4,,0,120,,485,480,4,,0,118,,486,480,4,,0,118,,487,480,4,,0,159,,488,480,4,,0,127,,489,480,4,,0,260,,483,480,4,,0,213,,490,480,4,,0
3100,'Fête-1-01',628,,3034,480,4,,0,83,,3045,480,4,,0,206,,3046,480,4,,0,125,,3043,480,4,,0,164,,3033,480,4,,0,124,,3044,480,4,,0,124,,3035,480,4,,0,164,,3036,480,4,,0,124,,3037,480,4,,0,164,,3038,480,4,,0,124,,3039,480,4,,0,26,,3040,480,4,,0,256,,3041,480,4,,0,213,,3042,480,4,,0
3100,'Samedi-01',628,,537,480,4,,0,83,,548,480,4,,0,206,,549,480,4,,0,125,,546,480,4,,0,164,,536,480,4,,0,124,,547,480,4,,0,124,,538,480,4,,0,164,,539,480,4,,0,124,,540,480,4,,0,164,,541,480,4,,0,124,,542,480,4,,0,26,,543,480,4,,0,256,,544,480,4,,0,213,,545,480,4,,0
3100,'Semaine-01',642,,574,480,4,,0,80,,550,480,4,,0,82,,560,480,4,,0,41,,575,480,4,,0,80,,569,480,4,,0,80,,570,480,4,,0,37,,571,480,4,,0,79,,577,480,4,,0,84,,572,480,4,,0,43,,573,480,4,,0,83,,551,480,4,,0,83,,552,480,4,,0,42,,553,480,4,,0,84,,554,480,4,,0,84,,555,480,4,,0,85,,556,480,4,,0,46,,557,480,4,,0,82,,558,480,4,,0,84,,559,480,4,,0,82,,561,480,4,,0,42,,562,480,4,,0,79,,563,480,4,,0,80,,564,480,4,,0,37,,565,480,4,,0,80,,566,480,4,,0,80,,567,480,4,,0,40,,568,480,4,,0
3100,'Semaine-02',638,,3071,480,4,,0,81,,3047,480,4,,0,83,,3057,480,4,,0,43,,3072,480,4,,0,82,,3066,480,4,,0,82,,3067,480,4,,0,39,,3068,480,4,,0,80,,3074,480,4,,0,86,,3069,480,4,,0,43,,3070,480,4,,0,83,,3048,480,4,,0,83,,3049,480,4,,0,83,,3050,480,4,,0,45,,3051,480,4,,0,85,,3052,480,4,,0,89,,3053,480,4,,0,86,,3054,480,4,,0,43,,3055,480,4,,0,81,,3056,480,4,,0,80,,3058,480,4,,0,41,,3059,480,4,,0,80,,3060,480,4,,0,81,,3061,480,4,,0,38,,3062,480,4,,0,80,,3063,480,4,,0,80,,3064,480,4,,0,40,,3065,480,4,,0
3100,'Semaine-03',642,,3099,480,4,,0,80,,3075,480,4,,0,82,,3085,480,4,,0,41,,3100,480,4,,0,80,,3094,480,4,,0,80,,3095,480,4,,0,37,,3096,480,4,,0,79,,3102,480,4,,0,84,,3097,480,4,,0,43,,3098,480,4,,0,83,,3076,480,4,,0,83,,3077,480,4,,0,42,,3078,480,4,,0,84,,3079,480,4,,0,84,,3080,480,4,,0,85,,3081,480,4,,0,46,,3082,480,4,,0,82,,3083,480,4,,0,84,,3084,480,4,,0,82,,3086,480,4,,0,42,,3087,480,4,,0,79,,3088,480,4,,0,80,,3089,480,4,,0,37,,3090,480,4,,0,80,,3091,480,4,,0,80,,3092,480,4,,0,40,,3093,480,4,,0
3200,'Dimanche-01',635,,578,490,4,,0,214,,583,490,4,,0,263,,586,490,4,,0,192,,587,490,4,,0,119,,579,490,4,,0,122,,589,490,4,,0,160,,580,490,4,,0,119,,582,490,4,,0,118,,581,490,4,,0,212,,584,490,4,,0,256,,585,490,4,,0
3200,'Fête-1-01',606,,3103,370,4,,0,141,,3109,490,4,,0,77,,3104,490,4,,0,120,,3112,490,4,,0,163,,3113,490,4,,0,124,,3114,490,4,,0,124,,3105,490,4,,0,164,,3116,490,4,,0,124,,3106,490,4,,0,168,,3107,490,4,,0,120,,3108,490,4,,0,273,,3110,490,4,,0,216,,3111,490,4,,0
3200,'Samedi-01',606,,635,370,4,,0,141,,641,490,4,,0,77,,636,490,4,,0,120,,644,490,4,,0,163,,645,490,4,,0,124,,646,490,4,,0,124,,637,490,4,,0,164,,648,490,4,,0,124,,638,490,4,,0,168,,639,490,4,,0,120,,640,490,4,,0,273,,642,490,4,,0,216,,643,490,4,,0
3200,'Semaine-01',706,,674,490,4,,0,42,,649,490,4,,0,80,,677,490,4,,0,80,,660,490,4,,0,40,,668,490,4,,0,77,,669,490,4,,0,81,,670,490,4,,0,41,,671,490,4,,0,83,,672,490,4,,0,83,,673,490,4,,0,43,,650,490,4,,0,82,,651,490,4,,0,83,,652,490,4,,0,86,,676,490,4,,0,18,,653,140,4,,0,27,,654,490,4,,0,59,,678,140,4,,0,24,,655,490,4,,0,20,,679,140,4,,0,65,,656,490,4,,0,84,,657,490,4,,0,40,,658,490,4,,0,83,,659,490,4,,0,80,,661,490,4,,0,40,,662,490,4,,0,80,,663,490,4,,0,80,,664,490,4,,0,40,,665,490,4,,0,80,,666,490,4,,0,80,,667,490,4,,0
3200,'Semaine-02',708,,3142,490,4,,0,42,,3117,490,4,,0,82,,3145,490,4,,0,82,,3128,490,4,,0,39,,3136,490,4,,0,82,,3137,490,4,,0,82,,3138,490,4,,0,83,,3139,490,4,,0,43,,3140,490,4,,0,83,,3141,490,4,,0,83,,3118,490,4,,0,43,,3119,490,4,,0,85,,3120,490,4,,0,87,,3144,490,4,,0,23,,3121,140,4,,0,64,,3122,490,4,,0,23,,3146,140,4,,0,22,,3123,490,4,,0,63,,3147,140,4,,0,22,,3124,490,4,,0,81,,3125,490,4,,0,79,,3126,490,4,,0,42,,3127,490,4,,0,81,,3129,490,4,,0,81,,3130,490,4,,0,41,,3131,490,4,,0,80,,3132,490,4,,0,80,,3133,490,4,,0,40,,3134,490,4,,0,80,,3135,490,4,,0
3200,'Semaine-03',706,,3173,490,4,,0,42,,3148,490,4,,0,80,,3176,490,4,,0,80,,3159,490,4,,0,40,,3167,490,4,,0,77,,3168,490,4,,0,81,,3169,490,4,,0,41,,3170,490,4,,0,83,,3171,490,4,,0,83,,3172,490,4,,0,43,,3149,490,4,,0,82,,3150,490,4,,0,83,,3151,490,4,,0,86,,3175,490,4,,0,18,,3152,140,4,,0,27,,3153,490,4,,0,59,,3177,140,4,,0,24,,3154,490,4,,0,20,,3178,140,4,,0,65,,3155,490,4,,0,84,,3156,490,4,,0,40,,3157,490,4,,0,83,,3158,490,4,,0,80,,3160,490,4,,0,40,,3161,490,4,,0,80,,3162,490,4,,0,80,,3163,490,4,,0,40,,3164,490,4,,0,80,,3165,490,4,,0,80,,3166,490,4,,0
9800,'Semaine-01',707,,855,280,4,,0,102,,843,380,4,,0,104,,847,380,4,,0,105,,848,380,4,,0,506,,849,380,4,,0,105,,850,380,4,,0,105,,851,380,4,,0,105,,852,380,4,,0,101,,853,380,4,,0,97,,854,380,4,,0,95,,844,380,4,,0,90,,845,380,4,,0
9800,'Semaine-02',702,,3278,280,4,,0,104,,3266,380,4,,0,107,,3270,380,4,,0,105,,3271,380,4,,0,500,,3272,380,4,,0,108,,3273,380,4,,0,108,,3274,380,4,,0,110,,3275,380,4,,0,104,,3276,380,4,,0,96,,3277,380,4,,0,98,,3267,380,4,,0,95,,3268,380,4,,0
9800,'Semaine-03',707,,3291,280,4,,0,102,,3279,380,4,,0,104,,3283,380,4,,0,105,,3284,380,4,,0,506,,3285,380,4,,0,105,,3286,380,4,,0,105,,3287,380,4,,0,105,,3288,380,4,,0,101,,3289,380,4,,0,97,,3290,380,4,,0,95,,3280,380,4,,0,90,,3281,380,4,,0
11100,'Dimanche-01',845,,857,510,4,,0,187,,856,510,4,,0,291,,858,510,4,,0,290,,859,510,4,,0,305,,860,510,4,,0
11100,'Fête-1-01',845,,3293,510,4,,0,187,,3292,510,4,,0,291,,3294,510,4,,0,290,,3295,510,4,,0,305,,3296,510,4,,0
11100,'Samedi-01',845,,887,510,4,,0,187,,886,510,4,,0,291,,888,510,4,,0,290,,889,510,4,,0,305,,890,510,4,,0
11100,'Semaine-01',610,,896,510,4,,0,97,,897,510,4,,0,111,,898,510,4,,0,95,,899,510,4,,0,114,,912,510,4,,0,75,,894,510,4,,0,225,,895,510,4,,0,380,,906,510,4,,0,99,,908,510,4,,0,394,,910,440,4,,0
11100,'Semaine-02',559,,3304,510,4,,0,70,,3302,510,4,,0,77,,3305,510,4,,0,30,,3303,510,4,,0,71,,3309,510,4,,0,30,,3310,510,4,,0,66,,3301,510,4,,0,106,,3311,510,4,,0,93,,3315,510,4,,0,233,,3300,510,4,,0,404,,3306,510,4,,0,63,,3308,510,4,,0,31,,3307,510,4,,0,367,,3314,440,4,,0
11100,'Semaine-03',610,,3318,510,4,,0,97,,3319,510,4,,0,111,,3320,510,4,,0,95,,3321,510,4,,0,114,,3334,510,4,,0,75,,3316,510,4,,0,225,,3317,510,4,,0,380,,3328,510,4,,0,99,,3330,510,4,,0,394,,3332,440,4,,0
