2400,'Semaine-01',611,,322,240,,,0,22,,323,240,,,0,74,,324,240,,,0,52,,326,240,,,0,74,,327,240,,,0,80,,325,240,,,0
2400,'Semaine-02',555,,2866,240,,,0,78,,2867,240,,,0,81,,2868,240,,,0,42,,2869,240,,,0,82,,2870,240,,,0
2400,'Semaine-03',611,,2871,240,,,0,22,,2872,240,,,0,74,,2873,240,,,0,52,,2875,240,,,0,74,,2876,240,,,0,80,,2874,240,,,0
2500,'Semaine-01',601,,346,280,,,0,34,,343,300,,,0,21,,347,280,,,0,69,,344,300,,,0,26,,348,280,,,0,69,,345,300,,,0
2500,'Semaine-02',601,,2890,280,,,0,34,,2887,300,,,0,21,,2891,280,,,0,72,,2888,300,,,0,23,,2892,280,,,0,69,,2889,300,,,0
2500,'Semaine-03',601,,2896,280,,,0,34,,2893,300,,,0,21,,2897,280,,,0,69,,2894,300,,,0,26,,2898,280,,,0,69,,2895,300,,,0
2700,'Semaine-01',554,,375,200,,,0,80,,376,200,,,0,80,,377,200,,,0,40,,378,200,,,0,80,,379,200,,,0,786,,380,200,,,0,83,,381,200,,,0,46,,382,200,,,0,85,,383,200,,,0,86,,384,200,,,0
2700,'Semaine-02',549,,2915,200,,,0,79,,2916,200,,,0,81,,2917,200,,,0,42,,2918,200,,,0,82,,2919,200,,,0,799,,2920,200,,,0,86,,2921,200,,,0,85,,2922,200,,,0,41,,2923,200,,,0,84,,2924,200,,,0
2700,'Semaine-03',554,,2925,200,,,0,80,,2926,200,,,0,80,,2927,200,,,0,40,,2928,200,,,0,80,,2929,200,,,0,786,,2930,200,,,0,83,,2931,200,,,0,46,,2932,200,,,0,85,,2933,200,,,0,86,,2934,200,,,0
3100,'Dimanche-01',722,,492,340,,,0,218,,493,340,,,0,278,,491,340,,,0,123,,484,340,,,0,160,,485,340,,,0,118,,486,340,,,0,118,,487,340,,,0,119,,488,340,,,0,167,,489,340,,,0,221,,483,340,,,0,215,,490,340,,,0
3100,'Fête-1-01',611,,3034,340,,,0,43,,3045,340,,,0,204,,3046,340,,,0,165,,3043,340,,,0,124,,3033,340,,,0,164,,3044,340,,,0,124,,3035,340,,,0,124,,3036,340,,,0,164,,3037,340,,,0,124,,3038,340,,,0,164,,3039,340,,,0,27,,3040,340,,,0,216,,3041,340,,,0,255,,3042,340,,,0
3100,'Samedi-01',611,,537,340,,,0,43,,548,340,,,0,204,,549,340,,,0,165,,546,340,,,0,124,,536,340,,,0,164,,547,340,,,0,124,,538,340,,,0,124,,539,340,,,0,164,,540,340,,,0,124,,541,340,,,0,164,,542,340,,,0,27,,543,340,,,0,216,,544,340,,,0,255,,545,340,,,0
3100,'Semaine-01',620,,574,340,,,0,80,,550,340,,,0,40,,560,340,,,0,80,,575,340,,,0,80,,569,340,,,0,40,,570,340,,,0,80,,571,340,,,0,80,,577,340,,,0,43,,572,340,,,0,83,,573,340,,,0,83,,551,340,,,0,43,,552,340,,,0,82,,553,340,,,0,82,,554,340,,,0,85,,555,340,,,0,45,,556,340,,,0,86,,557,340,,,0,85,,558,340,,,0,84,,559,340,,,0,42,,561,340,,,0,82,,562,340,,,0,79,,563,340,,,0,40,,564,340,,,0,79,,565,340,,,0,80,,566,340,,,0,40,,567,340,,,0,80,,568,340,,,0,121,,576,340,0,5 6,0
3100,'Semaine-02',614,,3071,340,,,0,41,,3047,340,,,0,81,,3057,340,,,0,82,,3072,340,,,0,82,,3066,340,,,0,42,,3067,340,,,0,82,,3068,340,,,0,81,,3074,340,,,0,45,,3069,340,,,0,83,,3070,340,,,0,83,,3048,340,,,0,43,,3049,340,,,0,83,,3050,340,,,0,84,,3051,340,,,0,86,,3052,340,,,0,88,,3053,340,,,0,46,,3054,340,,,0,85,,3055,340,,,0,81,,3056,340,,,0,40,,3058,340,,,0,81,,3059,340,,,0,80,,3060,340,,,0,41,,3061,340,,,0,80,,3062,340,,,0,80,,3063,340,,,0,40,,3064,340,,,0,80,,3065,340,,,0,111,,3073,340,0,5 6,0
3100,'Semaine-03',620,,3099,340,,,0,80,,3075,340,,,0,40,,3085,340,,,0,80,,3100,340,,,0,80,,3094,340,,,0,40,,3095,340,,,0,80,,3096,340,,,0,80,,3102,340,,,0,43,,3097,340,,,0,83,,3098,340,,,0,83,,3076,340,,,0,43,,3077,340,,,0,82,,3078,340,,,0,82,,3079,340,,,0,85,,3080,340,,,0,45,,3081,340,,,0,86,,3082,340,,,0,85,,3083,340,,,0,84,,3084,340,,,0,42,,3086,340,,,0,82,,3087,340,,,0,79,,3088,340,,,0,40,,3089,340,,,0,79,,3090,340,,,0,80,,3091,340,,,0,40,,3092,340,,,0,80,,3093,340,,,0,121,,3101,340,0,5 6,0
