101,'Dimanche-01',725,,73,110,,,0,205,,74,110,,,0,170,,75,110,,,0,131,,76,110,,,0,126,,77,110,,,0,160,,78,110,,,0,120,,79,110,,,0,120,,80,110,,,0,159,,81,110,,,0,134,,82,110,,,0,155,,83,110,,,0,115,,84,110,,,0
101,'Fête-1-01',725,,2674,110,,,0,205,,2675,110,,,0,170,,2676,110,,,0,131,,2677,110,,,0,126,,2678,110,,,0,160,,2679,110,,,0,120,,2680,110,,,0,120,,2681,110,,,0,159,,2682,110,,,0,134,,2683,110,,,0,155,,2684,110,,,0,115,,2685,110,,,0
101,'Samedi-01',725,,115,110,,,0,205,,116,110,,,0,170,,117,110,,,0,131,,118,110,,,0,126,,119,110,,,0,160,,120,110,,,0,120,,121,110,,,0,120,,122,110,,,0,159,,123,110,,,0,134,,124,110,,,0,155,,125,110,,,0,115,,126,110,,,0
101,'Semaine-01',622,,127,110,,,0,100,,136,110,,,0,30,,138,110,,,0,90,,139,110,,,0,111,,140,110,,,0,105,,141,110,,,0,95,,143,110,,,0,100,,142,110,,,0,106,,144,110,,,0,81,,128,110,,,0,101,,129,110,,,0,98,,130,110,,,0,109,,131,110,,,0,74,,132,110,,,0,104,,133,110,,,0,84,,134,110,,,0,135,,135,110,,,0,175,,137,110,,,0
101,'Semaine-02',617,,2686,110,,,0,100,,2695,110,,,0,30,,2697,110,,,0,100,,2698,110,,,0,106,,2699,110,,,0,95,,2700,110,,,0,100,,2702,110,,,0,95,,2701,110,,,0,111,,2703,110,,,0,86,,2687,110,,,0,106,,2688,110,,,0,93,,2689,110,,,0,109,,2690,110,,,0,69,,2691,110,,,0,29,,2692,110,,,0,109,,2693,110,,,0,185,,2694,110,,,0,190,,2696,110,,,0
101,'Semaine-03',622,,2704,110,,,0,100,,2713,110,,,0,30,,2715,110,,,0,90,,2716,110,,,0,111,,2717,110,,,0,105,,2718,110,,,0,95,,2720,110,,,0,100,,2719,110,,,0,106,,2721,110,,,0,81,,2705,110,,,0,101,,2706,110,,,0,98,,2707,110,,,0,109,,2708,110,,,0,74,,2709,110,,,0,104,,2710,110,,,0,84,,2711,110,,,0,135,,2712,110,,,0,175,,2714,110,,,0
2101,'Semaine-01',654,,260,110,0,5 6,0,79,,261,110,0,5 6,0,81,,262,110,0,5 6,0,796,,254,110,,,0,23,,255,110,,,0,26,,256,110,,,0,65,,257,110,,,0,25,,258,110,,,0,68,,259,110,,,0
2101,'Semaine-02',651,,2800,110,0,5 6,0,82,,2801,110,0,5 6,0,82,,2802,110,0,5 6,0,797,,2794,110,,,0,25,,2795,110,,,0,64,,2796,110,,,0,25,,2797,110,,,0,25,,2798,110,,,0,68,,2799,110,,,0
2101,'Semaine-03',654,,2809,110,0,5 6,0,79,,2810,110,0,5 6,0,81,,2811,110,0,5 6,0,796,,2803,110,,,0,23,,2804,110,,,0,26,,2805,110,,,0,65,,2806,110,,,0,25,,2807,110,,,0,68,,2808,110,,,0
2301,'Semaine-01',1543,,310,110,,,0,65,,311,110,,,0,30,,312,110,,,0,70,,313,110,,,0,30,,314,110,,,0,69,,315,110,,,0,30,,316,110,,,0
2301,'Semaine-02',1543,,2852,110,,,0,65,,2853,110,,,0,30,,2854,110,,,0,70,,2855,110,,,0,25,,2856,110,,,0,74,,2857,110,,,0,30,,2858,110,,,0
2301,'Semaine-03',1543,,2859,110,,,0,65,,2860,110,,,0,30,,2861,110,,,0,70,,2862,110,,,0,30,,2863,110,,,0,69,,2864,110,,,0,30,,2865,110,,,0
2501,'Semaine-01',1548,,355,110,,,0,80,,356,110,,,0,74,,357,110,,,0,39,,358,110,,,0,80,,359,110,,,0,29,,360,110,,,0
2501,'Semaine-02',1548,,2899,110,,,0,80,,2900,110,,,0,74,,2901,110,,,0,39,,2902,110,,,0,75,,2903,110,,,0,34,,2904,110,,,0
2501,'Semaine-03',1548,,2905,110,,,0,80,,2906,110,,,0,74,,2907,110,,,0,39,,2908,110,,,0,80,,2909,110,,,0,29,,2910,110,,,0
2801,'Semaine-01',1348,,445,50,0,6,0,185,,451,50,0,6,0,16,,454,50,0,6,0,55,,458,50,0,6,0,17,,455,50,0,6,0,15,,443,50,0,7,0,10,,457,50,0,6,0,10,,446,50,0,6,0,49,,447,50,0,6,0,10,,442,50,,,0,10,,448,50,0,6,0,9,,449,50,0,6,0,10,,444,50,0,7,0,14,,450,50,0,6,0,52,,452,50,0,6,0,25,,453,50,0,6,0
2801,'Semaine-02',1348,,2982,50,0,6,0,185,,2986,50,0,6,0,16,,2989,50,0,6,0,55,,2992,50,0,6,0,17,,2980,50,0,7,0,15,,2990,50,0,6,0,15,,2991,50,0,6,0,54,,2983,50,0,6,0,15,,2979,50,,,0,14,,2984,50,0,6,0,14,,2981,50,0,7,0,55,,2985,50,0,6,0,12,,2987,50,0,6,0,20,,2988,50,0,6,0
2801,'Semaine-03',1348,,2996,50,0,6,0,185,,3002,50,0,6,0,16,,3005,50,0,6,0,55,,3008,50,0,6,0,17,,3006,50,0,6,0,15,,2994,50,0,7,0,10,,3007,50,0,6,0,10,,2997,50,0,6,0,49,,2998,50,0,6,0,10,,2993,50,,,0,10,,2999,50,0,6,0,9,,3000,50,0,6,0,10,,2995,50,0,7,0,14,,3001,50,0,6,0,52,,3003,50,0,6,0,25,,3004,50,0,6,0
3100,'Dimanche-01',659,,492,110,,,0,256,,493,110,,,0,238,,491,110,,,0,163,,484,110,,,0,120,,485,110,,,0,118,,486,110,,,0,158,,487,110,,,0,119,,488,110,,,0,127,,489,110,,,0,261,,483,110,,,0,215,,490,110,,,0
3100,'Fête-1-01',548,,3034,110,,,0,83,,3045,110,,,0,202,,3046,110,,,0,125,,3043,110,,,0,164,,3033,110,,,0,124,,3044,110,,,0,164,,3035,110,,,0,124,,3036,110,,,0,124,,3037,110,,,0,164,,3038,110,,,0,124,,3039,110,,,0,67,,3040,110,,,0,216,,3041,110,,,0,215,,3042,110,,,0
3100,'Samedi-01',548,,537,110,,,0,83,,548,110,,,0,202,,549,110,,,0,125,,546,110,,,0,164,,536,110,,,0,124,,547,110,,,0,164,,538,110,,,0,124,,539,110,,,0,124,,540,110,,,0,164,,541,110,,,0,124,,542,110,,,0,67,,543,110,,,0,216,,544,110,,,0,215,,545,110,,,0
3100,'Semaine-01',554,,574,110,,,0,80,,550,110,,,0,80,,560,110,,,0,40,,575,110,,,0,80,,569,110,,,0,80,,570,110,,,0,40,,571,110,,,0,81,,577,110,,,0,81,,572,110,,,0,43,,573,110,,,0,83,,551,110,,,0,83,,552,110,,,0,82,,553,110,,,0,42,,554,110,,,0,85,,555,110,,,0,85,,556,110,,,0,85,,557,110,,,0,45,,558,110,,,0,85,,559,110,,,0,84,,561,110,,,0,82,,562,110,,,0,40,,563,110,,,0,80,,564,110,,,0,80,,565,110,,,0,40,,566,110,,,0,80,,567,110,,,0,80,,568,110,,,0,121,,576,110,0,5 6,0
3100,'Semaine-02',547,,3071,110,,,0,81,,3047,110,,,0,81,,3057,110,,,0,42,,3072,110,,,0,82,,3066,110,,,0,82,,3067,110,,,0,42,,3068,110,,,0,82,,3074,110,,,0,83,,3069,110,,,0,83,,3070,110,,,0,43,,3048,110,,,0,83,,3049,110,,,0,83,,3050,110,,,0,44,,3051,110,,,0,86,,3052,110,,,0,87,,3053,110,,,0,86,,3054,110,,,0,85,,3055,110,,,0,42,,3056,110,,,0,82,,3058,110,,,0,81,,3059,110,,,0,41,,3060,110,,,0,81,,3061,110,,,0,81,,3062,110,,,0,40,,3063,110,,,0,80,,3064,110,,,0,80,,3065,110,,,0,111,,3073,110,0,5 6,0
3100,'Semaine-03',554,,3099,110,,,0,80,,3075,110,,,0,80,,3085,110,,,0,40,,3100,110,,,0,80,,3094,110,,,0,80,,3095,110,,,0,40,,3096,110,,,0,81,,3102,110,,,0,81,,3097,110,,,0,43,,3098,110,,,0,83,,3076,110,,,0,83,,3077,110,,,0,82,,3078,110,,,0,42,,3079,110,,,0,85,,3080,110,,,0,85,,3081,110,,,0,85,,3082,110,,,0,45,,3083,110,,,0,85,,3084,110,,,0,84,,3086,110,,,0,82,,3087,110,,,0,40,,3088,110,,,0,80,,3089,110,,,0,80,,3090,110,,,0,40,,3091,110,,,0,80,,3092,110,,,0,80,,3093,110,,,0,121,,3101,110,0,5 6,0
3200,'Dimanche-01',549,,578,110,,,0,254,,583,110,,,0,223,,586,110,,,0,192,,587,110,,,0,119,,579,110,,,0,122,,589,110,,,0,160,,580,110,,,0,119,,582,110,,,0,118,,581,110,,,0,255,,584,110,,,0,216,,585,110,,,0,213,,588,110,0,6,0
3200,'Fête-1-01',701,,3109,110,,,0,37,,3104,110,,,0,120,,3112,110,,,0,163,,3113,110,,,0,124,,3114,110,,,0,164,,3105,110,,,0,124,,3116,110,,,0,124,,3106,110,,,0,168,,3107,110,,,0,120,,3108,110,,,0,276,,3110,110,,,0,216,,3111,110,,,0,209,,3115,110,0,6,0
3200,'Samedi-01',701,,641,110,,,0,37,,636,110,,,0,120,,644,110,,,0,163,,645,110,,,0,124,,646,110,,,0,164,,637,110,,,0,124,,648,110,,,0,124,,638,110,,,0,168,,639,110,,,0,120,,640,110,,,0,276,,642,110,,,0,216,,643,110,,,0,209,,647,110,0,6,0
3200,'Semaine-01',618,,674,110,,,0,39,,649,110,,,0,79,,677,110,,,0,79,,660,110,,,0,40,,668,110,,,0,82,,669,110,,,0,81,,670,110,,,0,41,,671,110,,,0,83,,672,110,,,0,83,,673,110,,,0,83,,650,110,,,0,42,,651,110,,,0,82,,652,110,,,0,84,,676,110,,,0,85,,654,110,,,0,45,,655,110,,,0,86,,656,110,,,0,85,,657,110,,,0,42,,658,110,,,0,84,,659,110,,,0,81,,661,110,,,0,80,,662,110,,,0,40,,663,110,,,0,80,,664,110,,,0,80,,665,110,,,0,41,,666,110,,,0,80,,667,110,,,0,112,,675,110,0,6,0
3200,'Semaine-02',616,,3142,110,,,0,41,,3117,110,,,0,80,,3145,110,,,0,81,,3128,110,,,0,84,,3136,110,,,0,42,,3137,110,,,0,82,,3138,110,,,0,83,,3139,110,,,0,43,,3140,110,,,0,83,,3141,110,,,0,83,,3118,110,,,0,83,,3119,110,,,0,44,,3120,110,,,0,85,,3144,110,,,0,87,,3122,110,,,0,87,,3123,110,,,0,45,,3124,110,,,0,82,,3125,110,,,0,82,,3126,110,,,0,42,,3127,110,,,0,82,,3129,110,,,0,81,,3130,110,,,0,41,,3131,110,,,0,80,,3132,110,,,0,81,,3133,110,,,0,80,,3134,110,,,0,40,,3135,110,,,0,98,,3143,110,0,6,0
3200,'Semaine-03',618,,3173,110,,,0,39,,3148,110,,,0,79,,3176,110,,,0,79,,3159,110,,,0,40,,3167,110,,,0,82,,3168,110,,,0,81,,3169,110,,,0,41,,3170,110,,,0,83,,3171,110,,,0,83,,3172,110,,,0,83,,3149,110,,,0,42,,3150,110,,,0,82,,3151,110,,,0,84,,3175,110,,,0,85,,3153,110,,,0,45,,3154,110,,,0,86,,3155,110,,,0,85,,3156,110,,,0,42,,3157,110,,,0,84,,3158,110,,,0,81,,3160,110,,,0,80,,3161,110,,,0,40,,3162,110,,,0,80,,3163,110,,,0,80,,3164,110,,,0,41,,3165,110,,,0,80,,3166,110,,,0,112,,3174,110,0,6,0
11101,'Dimanche-01',907,,917,110,,,0,148,,916,110,,,0,296,,918,110,,,0,288,,919,110,,,0,304,,920,110,,,0
11101,'Fête-1-01',907,,3338,110,,,0,148,,3337,110,,,0,296,,3339,110,,,0,288,,3340,110,,,0,304,,3341,110,,,0
11101,'Samedi-01',907,,949,110,,,0,148,,948,110,,,0,296,,950,110,,,0,288,,951,110,,,0,304,,952,110,,,0
11101,'Semaine-01',637,,966,50,,,0,1,,965,110,,,0,96,,972,110,,,0,170,,973,110,,,0,55,,970,110,,,0,193,,975,110,,,0,265,,956,110,,,0,110,,957,50,,,0,10,,959,110,,,0,91,,960,50,,,0,19,,967,110,,,0,56,,962,50,,,0,30,,963,50,,,0,13,,961,50,,,0,11,,968,110,,,0,49,,964,50,,,0,45,,969,110,,,0,78,,958,120,,,0,301,,971,110,,,0
11101,'Semaine-02',716,,3353,120,,,0,108,,3356,120,,,0,101,,3357,120,,,0,9,,3355,110,,,0,268,,3359,110,,,0,205,,3345,110,,,0,143,,3346,120,,,0,65,,3348,120,,,0,30,,3349,120,,,0,70,,3350,120,,,0,30,,3351,120,,,0,70,,3352,120,,,0,89,,3354,120,,,0,24,,3347,120,,,0,305,,3361,110,,,0
11101,'Semaine-03',637,,3372,50,,,0,1,,3371,110,,,0,96,,3378,110,,,0,170,,3379,110,,,0,55,,3376,110,,,0,193,,3381,110,,,0,265,,3362,110,,,0,110,,3363,50,,,0,10,,3365,110,,,0,91,,3366,50,,,0,19,,3373,110,,,0,56,,3368,50,,,0,30,,3369,50,,,0,13,,3367,50,,,0,11,,3374,110,,,0,49,,3370,50,,,0,45,,3375,110,,,0,78,,3364,120,,,0,301,,3377,110,,,0
