100,'Dimanche-01',657,,12,750,4,,0,201,,1,750,4,,0,169,,2,750,4,,0,131,,3,750,4,,0,165,,4,750,4,,0,123,,5,750,4,,0,157,,6,750,4,,0,120,,7,750,4,,0,123,,8,750,4,,0,175,,9,750,4,,0,115,,10,750,4,,0,115,,11,750,4,,0
100,'Fête-1-01',657,,2637,750,4,,0,201,,2626,750,4,,0,169,,2627,750,4,,0,131,,2628,750,4,,0,165,,2629,750,4,,0,123,,2630,750,4,,0,157,,2631,750,4,,0,120,,2632,750,4,,0,123,,2633,750,4,,0,175,,2634,750,4,,0,115,,2635,750,4,,0,115,,2636,750,4,,0
100,'Samedi-01',657,,54,750,4,,0,201,,43,750,4,,0,169,,44,750,4,,0,131,,45,750,4,,0,165,,46,750,4,,0,123,,47,750,4,,0,157,,48,750,4,,0,120,,49,750,4,,0,123,,50,750,4,,0,175,,51,750,4,,0,115,,52,750,4,,0,115,,53,750,4,,0
100,'Semaine-01',546,,55,750,4,,0,105,,56,750,4,,0,68,,57,750,4,,0,84,,58,750,4,,0,115,,59,750,4,,0,103,,62,750,4,,0,92,,71,750,4,,0,103,,63,750,4,,0,105,,72,750,4,,0,38,,64,750,4,,0,141,,65,750,4,,0,100,,69,750,4,,0,110,,66,750,4,,0,34,,67,750,4,,0,103,,60,750,4,,0,92,,61,750,4,,0,171,,70,750,4,,0,142,,68,750,4,,0
100,'Semaine-02',546,,2638,750,4,,0,104,,2639,750,4,,0,72,,2640,750,4,,0,83,,2641,750,4,,0,126,,2642,750,4,,0,97,,2645,750,4,,0,28,,2654,750,4,,0,102,,2646,750,4,,0,150,,2655,750,4,,0,95,,2647,750,4,,0,99,,2648,750,4,,0,100,,2652,750,4,,0,110,,2649,750,4,,0,88,,2650,750,4,,0,109,,2643,750,4,,0,46,,2644,750,4,,0,102,,2653,750,4,,0,195,,2651,750,4,,0
100,'Semaine-03',546,,2656,750,4,,0,105,,2657,750,4,,0,68,,2658,750,4,,0,84,,2659,750,4,,0,115,,2660,750,4,,0,103,,2663,750,4,,0,92,,2672,750,4,,0,103,,2664,750,4,,0,105,,2673,750,4,,0,38,,2665,750,4,,0,141,,2666,750,4,,0,100,,2670,750,4,,0,110,,2667,750,4,,0,34,,2668,750,4,,0,103,,2661,750,4,,0,92,,2662,750,4,,0,171,,2671,750,4,,0,142,,2669,750,4,,0
2100,'Semaine-01',603,,240,390,4,,0,30,,241,390,4,,0,73,,242,390,4,,0,37,,243,390,4,,0,70,,244,390,4,,0,36,,245,390,4,,0
2100,'Semaine-02',603,,2782,390,4,,0,30,,2783,390,4,,0,73,,2784,390,4,,0,37,,2785,390,4,,0,70,,2786,390,4,,0,36,,2787,390,4,,0
2100,'Semaine-03',603,,2788,390,4,,0,30,,2789,390,4,,0,73,,2790,390,4,,0,37,,2791,390,4,,0,70,,2792,390,4,,0,36,,2793,390,4,,0
2300,'Semaine-01',604,,295,430,4,,0,27,,296,430,4,,0,17,,297,430,4,,0,75,,298,430,4,,0,26,,299,430,4,,0,61,,300,430,4,,0,20,,301,430,4,,0,20,,302,430,4,,0
2300,'Semaine-02',607,,2836,430,4,,0,26,,2837,430,4,,0,16,,2838,430,4,,0,76,,2839,430,4,,0,24,,2840,430,4,,0,58,,2841,430,4,,0,23,,2842,430,4,,0,23,,2843,430,4,,0
2300,'Semaine-03',604,,2844,430,4,,0,27,,2845,430,4,,0,17,,2846,430,4,,0,75,,2847,430,4,,0,26,,2848,430,4,,0,61,,2849,430,4,,0,20,,2850,430,4,,0,20,,2851,430,4,,0
2500,'Semaine-01',621,,346,410,4,,0,34,,343,430,4,,0,61,,347,410,4,,0,29,,344,430,4,,0,66,,348,410,4,,0,29,,345,430,4,,0
2500,'Semaine-02',624,,2890,410,4,,0,34,,2887,430,4,,0,58,,2891,410,4,,0,33,,2888,430,4,,0,62,,2892,410,4,,0,29,,2889,430,4,,0
2500,'Semaine-03',621,,2896,410,4,,0,34,,2893,430,4,,0,61,,2897,410,4,,0,29,,2894,430,4,,0,66,,2898,410,4,,0,29,,2895,430,4,,0
2600,'Semaine-01',518,,363,380,4,,0,16,,364,390,4,,0
2600,'Semaine-02',518,,2911,380,4,,0,19,,2912,390,4,,0
2600,'Semaine-03',518,,2913,380,4,,0,16,,2914,390,4,,0
3100,'Dimanche-01',738,,492,470,4,,0,219,,493,470,4,,0,278,,491,470,4,,0,123,,484,470,4,,0,160,,485,470,4,,0,118,,486,470,4,,0,118,,487,470,4,,0,159,,488,470,4,,0,127,,489,470,4,,0,261,,483,470,4,,0,213,,490,470,4,,0
3100,'Fête-1-01',627,,3034,470,4,,0,83,,3045,470,4,,0,205,,3046,470,4,,0,125,,3043,470,4,,0,164,,3033,470,4,,0,124,,3044,470,4,,0,124,,3035,470,4,,0,164,,3036,470,4,,0,124,,3037,470,4,,0,164,,3038,470,4,,0,124,,3039,470,4,,0,27,,3040,470,4,,0,256,,3041,470,4,,0,213,,3042,470,4,,0
3100,'Samedi-01',627,,537,470,4,,0,83,,548,470,4,,0,205,,549,470,4,,0,125,,546,470,4,,0,164,,536,470,4,,0,124,,547,470,4,,0,124,,538,470,4,,0,164,,539,470,4,,0,124,,540,470,4,,0,164,,541,470,4,,0,124,,542,470,4,,0,27,,543,470,4,,0,256,,544,470,4,,0,213,,545,470,4,,0
3100,'Semaine-01',641,,574,470,4,,0,80,,550,470,4,,0,82,,560,470,4,,0,40,,575,470,4,,0,80,,569,470,4,,0,80,,570,470,4,,0,37,,571,470,4,,0,79,,577,470,4,,0,84,,572,470,4,,0,43,,573,470,4,,0,83,,551,470,4,,0,83,,552,470,4,,0,42,,553,470,4,,0,84,,554,470,4,,0,84,,555,470,4,,0,85,,556,470,4,,0,46,,557,470,4,,0,83,,558,470,4,,0,84,,559,470,4,,0,82,,561,470,4,,0,42,,562,470,4,,0,79,,563,470,4,,0,80,,564,470,4,,0,37,,565,470,4,,0,80,,566,470,4,,0,80,,567,470,4,,0,40,,568,470,4,,0
3100,'Semaine-02',637,,3071,470,4,,0,81,,3047,470,4,,0,83,,3057,470,4,,0,42,,3072,470,4,,0,82,,3066,470,4,,0,82,,3067,470,4,,0,40,,3068,470,4,,0,80,,3074,470,4,,0,86,,3069,470,4,,0,43,,3070,470,4,,0,83,,3048,470,4,,0,83,,3049,470,4,,0,83,,3050,470,4,,0,45,,3051,470,4,,0,85,,3052,470,4,,0,88,,3053,470,4,,0,86,,3054,470,4,,0,44,,3055,470,4,,0,81,,3056,470,4,,0,79,,3058,470,4,,0,41,,3059,470,4,,0,80,,3060,470,4,,0,81,,3061,470,4,,0,39,,3062,470,4,,0,80,,3063,470,4,,0,80,,3064,470,4,,0,40,,3065,470,4,,0
3100,'Semaine-03',641,,3099,470,4,,0,80,,3075,470,4,,0,82,,3085,470,4,,0,40,,3100,470,4,,0,80,,3094,470,4,,0,80,,3095,470,4,,0,37,,3096,470,4,,0,79,,3102,470,4,,0,84,,3097,470,4,,0,43,,3098,470,4,,0,83,,3076,470,4,,0,83,,3077,470,4,,0,42,,3078,470,4,,0,84,,3079,470,4,,0,84,,3080,470,4,,0,85,,3081,470,4,,0,46,,3082,470,4,,0,83,,3083,470,4,,0,84,,3084,470,4,,0,82,,3086,470,4,,0,42,,3087,470,4,,0,79,,3088,470,4,,0,80,,3089,470,4,,0,37,,3090,470,4,,0,80,,3091,470,4,,0,80,,3092,470,4,,0,40,,3093,470,4,,0
3200,'Dimanche-01',633,,578,480,4,,0,214,,583,480,4,,0,263,,586,480,4,,0,192,,587,480,4,,0,119,,579,480,4,,0,122,,589,480,4,,0,160,,580,480,4,,0,119,,582,480,4,,0,118,,581,480,4,,0,213,,584,480,4,,0,256,,585,480,4,,0
3200,'Fête-1-01',604,,3103,360,4,,0,141,,3109,480,4,,0,77,,3104,480,4,,0,120,,3112,480,4,,0,163,,3113,480,4,,0,124,,3114,480,4,,0,124,,3105,480,4,,0,164,,3116,480,4,,0,124,,3106,480,4,,0,168,,3107,480,4,,0,120,,3108,480,4,,0,274,,3110,480,4,,0,216,,3111,480,4,,0
3200,'Samedi-01',604,,635,360,4,,0,141,,641,480,4,,0,77,,636,480,4,,0,120,,644,480,4,,0,163,,645,480,4,,0,124,,646,480,4,,0,124,,637,480,4,,0,164,,648,480,4,,0,124,,638,480,4,,0,168,,639,480,4,,0,120,,640,480,4,,0,274,,642,480,4,,0,216,,643,480,4,,0
3200,'Semaine-01',705,,674,480,4,,0,41,,649,480,4,,0,80,,677,480,4,,0,80,,660,480,4,,0,40,,668,480,4,,0,77,,669,480,4,,0,81,,670,480,4,,0,41,,671,480,4,,0,83,,672,480,4,,0,83,,673,480,4,,0,43,,650,480,4,,0,82,,651,480,4,,0,84,,652,480,4,,0,86,,676,480,4,,0,17,,653,130,4,,0,28,,654,480,4,,0,58,,678,130,4,,0,24,,655,480,4,,0,20,,679,130,4,,0,65,,656,480,4,,0,84,,657,480,4,,0,41,,658,480,4,,0,83,,659,480,4,,0,80,,661,480,4,,0,40,,662,480,4,,0,80,,663,480,4,,0,80,,664,480,4,,0,40,,665,480,4,,0,80,,666,480,4,,0,80,,667,480,4,,0
3200,'Semaine-02',706,,3142,480,4,,0,43,,3117,480,4,,0,81,,3145,480,4,,0,82,,3128,480,4,,0,39,,3136,480,4,,0,82,,3137,480,4,,0,82,,3138,480,4,,0,43,,3139,480,4,,0,83,,3140,480,4,,0,84,,3141,480,4,,0,83,,3118,480,4,,0,43,,3119,480,4,,0,85,,3120,480,4,,0,87,,3144,480,4,,0,22,,3121,130,4,,0,65,,3122,480,4,,0,22,,3146,130,4,,0,22,,3123,480,4,,0,63,,3147,130,4,,0,22,,3124,480,4,,0,81,,3125,480,4,,0,80,,3126,480,4,,0,42,,3127,480,4,,0,81,,3129,480,4,,0,81,,3130,480,4,,0,41,,3131,480,4,,0,80,,3132,480,4,,0,80,,3133,480,4,,0,40,,3134,480,4,,0,80,,3135,480,4,,0
3200,'Semaine-03',705,,3173,480,4,,0,41,,3148,480,4,,0,80,,3176,480,4,,0,80,,3159,480,4,,0,40,,3167,480,4,,0,77,,3168,480,4,,0,81,,3169,480,4,,0,41,,3170,480,4,,0,83,,3171,480,4,,0,83,,3172,480,4,,0,43,,3149,480,4,,0,82,,3150,480,4,,0,84,,3151,480,4,,0,86,,3175,480,4,,0,17,,3152,130,4,,0,28,,3153,480,4,,0,58,,3177,130,4,,0,24,,3154,480,4,,0,20,,3178,130,4,,0,65,,3155,480,4,,0,84,,3156,480,4,,0,41,,3157,480,4,,0,83,,3158,480,4,,0,80,,3160,480,4,,0,40,,3161,480,4,,0,80,,3162,480,4,,0,80,,3163,480,4,,0,40,,3164,480,4,,0,80,,3165,480,4,,0,80,,3166,480,4,,0
9800,'Semaine-01',706,,855,270,4,,0,102,,843,370,4,,0,104,,847,370,4,,0,105,,848,370,4,,0,506,,849,370,4,,0,105,,850,370,4,,0,105,,851,370,4,,0,105,,852,370,4,,0,101,,853,370,4,,0,97,,854,370,4,,0,95,,844,370,4,,0,90,,845,370,4,,0
9800,'Semaine-02',701,,3278,270,4,,0,104,,3266,370,4,,0,107,,3270,370,4,,0,106,,3271,370,4,,0,499,,3272,370,4,,0,108,,3273,370,4,,0,108,,3274,370,4,,0,110,,3275,370,4,,0,104,,3276,370,4,,0,97,,3277,370,4,,0,97,,3267,370,4,,0,95,,3268,370,4,,0
9800,'Semaine-03',706,,3291,270,4,,0,102,,3279,370,4,,0,104,,3283,370,4,,0,105,,3284,370,4,,0,506,,3285,370,4,,0,105,,3286,370,4,,0,105,,3287,370,4,,0,105,,3288,370,4,,0,101,,3289,370,4,,0,97,,3290,370,4,,0,95,,3280,370,4,,0,90,,3281,370,4,,0
11100,'Dimanche-01',844,,857,500,4,,0,187,,856,500,4,,0,291,,858,500,4,,0,289,,859,500,4,,0,305,,860,500,4,,0
11100,'Fête-1-01',844,,3293,500,4,,0,187,,3292,500,4,,0,291,,3294,500,4,,0,289,,3295,500,4,,0,305,,3296,500,4,,0
11100,'Samedi-01',844,,887,500,4,,0,187,,886,500,4,,0,291,,888,500,4,,0,289,,889,500,4,,0,305,,890,500,4,,0
11100,'Semaine-01',609,,896,500,4,,0,97,,897,500,4,,0,110,,898,500,4,,0,95,,899,500,4,,0,114,,912,500,4,,0,76,,894,500,4,,0,225,,895,500,4,,0,380,,906,500,4,,0,99,,908,500,4,,0,354,,910,430,4,,0
11100,'Semaine-02',558,,3304,500,4,,0,70,,3302,500,4,,0,77,,3305,500,4,,0,30,,3303,500,4,,0,70,,3309,500,4,,0,30,,3310,500,4,,0,66,,3301,500,4,,0,106,,3311,500,4,,0,94,,3315,500,4,,0,233,,3300,500,4,,0,404,,3306,500,4,,0,63,,3308,500,4,,0,31,,3307,500,4,,0,327,,3314,430,4,,0
11100,'Semaine-03',609,,3318,500,4,,0,97,,3319,500,4,,0,110,,3320,500,4,,0,95,,3321,500,4,,0,114,,3334,500,4,,0,76,,3316,500,4,,0,225,,3317,500,4,,0,380,,3328,500,4,,0,99,,3330,500,4,,0,354,,3332,430,4,,0
