100,'Dimanche-01',558,,12,50,,,0,200,,1,50,,,0,165,,2,50,,,0,130,,3,50,,,0,165,,4,50,,,0,124,,5,50,,,0,160,,6,50,,,0,120,,7,50,,,0,124,,8,50,,,0,175,,9,50,,,0,115,,10,50,,,0,115,,11,50,,,0
100,'Fête-1-01',558,,2637,50,,,0,200,,2626,50,,,0,165,,2627,50,,,0,130,,2628,50,,,0,165,,2629,50,,,0,124,,2630,50,,,0,160,,2631,50,,,0,120,,2632,50,,,0,124,,2633,50,,,0,175,,2634,50,,,0,115,,2635,50,,,0,115,,2636,50,,,0
100,'Samedi-01',558,,54,50,,,0,200,,43,50,,,0,165,,44,50,,,0,130,,45,50,,,0,165,,46,50,,,0,124,,47,50,,,0,160,,48,50,,,0,120,,49,50,,,0,124,,50,50,,,0,175,,51,50,,,0,115,,52,50,,,0,115,,53,50,,,0
100,'Semaine-01',440,,55,50,,,0,103,,56,50,,,0,65,,57,50,,,0,41,,58,50,,,0,160,,59,50,,,0,106,,62,50,,,0,94,,71,50,,,0,101,,63,50,,,0,99,,72,50,,,0,38,,64,50,,,0,102,,65,50,,,0,100,,69,50,,,0,110,,66,50,,,0,75,,67,50,,,0,109,,60,50,,,0,95,,61,50,,,0,174,,70,50,,,0,145,,68,50,,,0
100,'Semaine-02',438,,2638,50,,,0,100,,2639,50,,,0,70,,2640,50,,,0,41,,2641,50,,,0,170,,2642,50,,,0,100,,2645,50,,,0,30,,2654,50,,,0,100,,2646,50,,,0,105,,2655,50,,,0,95,,2647,50,,,0,100,,2648,50,,,0,100,,2652,50,,,0,110,,2649,50,,,0,90,,2650,50,,,0,154,,2643,50,,,0,50,,2644,50,,,0,104,,2653,50,,,0,197,,2651,50,,,0
100,'Semaine-03',440,,2656,50,,,0,103,,2657,50,,,0,65,,2658,50,,,0,41,,2659,50,,,0,160,,2660,50,,,0,106,,2663,50,,,0,94,,2672,50,,,0,101,,2664,50,,,0,99,,2673,50,,,0,38,,2665,50,,,0,102,,2666,50,,,0,100,,2670,50,,,0,110,,2667,50,,,0,75,,2668,50,,,0,109,,2661,50,,,0,95,,2662,50,,,0,174,,2671,50,,,0,145,,2669,50,,,0
2000,'Dimanche-01',648,,146,10,,,0,164,,147,10,,,0,125,,148,10,,,0,165,,149,10,,,0,125,,150,10,,,0,125,,151,10,,,0,165,,152,10,,,0,125,,153,10,,,0
2000,'Fête-1-01',648,,2722,10,,,0,164,,2723,10,,,0,125,,2724,10,,,0,165,,2725,10,,,0,125,,2726,10,,,0,125,,2727,10,,,0,165,,2728,10,,,0,125,,2729,10,,,0
2000,'Samedi-01',648,,171,10,,,0,164,,172,10,,,0,125,,173,10,,,0,165,,174,10,,,0,125,,175,10,,,0,125,,176,10,,,0,165,,177,10,,,0,125,,178,10,,,0
2000,'Semaine-01',630,,179,10,,,0,125,,180,10,,,0,165,,181,10,,,0,126,,182,10,,,0,166,,183,10,,,0,125,,184,10,,,0,166,,185,10,,,0,126,,186,10,,,0,126,,187,10,,,0
2000,'Semaine-01-0001100',1921,,189,10,,,0,124,,188,10,,,0
2000,'Semaine-02',630,,2730,10,,,0,125,,2731,10,,,0,165,,2732,10,,,0,126,,2733,10,,,0,166,,2734,10,,,0,125,,2735,10,,,0,166,,2736,10,,,0,126,,2737,10,,,0,126,,2738,10,,,0
2000,'Semaine-02-0001100',1921,,2740,10,,,0,124,,2739,10,,,0
2000,'Semaine-03',630,,2741,10,,,0,125,,2742,10,,,0,165,,2743,10,,,0,126,,2744,10,,,0,166,,2745,10,,,0,125,,2746,10,,,0,166,,2747,10,,,0,126,,2748,10,,,0,126,,2749,10,,,0
2000,'Semaine-03-0001100',1921,,2751,10,,,0,124,,2750,10,,,0
2800,'Semaine-01',603,,413,10,,,0
2800,'Semaine-02',603,,2953,10,,,0
2800,'Semaine-03',603,,2965,10,,,0
