100,'Dimanche-01',635,,12,590,,,0,200,,1,590,,,0,167,,2,590,,,0,130,,3,590,,,0,125,,4,590,,,0,163,,5,590,,,0,118,,6,590,,,0,120,,7,590,,,0,163,,8,590,,,0,135,,9,590,,,0,155,,10,590,,,0,115,,11,590,,,0
100,'Fête-1-01',635,,2637,590,,,0,200,,2626,590,,,0,167,,2627,590,,,0,130,,2628,590,,,0,125,,2629,590,,,0,163,,2630,590,,,0,118,,2631,590,,,0,120,,2632,590,,,0,163,,2633,590,,,0,135,,2634,590,,,0,155,,2635,590,,,0,115,,2636,590,,,0
100,'Samedi-01',635,,54,590,,,0,200,,43,590,,,0,167,,44,590,,,0,130,,45,590,,,0,125,,46,590,,,0,163,,47,590,,,0,118,,48,590,,,0,120,,49,590,,,0,163,,50,590,,,0,135,,51,590,,,0,155,,52,590,,,0,115,,53,590,,,0
100,'Semaine-01',522,,55,590,,,0,104,,56,590,,,0,26,,57,590,,,0,82,,58,590,,,0,118,,59,590,,,0,104,,62,590,,,0,94,,71,590,,,0,101,,63,590,,,0,101,,72,590,,,0,78,,64,590,,,0,102,,65,590,,,0,100,,69,590,,,0,110,,66,590,,,0,75,,67,590,,,0,105,,60,590,,,0,92,,61,590,,,0,132,,70,590,,,0,184,,68,590,,,0
100,'Semaine-02',520,,2638,590,,,0,102,,2639,590,,,0,30,,2640,590,,,0,82,,2641,590,,,0,168,,2642,590,,,0,98,,2645,590,,,0,30,,2654,590,,,0,100,,2646,590,,,0,107,,2655,590,,,0,95,,2647,590,,,0,100,,2648,590,,,0,100,,2652,590,,,0,110,,2649,590,,,0,89,,2650,590,,,0,111,,2643,590,,,0,87,,2644,590,,,0,102,,2653,590,,,0,196,,2651,590,,,0
100,'Semaine-03',522,,2656,590,,,0,104,,2657,590,,,0,26,,2658,590,,,0,82,,2659,590,,,0,118,,2660,590,,,0,104,,2663,590,,,0,94,,2672,590,,,0,101,,2664,590,,,0,101,,2673,590,,,0,78,,2665,590,,,0,102,,2666,590,,,0,100,,2670,590,,,0,110,,2667,590,,,0,75,,2668,590,,,0,105,,2661,590,,,0,92,,2662,590,,,0,132,,2671,590,,,0,184,,2669,590,,,0
2600,'Semaine-01',501,,363,230,,,0,16,,364,240,,,0
2600,'Semaine-02',501,,2911,230,,,0,16,,2912,240,,,0
2600,'Semaine-03',501,,2913,230,,,0,16,,2914,240,,,0
2800,'Semaine-01',512,,417,120,,,0,20,,416,120,,,0,15,,414,360,,,0,55,,428,120,,,0,15,,425,120,,,0,15,,413,400,,,0,10,,426,120,,,0,10,,415,360,,,0,51,,427,120,,,0,10,,418,120,,,0,10,,419,120,,,0,15,,420,120,,,0,15,,422,120,,,0,60,,423,120,,,0
2800,'Semaine-02',512,,2957,120,,,0,20,,2956,120,,,0,15,,2954,360,,,0,55,,2963,120,,,0,15,,2964,120,,,0,15,,2953,400,,,0,15,,2955,360,,,0,56,,2958,120,,,0,15,,2959,120,,,0,15,,2960,120,,,0,20,,2961,120,,,0,60,,2962,120,,,0
2800,'Semaine-03',512,,2969,120,,,0,20,,2968,120,,,0,15,,2966,360,,,0,55,,2978,120,,,0,15,,2975,120,,,0,15,,2965,400,,,0,10,,2976,120,,,0,10,,2967,360,,,0,51,,2977,120,,,0,10,,2970,120,,,0,10,,2971,120,,,0,15,,2972,120,,,0,15,,2973,120,,,0,60,,2974,120,,,0
3300,'Dimanche-01',610,,682,500,,,0,42,,680,500,,,0,91,,691,500,,,0,81,,701,500,,,0,83,,703,500,,,0,93,,704,500,,,0,40,,705,500,,,0,80,,706,500,,,0,80,,707,500,,,0,40,,683,500,,,0,80,,684,500,,,0,39,,685,500,,,0,80,,686,500,,,0,80,,687,500,,,0,39,,688,500,,,0,79,,689,500,,,0,79,,690,500,,,0,39,,692,500,,,0,79,,693,500,,,0,80,,694,500,,,0,87,,695,500,,,0,45,,696,500,,,0,85,,697,500,,,0,87,,698,500,,,0,86,,699,500,,,0,43,,700,500,,,0,88,,681,500,,,0,83,,702,500,,,0
3300,'Fête-1-01',630,,3181,500,,,0,81,,3179,500,,,0,42,,3190,500,,,0,82,,3200,500,,,0,82,,3202,500,,,0,84,,3203,500,,,0,41,,3204,500,,,0,82,,3205,500,,,0,82,,3206,500,,,0,42,,3182,500,,,0,82,,3183,500,,,0,82,,3184,500,,,0,42,,3185,500,,,0,82,,3186,500,,,0,82,,3187,500,,,0,82,,3188,500,,,0,42,,3189,500,,,0,85,,3191,500,,,0,79,,3192,500,,,0,42,,3193,500,,,0,82,,3194,500,,,0,79,,3195,500,,,0,41,,3196,500,,,0,81,,3197,500,,,0,82,,3198,500,,,0,43,,3199,500,,,0,86,,3201,500,,,0,86,,3180,500,,,0
3300,'Samedi-01',630,,769,500,,,0,81,,767,500,,,0,42,,778,500,,,0,82,,788,500,,,0,82,,790,500,,,0,84,,791,500,,,0,41,,792,500,,,0,82,,793,500,,,0,82,,794,500,,,0,42,,770,500,,,0,82,,771,500,,,0,82,,772,500,,,0,42,,773,500,,,0,82,,774,500,,,0,82,,775,500,,,0,82,,776,500,,,0,42,,777,500,,,0,85,,779,500,,,0,79,,780,500,,,0,42,,781,500,,,0,82,,782,500,,,0,79,,783,500,,,0,41,,784,500,,,0,81,,785,500,,,0,82,,786,500,,,0,43,,787,500,,,0,86,,789,500,,,0,86,,768,500,,,0
3300,'Semaine-01',637,,796,500,,,0,80,,824,500,,,0,41,,805,500,,,0,80,,815,500,,,0,80,,818,500,,,0,40,,819,500,,,0,80,,820,500,,,0,82,,821,500,,,0,81,,822,500,,,0,43,,797,500,,,0,83,,798,500,,,0,83,,799,500,,,0,43,,800,500,,,0,84,,801,500,,,0,86,,802,500,,,0,84,,803,500,,,0,45,,804,500,,,0,84,,806,500,,,0,81,,807,500,,,0,83,,808,500,,,0,42,,809,500,,,0,80,,810,500,,,0,80,,811,500,,,0,39,,812,500,,,0,80,,813,500,,,0,80,,814,500,,,0,40,,816,500,,,0,80,,817,500,,,0
3300,'Semaine-02',632,,3208,500,,,0,81,,3236,500,,,0,42,,3217,500,,,0,82,,3227,500,,,0,82,,3230,500,,,0,82,,3231,500,,,0,42,,3232,500,,,0,83,,3233,500,,,0,83,,3234,500,,,0,43,,3209,500,,,0,83,,3210,500,,,0,83,,3211,500,,,0,84,,3212,500,,,0,46,,3213,500,,,0,87,,3214,500,,,0,86,,3215,500,,,0,85,,3216,500,,,0,42,,3218,500,,,0,81,,3219,500,,,0,81,,3220,500,,,0,41,,3221,500,,,0,81,,3222,500,,,0,81,,3223,500,,,0,40,,3224,500,,,0,80,,3225,500,,,0,80,,3226,500,,,0,40,,3228,500,,,0,80,,3229,500,,,0
3300,'Semaine-03',637,,3237,500,,,0,80,,3265,500,,,0,41,,3246,500,,,0,80,,3256,500,,,0,80,,3259,500,,,0,40,,3260,500,,,0,80,,3261,500,,,0,82,,3262,500,,,0,81,,3263,500,,,0,43,,3238,500,,,0,83,,3239,500,,,0,83,,3240,500,,,0,43,,3241,500,,,0,84,,3242,500,,,0,86,,3243,500,,,0,84,,3244,500,,,0,45,,3245,500,,,0,84,,3247,500,,,0,81,,3248,500,,,0,83,,3249,500,,,0,42,,3250,500,,,0,80,,3251,500,,,0,80,,3252,500,,,0,39,,3253,500,,,0,80,,3254,500,,,0,80,,3255,500,,,0,40,,3257,500,,,0,80,,3258,500,,,0
