2000001900,'Dimanche-01',539,,1174,20,0,19,0,170,,1175,20,0,19,0,130,,1176,20,0,19,0,170,,1177,20,0,19,0,130,,1178,20,0,19,0,170,,1179,20,0,19,0,130,,1180,20,0,19,0,170,,1181,20,0,19,0,130,,1182,20,0,19,0,170,,1183,20,0,19,0,130,,1184,20,0,19,0,170,,1185,20,0,19,0
2000001900,'Fête-1-01',539,,3514,20,0,19,0,170,,3515,20,0,19,0,130,,3516,20,0,19,0,170,,3517,20,0,19,0,130,,3518,20,0,19,0,170,,3519,20,0,19,0,130,,3520,20,0,19,0,170,,3521,20,0,19,0,130,,3522,20,0,19,0,170,,3523,20,0,19,0,130,,3524,20,0,19,0,170,,3525,20,0,19,0
2000001900,'Samedi-01',539,,1216,20,0,19,0,170,,1217,20,0,19,0,130,,1218,20,0,19,0,170,,1219,20,0,19,0,130,,1220,20,0,19,0,170,,1221,20,0,19,0,130,,1222,20,0,19,0,170,,1223,20,0,19,0,130,,1224,20,0,19,0,170,,1225,20,0,19,0,130,,1226,20,0,19,0,170,,1227,20,0,19,0
2000001900,'Semaine-01',444,,1228,20,0,19,0,100,,1229,20,0,19,0,70,,1230,20,0,19,0,100,,1231,20,0,19,0,100,,1232,20,0,19,0,100,,1233,20,0,19,0,96,,1234,20,0,19,0,100,,1235,20,0,19,0,100,,1236,20,0,19,0,100,,1237,20,0,19,0,100,,1238,20,0,19,0,100,,1239,20,0,19,0,100,,1240,20,0,19,0,34,,1241,20,0,19,0,100,,1242,20,0,19,0,96,,1243,20,0,19,0,165,,1244,20,0,19,0,149,,1245,20,0,19,0
2000001900,'Semaine-02',444,,3526,20,0,19,0,100,,3527,20,0,19,0,70,,3528,20,0,19,0,100,,3529,20,0,19,0,100,,3530,20,0,19,0,100,,3531,20,0,19,0,96,,3532,20,0,19,0,100,,3533,20,0,19,0,100,,3534,20,0,19,0,100,,3535,20,0,19,0,100,,3536,20,0,19,0,100,,3537,20,0,19,0,100,,3538,20,0,19,0,34,,3539,20,0,19,0,100,,3540,20,0,19,0,96,,3541,20,0,19,0,165,,3542,20,0,19,0,149,,3543,20,0,19,0
2000001900,'Semaine-03',444,,3544,20,0,19,0,100,,3545,20,0,19,0,70,,3546,20,0,19,0,100,,3547,20,0,19,0,100,,3548,20,0,19,0,100,,3549,20,0,19,0,96,,3550,20,0,19,0,100,,3551,20,0,19,0,100,,3552,20,0,19,0,100,,3553,20,0,19,0,100,,3554,20,0,19,0,100,,3555,20,0,19,0,100,,3556,20,0,19,0,34,,3557,20,0,19,0,100,,3558,20,0,19,0,96,,3559,20,0,19,0,165,,3560,20,0,19,0,149,,3561,20,0,19,0
2000001901,'Dimanche-01',744,,1246,60,0,19,0,170,,1247,60,0,19,0,131,,1248,60,0,19,0,171,,1249,60,0,19,0,130,,1250,60,0,19,0,170,,1251,60,0,19,0,130,,1252,60,0,19,0,170,,1253,60,0,19,0,129,,1254,60,0,19,0,170,,1255,60,0,19,0,130,,1256,60,0,19,0,170,,1257,60,0,19,0
2000001901,'Fête-1-01',744,,3562,60,0,19,0,170,,3563,60,0,19,0,131,,3564,60,0,19,0,171,,3565,60,0,19,0,130,,3566,60,0,19,0,170,,3567,60,0,19,0,130,,3568,60,0,19,0,170,,3569,60,0,19,0,129,,3570,60,0,19,0,170,,3571,60,0,19,0,130,,3572,60,0,19,0,170,,3573,60,0,19,0
2000001901,'Samedi-01',744,,1288,60,0,19,0,170,,1289,60,0,19,0,131,,1290,60,0,19,0,171,,1291,60,0,19,0,130,,1292,60,0,19,0,170,,1293,60,0,19,0,130,,1294,60,0,19,0,170,,1295,60,0,19,0,129,,1296,60,0,19,0,170,,1297,60,0,19,0,130,,1298,60,0,19,0,170,,1299,60,0,19,0
2000001901,'Semaine-01',700,,1300,60,0,19,0,100,,1301,60,0,19,0,30,,1302,60,0,19,0,101,,1303,60,0,19,0,100,,1304,60,0,19,0,95,,1305,60,0,19,0,100,,1306,60,0,19,0,100,,1307,60,0,19,0,100,,1308,60,0,19,0,100,,1309,60,0,19,0,103,,1310,60,0,19,0,101,,1311,60,0,19,0,100,,1312,60,0,19,0,70,,1313,60,0,19,0,56,,1314,60,0,19,0,99,,1315,60,0,19,0,160,,1316,60,0,19,0,139,,1317,60,0,19,0
2000001901,'Semaine-02',700,,3574,60,0,19,0,100,,3575,60,0,19,0,30,,3576,60,0,19,0,101,,3577,60,0,19,0,100,,3578,60,0,19,0,95,,3579,60,0,19,0,100,,3580,60,0,19,0,100,,3581,60,0,19,0,100,,3582,60,0,19,0,100,,3583,60,0,19,0,103,,3584,60,0,19,0,101,,3585,60,0,19,0,100,,3586,60,0,19,0,70,,3587,60,0,19,0,56,,3588,60,0,19,0,99,,3589,60,0,19,0,160,,3590,60,0,19,0,139,,3591,60,0,19,0
2000001901,'Semaine-03',700,,3592,60,0,19,0,100,,3593,60,0,19,0,30,,3594,60,0,19,0,101,,3595,60,0,19,0,100,,3596,60,0,19,0,95,,3597,60,0,19,0,100,,3598,60,0,19,0,100,,3599,60,0,19,0,100,,3600,60,0,19,0,100,,3601,60,0,19,0,103,,3602,60,0,19,0,101,,3603,60,0,19,0,100,,3604,60,0,19,0,70,,3605,60,0,19,0,56,,3606,60,0,19,0,99,,3607,60,0,19,0,160,,3608,60,0,19,0,139,,3609,60,0,19,0
