101,'Dimanche-01',717,,73,60,,,0,205,,74,60,,,0,130,,75,60,,,0,170,,76,60,,,0,125,,77,60,,,0,160,,78,60,,,0,120,,79,60,,,0,120,,80,60,,,0,160,,81,60,,,0,135,,82,60,,,0,115,,83,60,,,0,155,,84,60,,,0
101,'Fête-1-01',717,,2674,60,,,0,205,,2675,60,,,0,130,,2676,60,,,0,170,,2677,60,,,0,125,,2678,60,,,0,160,,2679,60,,,0,120,,2680,60,,,0,120,,2681,60,,,0,160,,2682,60,,,0,135,,2683,60,,,0,115,,2684,60,,,0,155,,2685,60,,,0
101,'Samedi-01',717,,115,60,,,0,205,,116,60,,,0,130,,117,60,,,0,170,,118,60,,,0,125,,119,60,,,0,160,,120,60,,,0,120,,121,60,,,0,120,,122,60,,,0,160,,123,60,,,0,135,,124,60,,,0,115,,125,60,,,0,155,,126,60,,,0
101,'Semaine-01',612,,127,60,,,0,100,,136,60,,,0,30,,138,60,,,0,90,,139,60,,,0,111,,140,60,,,0,105,,141,60,,,0,95,,143,60,,,0,100,,142,60,,,0,106,,144,60,,,0,80,,128,60,,,0,100,,129,60,,,0,100,,130,60,,,0,109,,131,60,,,0,75,,132,60,,,0,104,,133,60,,,0,85,,134,60,,,0,135,,135,60,,,0,175,,137,60,,,0
101,'Semaine-02',607,,2686,60,,,0,100,,2695,60,,,0,30,,2697,60,,,0,100,,2698,60,,,0,106,,2699,60,,,0,95,,2700,60,,,0,100,,2702,60,,,0,95,,2701,60,,,0,111,,2703,60,,,0,85,,2687,60,,,0,105,,2688,60,,,0,95,,2689,60,,,0,109,,2690,60,,,0,70,,2691,60,,,0,29,,2692,60,,,0,110,,2693,60,,,0,185,,2694,60,,,0,190,,2696,60,,,0
101,'Semaine-03',612,,2704,60,,,0,100,,2713,60,,,0,30,,2715,60,,,0,90,,2716,60,,,0,111,,2717,60,,,0,105,,2718,60,,,0,95,,2720,60,,,0,100,,2719,60,,,0,106,,2721,60,,,0,80,,2705,60,,,0,100,,2706,60,,,0,100,,2707,60,,,0,109,,2708,60,,,0,75,,2709,60,,,0,104,,2710,60,,,0,85,,2711,60,,,0,135,,2712,60,,,0,175,,2714,60,,,0
2101,'Semaine-01',645,,260,60,0,5 6,0,79,,261,60,0,5 6,0,81,,262,60,0,5 6,0,795,,254,60,,,0,23,,255,60,,,0,26,,256,60,,,0,65,,257,60,,,0,25,,258,60,,,0,68,,259,60,,,0
2101,'Semaine-02',641,,2800,60,0,5 6,0,82,,2801,60,0,5 6,0,82,,2802,60,0,5 6,0,796,,2794,60,,,0,25,,2795,60,,,0,24,,2796,60,,,0,65,,2797,60,,,0,25,,2798,60,,,0,68,,2799,60,,,0
2101,'Semaine-03',645,,2809,60,0,5 6,0,79,,2810,60,0,5 6,0,81,,2811,60,0,5 6,0,795,,2803,60,,,0,23,,2804,60,,,0,26,,2805,60,,,0,65,,2806,60,,,0,25,,2807,60,,,0,68,,2808,60,,,0
2301,'Semaine-01',1533,,310,60,,,0,25,,311,60,,,0,70,,312,60,,,0,30,,313,60,,,0,70,,314,60,,,0,29,,315,60,,,0,70,,316,60,,,0
2301,'Semaine-02',1533,,2852,60,,,0,25,,2853,60,,,0,70,,2854,60,,,0,30,,2855,60,,,0,65,,2856,60,,,0,34,,2857,60,,,0,70,,2858,60,,,0
2301,'Semaine-03',1533,,2859,60,,,0,25,,2860,60,,,0,70,,2861,60,,,0,30,,2862,60,,,0,70,,2863,60,,,0,29,,2864,60,,,0,70,,2865,60,,,0
2501,'Semaine-01',1538,,355,60,,,0,80,,356,60,,,0,34,,357,60,,,0,80,,358,60,,,0,80,,359,60,,,0,30,,360,60,,,0
2501,'Semaine-02',1538,,2899,60,,,0,80,,2900,60,,,0,34,,2901,60,,,0,80,,2902,60,,,0,75,,2903,60,,,0,35,,2904,60,,,0
2501,'Semaine-03',1538,,2905,60,,,0,80,,2906,60,,,0,34,,2907,60,,,0,80,,2908,60,,,0,80,,2909,60,,,0,30,,2910,60,,,0
3100,'Dimanche-01',651,,492,60,,,0,255,,493,60,,,0,238,,491,60,,,0,163,,484,60,,,0,120,,485,60,,,0,118,,486,60,,,0,158,,487,60,,,0,119,,488,60,,,0,127,,489,60,,,0,262,,483,60,,,0,215,,490,60,,,0
3100,'Fête-1-01',540,,3034,60,,,0,83,,3045,60,,,0,201,,3046,60,,,0,125,,3043,60,,,0,164,,3033,60,,,0,124,,3044,60,,,0,164,,3035,60,,,0,124,,3036,60,,,0,124,,3037,60,,,0,164,,3038,60,,,0,124,,3039,60,,,0,68,,3040,60,,,0,216,,3041,60,,,0,215,,3042,60,,,0
3100,'Samedi-01',540,,537,60,,,0,83,,548,60,,,0,201,,549,60,,,0,125,,546,60,,,0,164,,536,60,,,0,124,,547,60,,,0,164,,538,60,,,0,124,,539,60,,,0,124,,540,60,,,0,164,,541,60,,,0,124,,542,60,,,0,68,,543,60,,,0,216,,544,60,,,0,215,,545,60,,,0
3100,'Semaine-01',546,,574,60,,,0,80,,550,60,,,0,80,,560,60,,,0,40,,575,60,,,0,80,,569,60,,,0,80,,570,60,,,0,40,,571,60,,,0,81,,577,60,,,0,81,,572,60,,,0,43,,573,60,,,0,83,,551,60,,,0,83,,552,60,,,0,42,,553,60,,,0,81,,554,60,,,0,84,,555,60,,,0,85,,556,60,,,0,45,,557,60,,,0,86,,558,60,,,0,86,,559,60,,,0,84,,561,60,,,0,42,,562,60,,,0,80,,563,60,,,0,80,,564,60,,,0,40,,565,60,,,0,80,,566,60,,,0,80,,567,60,,,0,40,,568,60,,,0,161,,576,60,0,5 6,0
3100,'Semaine-02',538,,3071,60,,,0,81,,3047,60,,,0,81,,3057,60,,,0,42,,3072,60,,,0,82,,3066,60,,,0,82,,3067,60,,,0,42,,3068,60,,,0,82,,3074,60,,,0,83,,3069,60,,,0,43,,3070,60,,,0,83,,3048,60,,,0,83,,3049,60,,,0,83,,3050,60,,,0,43,,3051,60,,,0,85,,3052,60,,,0,87,,3053,60,,,0,86,,3054,60,,,0,46,,3055,60,,,0,83,,3056,60,,,0,82,,3058,60,,,0,41,,3059,60,,,0,81,,3060,60,,,0,81,,3061,60,,,0,81,,3062,60,,,0,40,,3063,60,,,0,80,,3064,60,,,0,80,,3065,60,,,0,111,,3073,60,0,5 6,0
3100,'Semaine-03',546,,3099,60,,,0,80,,3075,60,,,0,80,,3085,60,,,0,40,,3100,60,,,0,80,,3094,60,,,0,80,,3095,60,,,0,40,,3096,60,,,0,81,,3102,60,,,0,81,,3097,60,,,0,43,,3098,60,,,0,83,,3076,60,,,0,83,,3077,60,,,0,42,,3078,60,,,0,81,,3079,60,,,0,84,,3080,60,,,0,85,,3081,60,,,0,45,,3082,60,,,0,86,,3083,60,,,0,86,,3084,60,,,0,84,,3086,60,,,0,42,,3087,60,,,0,80,,3088,60,,,0,80,,3089,60,,,0,40,,3090,60,,,0,80,,3091,60,,,0,80,,3092,60,,,0,40,,3093,60,,,0,161,,3101,60,0,5 6,0
3200,'Dimanche-01',541,,578,60,,,0,214,,583,60,,,0,262,,586,60,,,0,192,,587,60,,,0,119,,579,60,,,0,122,,589,60,,,0,160,,580,60,,,0,119,,582,60,,,0,118,,581,60,,,0,256,,584,60,,,0,216,,585,60,,,0,213,,588,60,0,6,0
3200,'Fête-1-01',653,,3109,60,,,0,77,,3104,60,,,0,120,,3112,60,,,0,162,,3113,60,,,0,124,,3114,60,,,0,164,,3105,60,,,0,124,,3116,60,,,0,124,,3106,60,,,0,168,,3107,60,,,0,120,,3108,60,,,0,277,,3110,60,,,0,216,,3111,60,,,0,211,,3115,60,0,6,0
3200,'Samedi-01',653,,641,60,,,0,77,,636,60,,,0,120,,644,60,,,0,162,,645,60,,,0,124,,646,60,,,0,164,,637,60,,,0,124,,648,60,,,0,124,,638,60,,,0,168,,639,60,,,0,120,,640,60,,,0,277,,642,60,,,0,216,,643,60,,,0,211,,647,60,0,6,0
3200,'Semaine-01',610,,674,60,,,0,39,,649,60,,,0,79,,677,60,,,0,79,,660,60,,,0,40,,668,60,,,0,82,,669,60,,,0,81,,670,60,,,0,41,,671,60,,,0,83,,672,60,,,0,83,,673,60,,,0,83,,650,60,,,0,42,,651,60,,,0,81,,652,60,,,0,84,,676,60,,,0,45,,654,60,,,0,84,,655,60,,,0,86,,656,60,,,0,87,,657,60,,,0,42,,658,60,,,0,84,,659,60,,,0,81,,661,60,,,0,40,,662,60,,,0,80,,663,60,,,0,80,,664,60,,,0,40,,665,60,,,0,82,,666,60,,,0,80,,667,60,,,0,112,,675,60,0,6,0
3200,'Semaine-02',608,,3142,60,,,0,41,,3117,60,,,0,79,,3145,60,,,0,81,,3128,60,,,0,44,,3136,60,,,0,82,,3137,60,,,0,82,,3138,60,,,0,83,,3139,60,,,0,43,,3140,60,,,0,83,,3141,60,,,0,83,,3118,60,,,0,43,,3119,60,,,0,82,,3120,60,,,0,85,,3144,60,,,0,87,,3122,60,,,0,47,,3123,60,,,0,85,,3124,60,,,0,84,,3125,60,,,0,82,,3126,60,,,0,43,,3127,60,,,0,82,,3129,60,,,0,81,,3130,60,,,0,41,,3131,60,,,0,80,,3132,60,,,0,82,,3133,60,,,0,40,,3134,60,,,0,80,,3135,60,,,0,98,,3143,60,0,6,0
3200,'Semaine-03',610,,3173,60,,,0,39,,3148,60,,,0,79,,3176,60,,,0,79,,3159,60,,,0,40,,3167,60,,,0,82,,3168,60,,,0,81,,3169,60,,,0,41,,3170,60,,,0,83,,3171,60,,,0,83,,3172,60,,,0,83,,3149,60,,,0,42,,3150,60,,,0,81,,3151,60,,,0,84,,3175,60,,,0,45,,3153,60,,,0,84,,3154,60,,,0,86,,3155,60,,,0,87,,3156,60,,,0,42,,3157,60,,,0,84,,3158,60,,,0,81,,3160,60,,,0,40,,3161,60,,,0,80,,3162,60,,,0,80,,3163,60,,,0,40,,3164,60,,,0,82,,3165,60,,,0,80,,3166,60,,,0,112,,3174,60,0,6,0
9800,'Semaine-01',723,,843,60,,,0,103,,847,60,,,0,105,,848,60,,,0,505,,849,60,,,0,105,,850,60,,,0,105,,851,60,,,0,105,,852,60,,,0,105,,853,60,,,0,98,,854,60,,,0,100,,844,60,,,0,90,,845,60,,,0,90,,846,60,,,0
9800,'Semaine-02',720,,3266,60,,,0,106,,3270,60,,,0,110,,3271,60,,,0,494,,3272,60,,,0,108,,3273,60,,,0,108,,3274,60,,,0,110,,3275,60,,,0,149,,3276,60,,,0,99,,3277,60,,,0,100,,3267,60,,,0,55,,3268,60,,,0,95,,3269,60,,,0
9800,'Semaine-03',723,,3279,60,,,0,103,,3283,60,,,0,105,,3284,60,,,0,505,,3285,60,,,0,105,,3286,60,,,0,105,,3287,60,,,0,105,,3288,60,,,0,105,,3289,60,,,0,98,,3290,60,,,0,100,,3280,60,,,0,90,,3281,60,,,0,90,,3282,60,,,0
11101,'Dimanche-01',900,,917,60,,,0,147,,916,60,,,0,295,,918,60,,,0,288,,919,60,,,0,304,,920,60,,,0
11101,'Fête-1-01',900,,3338,60,,,0,147,,3337,60,,,0,295,,3339,60,,,0,288,,3340,60,,,0,304,,3341,60,,,0
11101,'Samedi-01',900,,949,60,,,0,147,,948,60,,,0,295,,950,60,,,0,288,,951,60,,,0,304,,952,60,,,0
11101,'Semaine-01',631,,965,60,,,0,95,,972,60,,,0,130,,973,60,,,0,95,,970,60,,,0,191,,975,60,,,0,265,,956,60,,,0,120,,959,60,,,0,110,,967,60,,,0,110,,968,60,,,0,95,,969,60,,,0,75,,958,70,,,0,305,,971,60,,,0
11101,'Semaine-02',706,,3353,70,,,0,107,,3356,70,,,0,101,,3357,70,,,0,12,,3355,60,,,0,226,,3359,60,,,0,205,,3345,60,,,0,180,,3346,70,,,0,65,,3348,70,,,0,30,,3349,70,,,0,70,,3350,70,,,0,30,,3351,70,,,0,70,,3352,70,,,0,50,,3354,70,,,0,65,,3347,70,,,0,305,,3361,60,,,0
11101,'Semaine-03',631,,3371,60,,,0,95,,3378,60,,,0,130,,3379,60,,,0,95,,3376,60,,,0,191,,3381,60,,,0,265,,3362,60,,,0,120,,3365,60,,,0,110,,3373,60,,,0,110,,3374,60,,,0,95,,3375,60,,,0,75,,3364,70,,,0,305,,3377,60,,,0
