101,'Dimanche-01',757,,73,480,,,0,246,,74,480,,,0,131,,75,480,,,0,173,,76,480,,,0,127,,77,480,,,0,120,,78,480,,,0,160,,79,480,,,0,120,,80,480,,,0,117,,81,480,,,0,174,,82,480,,,0,114,,83,480,,,0,113,,84,480,,,0
101,'Fête-1-01',757,,2674,480,,,0,246,,2675,480,,,0,131,,2676,480,,,0,173,,2677,480,,,0,127,,2678,480,,,0,120,,2679,480,,,0,160,,2680,480,,,0,120,,2681,480,,,0,117,,2682,480,,,0,174,,2683,480,,,0,114,,2684,480,,,0,113,,2685,480,,,0
101,'Samedi-01',757,,115,480,,,0,246,,116,480,,,0,131,,117,480,,,0,173,,118,480,,,0,127,,119,480,,,0,120,,120,480,,,0,160,,121,480,,,0,120,,122,480,,,0,117,,123,480,,,0,174,,124,480,,,0,114,,125,480,,,0,113,,126,480,,,0
101,'Semaine-01',657,,127,480,,,0,101,,136,480,,,0,70,,138,480,,,0,90,,139,480,,,0,110,,140,480,,,0,105,,141,480,,,0,95,,143,480,,,0,105,,142,480,,,0,106,,144,480,,,0,81,,128,480,,,0,104,,129,480,,,0,96,,130,480,,,0,106,,131,480,,,0,74,,132,480,,,0,103,,133,480,,,0,43,,134,480,,,0,173,,135,480,,,0,134,,137,480,,,0
101,'Semaine-02',652,,2686,480,,,0,101,,2695,480,,,0,70,,2697,480,,,0,100,,2698,480,,,0,105,,2699,480,,,0,95,,2700,480,,,0,100,,2702,480,,,0,100,,2701,480,,,0,111,,2703,480,,,0,86,,2687,480,,,0,109,,2688,480,,,0,91,,2689,480,,,0,106,,2690,480,,,0,29,,2691,480,,,0,69,,2692,480,,,0,108,,2693,480,,,0,182,,2694,480,,,0,189,,2696,480,,,0
101,'Semaine-03',657,,2704,480,,,0,101,,2713,480,,,0,70,,2715,480,,,0,90,,2716,480,,,0,110,,2717,480,,,0,105,,2718,480,,,0,95,,2720,480,,,0,105,,2719,480,,,0,106,,2721,480,,,0,81,,2705,480,,,0,104,,2706,480,,,0,96,,2707,480,,,0,106,,2708,480,,,0,74,,2709,480,,,0,103,,2710,480,,,0,43,,2711,480,,,0,173,,2712,480,,,0,134,,2714,480,,,0
2000,'Dimanche-01',725,,146,670,,,0,124,,147,670,,,0,166,,148,670,,,0,125,,149,670,,,0,165,,150,670,,,0,125,,151,670,,,0,125,,152,670,,,0,165,,153,670,,,0
2000,'Fête-1-01',725,,2722,670,,,0,124,,2723,670,,,0,166,,2724,670,,,0,125,,2725,670,,,0,165,,2726,670,,,0,125,,2727,670,,,0,125,,2728,670,,,0,165,,2729,670,,,0
2000,'Samedi-01',725,,171,670,,,0,124,,172,670,,,0,166,,173,670,,,0,125,,174,670,,,0,165,,175,670,,,0,125,,176,670,,,0,125,,177,670,,,0,165,,178,670,,,0
2000,'Semaine-01',710,,179,660,,,0,125,,180,660,,,0,165,,181,660,,,0,126,,182,660,,,0,126,,183,660,,,0,165,,184,660,,,0,126,,185,660,,,0,166,,186,660,,,0,126,,187,660,,,0
2000,'Semaine-01-0001100',1959,,189,660,,,0,164,,188,660,,,0
2000,'Semaine-02',710,,2730,660,,,0,125,,2731,660,,,0,165,,2732,660,,,0,126,,2733,660,,,0,126,,2734,660,,,0,165,,2735,660,,,0,126,,2736,660,,,0,166,,2737,660,,,0,126,,2738,660,,,0
2000,'Semaine-02-0001100',1959,,2740,660,,,0,164,,2739,660,,,0
2000,'Semaine-03',710,,2741,660,,,0,125,,2742,660,,,0,165,,2743,660,,,0,126,,2744,660,,,0,126,,2745,660,,,0,165,,2746,660,,,0,126,,2747,660,,,0,166,,2748,660,,,0,126,,2749,660,,,0
2000,'Semaine-03-0001100',1959,,2751,660,,,0,164,,2750,660,,,0
2801,'Semaine-01',1709,,443,370,0,7,0,39,,442,370,,,0,68,,444,370,0,7,0
2801,'Semaine-02',1654,,2980,370,0,7,0,99,,2979,370,,,0,67,,2981,370,0,7,0
2801,'Semaine-03',1709,,2994,370,0,7,0,39,,2993,370,,,0,68,,2995,370,0,7,0
