'SO-A24-SOGTFS-Dimanche-01',100,65530,4,'',0,24500,4,'',0,12500,4,'',0,12500,4,'',0,16500,4,'',0,12500,4,'',0,16000,4,'',0,12000,4,'',0,12500,4,'',0,17400,4,'',0,11500,4,'',0,11500,4,'',0
'SO-A24-SOGTFS-Fête-1-03',100,65530,4,'',0,24500,4,'',0,12500,4,'',0,12500,4,'',0,16500,4,'',0,12500,4,'',0,16000,4,'',0,12000,4,'',0,12500,4,'',0,17400,4,'',0,11500,4,'',0,11500,4,'',0
'SO-A24-SOGTFS-Samedi-01',100,65530,4,'',0,24500,4,'',0,12500,4,'',0,12500,4,'',0,16500,4,'',0,12500,4,'',0,16000,4,'',0,12000,4,'',0,12500,4,'',0,17400,4,'',0,11500,4,'',0,11500,4,'',0
'SO-A24-SOGTFS-Semaine-01',100,54430,4,'',0,10600,4,'',0,6500,4,'',0,8620,4,'',0,10900,4,'',0,10200,4,'',0,10000,4,'',0,10000,4,'',0,10000,4,'',0,10000,4,'',0,9970,4,'',0,10000,4,'',0,10100,4,'',0,2500,4,'',0,10630,4,'',0,9000,4,'',0,16600,4,'',0,13900,4,'',0
'SO-A24-SOGTFS-Semaine-01',2100,60230,4,'',0,3600,4,'',0,7100,4,'',0,3170,4,'',0,7200,4,'',0,3500,4,'',0
'SO-A24-SOGTFS-Semaine-01',2300,60030,4,'',0,2600,4,'',0,2700,4,'',0,6570,4,'',0,2500,4,'',0,6200,4,'',0,2000,4,'',0,2000,4,'',0
'SO-A24-SOGTFS-Semaine-01',2500,61930,4,'',0,3400,4,'',0,6100,4,'',0,2900,4,'',0,6600,4,'',0,2400,4,'',0
'SO-A24-SOGTFS-Semaine-01',2600,51550,4,'',0,1680,4,'',0
'SO-A24-SOGTFS-Dimanche-01',3100,73630,4,'',0,21870,4,'',0,27800,4,'',0,12300,4,'',0,16000,4,'',0,11800,4,'',0,11800,4,'',0,15900,4,'',0,12700,4,'',0,22050,4,'',0,25380,4,'',0
'SO-A24-SOGTFS-Fête-1-03',3100,62530,4,'',0,8300,4,'',0,20470,4,'',0,12500,4,'',0,16400,4,'',0,12400,4,'',0,12400,4,'',0,16400,4,'',0,12400,4,'',0,16400,4,'',0,12400,4,'',0,2650,4,'',0,25600,4,'',0,21380,4,'',0
'SO-A24-SOGTFS-Samedi-01',3100,62530,4,'',0,8300,4,'',0,20470,4,'',0,12500,4,'',0,16400,4,'',0,12400,4,'',0,12400,4,'',0,16400,4,'',0,12400,4,'',0,16400,4,'',0,12400,4,'',0,2650,4,'',0,25600,4,'',0,21380,4,'',0
'SO-A24-SOGTFS-Semaine-01',3100,63850,4,'',0,8000,4,'',0,8200,4,'',0,4050,4,'',0,8000,4,'',0,8000,4,'',0,3700,4,'',0,7900,4,'',0,8400,4,'',0,4300,4,'',0,8300,4,'',0,8300,4,'',0,4200,4,'',0,8400,4,'',0,8400,4,'',0,8500,4,'',0,4600,4,'',0,8250,4,'',0,8400,4,'',0,4200,4,'',0,8200,4,'',0,7900,4,'',0,8000,4,'',0,3780,4,'',0,8000,4,'',0,4000,4,'',0,8000,4,'',0
'SO-A24-SOGTFS-Dimanche-01',3200,63100,4,'',0,21400,4,'',0,26300,4,'',0,19200,4,'',0,11900,4,'',0,12200,4,'',0,16000,4,'',0,11900,4,'',0,11800,4,'',0,21330,4,'',0,25600,4,'',0
'SO-A24-SOGTFS-Fête-1-03',3200,74300,4,'',0,7700,4,'',0,12000,4,'',0,16300,4,'',0,12400,4,'',0,12400,4,'',0,16400,4,'',0,12400,4,'',0,16800,4,'',0,12000,4,'',0,27430,4,'',0,21600,4,'',0
'SO-A24-SOGTFS-Samedi-01',3200,74300,4,'',0,7700,4,'',0,12000,4,'',0,16300,4,'',0,12400,4,'',0,12400,4,'',0,16400,4,'',0,12400,4,'',0,16800,4,'',0,12000,4,'',0,27430,4,'',0,21600,4,'',0
'SO-A24-SOGTFS-Semaine-01',3200,70250,4,'',0,4150,4,'',0,8000,4,'',0,8000,4,'',0,4000,4,'',0,7700,4,'',0,8100,4,'',0,4100,4,'',0,8300,4,'',0,8300,4,'',0,4300,4,'',0,8200,4,'',0,8320,4,'',0,8600,4,'',0,1780,4,'',0,2720,4,'',0,5880,4,'',0,2400,4,'',0,2000,4,'',0,6500,4,'',0,8400,4,'',0,4130,4,'',0,8300,4,'',0,8000,4,'',0,4000,4,'',0,8000,4,'',0,8000,4,'',0,4000,4,'',0,8000,4,'',0,8000,4,'',0
'SO-A24-SOGTFS-Semaine-01',9800,70020,4,'',0,10180,4,'',0,9840,4,'',0,10110,4,'',0,52150,4,'',0,9720,4,'',0,10200,4,'',0,10000,4,'',0,9920,4,'',0,9760,4,'',0,9050,4,'',0,5000,4,'',0
