101,'Dimanche-01',757,,73,500,,,0,246,,74,500,,,0,131,,75,500,,,0,173,,76,500,,,0,127,,77,500,,,0,120,,78,500,,,0,160,,79,500,,,0,120,,80,500,,,0,117,,81,500,,,0,174,,82,500,,,0,114,,83,500,,,0,113,,84,500,,,0
101,'Fête-1-01',757,,2674,500,,,0,246,,2675,500,,,0,131,,2676,500,,,0,173,,2677,500,,,0,127,,2678,500,,,0,120,,2679,500,,,0,160,,2680,500,,,0,120,,2681,500,,,0,117,,2682,500,,,0,174,,2683,500,,,0,114,,2684,500,,,0,113,,2685,500,,,0
101,'Samedi-01',757,,115,500,,,0,246,,116,500,,,0,131,,117,500,,,0,173,,118,500,,,0,127,,119,500,,,0,120,,120,500,,,0,160,,121,500,,,0,120,,122,500,,,0,117,,123,500,,,0,174,,124,500,,,0,114,,125,500,,,0,113,,126,500,,,0
101,'Semaine-01',657,,127,500,,,0,101,,136,500,,,0,70,,138,500,,,0,90,,139,500,,,0,110,,140,500,,,0,105,,141,500,,,0,95,,143,500,,,0,105,,142,500,,,0,106,,144,500,,,0,81,,128,500,,,0,105,,129,500,,,0,96,,130,500,,,0,105,,131,500,,,0,74,,132,500,,,0,103,,133,500,,,0,43,,134,500,,,0,173,,135,500,,,0,134,,137,500,,,0
101,'Semaine-02',652,,2686,500,,,0,101,,2695,500,,,0,70,,2697,500,,,0,100,,2698,500,,,0,105,,2699,500,,,0,95,,2700,500,,,0,100,,2702,500,,,0,100,,2701,500,,,0,111,,2703,500,,,0,86,,2687,500,,,0,110,,2688,500,,,0,91,,2689,500,,,0,105,,2690,500,,,0,29,,2691,500,,,0,69,,2692,500,,,0,108,,2693,500,,,0,182,,2694,500,,,0,189,,2696,500,,,0
101,'Semaine-03',657,,2704,500,,,0,101,,2713,500,,,0,70,,2715,500,,,0,90,,2716,500,,,0,110,,2717,500,,,0,105,,2718,500,,,0,95,,2720,500,,,0,105,,2719,500,,,0,106,,2721,500,,,0,81,,2705,500,,,0,105,,2706,500,,,0,96,,2707,500,,,0,105,,2708,500,,,0,74,,2709,500,,,0,103,,2710,500,,,0,43,,2711,500,,,0,173,,2712,500,,,0,134,,2714,500,,,0
2000,'Dimanche-01',726,,146,690,,,0,124,,147,690,,,0,166,,148,690,,,0,125,,149,690,,,0,165,,150,690,,,0,125,,151,690,,,0,125,,152,690,,,0,165,,153,690,,,0
2000,'Fête-1-01',726,,2722,690,,,0,124,,2723,690,,,0,166,,2724,690,,,0,125,,2725,690,,,0,165,,2726,690,,,0,125,,2727,690,,,0,125,,2728,690,,,0,165,,2729,690,,,0
2000,'Samedi-01',726,,171,690,,,0,124,,172,690,,,0,166,,173,690,,,0,125,,174,690,,,0,165,,175,690,,,0,125,,176,690,,,0,125,,177,690,,,0,165,,178,690,,,0
2000,'Semaine-01',711,,179,680,,,0,125,,180,680,,,0,165,,181,680,,,0,126,,182,680,,,0,126,,183,680,,,0,165,,184,680,,,0,126,,185,680,,,0,166,,186,680,,,0,126,,187,680,,,0
2000,'Semaine-01-0001100',1959,,189,680,,,0,164,,188,680,,,0
2000,'Semaine-02',711,,2730,680,,,0,125,,2731,680,,,0,165,,2732,680,,,0,126,,2733,680,,,0,126,,2734,680,,,0,165,,2735,680,,,0,126,,2736,680,,,0,166,,2737,680,,,0,126,,2738,680,,,0
2000,'Semaine-02-0001100',1959,,2740,680,,,0,164,,2739,680,,,0
2000,'Semaine-03',711,,2741,680,,,0,125,,2742,680,,,0,165,,2743,680,,,0,126,,2744,680,,,0,126,,2745,680,,,0,165,,2746,680,,,0,126,,2747,680,,,0,166,,2748,680,,,0,126,,2749,680,,,0
2000,'Semaine-03-0001100',1959,,2751,680,,,0,164,,2750,680,,,0
2801,'Semaine-01',1709,,443,390,0,7,0,39,,442,390,,,0,68,,444,390,0,7,0
2801,'Semaine-02',1654,,2980,390,0,7,0,99,,2979,390,,,0,67,,2981,390,0,7,0
2801,'Semaine-03',1709,,2994,390,0,7,0,39,,2993,390,,,0,68,,2995,390,0,7,0
