'SO-A24-SOGTFS-Dimanche-01',100,70050,4,'',0,20500,4,'',0,12500,4,'',0,12500,4,'',0,16500,4,'',0,12500,4,'',0,16000,4,'',0,12000,4,'',0,12500,4,'',0,17400,4,'',0,11500,4,'',0,11500,4,'',0
'SO-A24-SOGTFS-Fête-1-03',100,70050,4,'',0,20500,4,'',0,12500,4,'',0,12500,4,'',0,16500,4,'',0,12500,4,'',0,16000,4,'',0,12000,4,'',0,12500,4,'',0,17400,4,'',0,11500,4,'',0,11500,4,'',0
'SO-A24-SOGTFS-Samedi-01',100,70050,4,'',0,20500,4,'',0,12500,4,'',0,12500,4,'',0,16500,4,'',0,12500,4,'',0,16000,4,'',0,12000,4,'',0,12500,4,'',0,17400,4,'',0,11500,4,'',0,11500,4,'',0
'SO-A24-SOGTFS-Semaine-01',100,54950,4,'',0,10600,4,'',0,6500,4,'',0,8680,4,'',0,10900,4,'',0,10200,4,'',0,10000,4,'',0,10000,4,'',0,10000,4,'',0,10000,4,'',0,10070,4,'',0,10000,4,'',0,10100,4,'',0,2500,4,'',0,10530,4,'',0,9000,4,'',0,16600,4,'',0,13900,4,'',0
'SO-A24-SOGTFS-Semaine-01',2100,60740,4,'',0,3600,4,'',0,7100,4,'',0,3280,4,'',0,7200,4,'',0,3500,4,'',0
'SO-A24-SOGTFS-Semaine-01',2300,60540,4,'',0,2600,4,'',0,2700,4,'',0,6680,4,'',0,2500,4,'',0,6200,4,'',0,2000,4,'',0,2000,4,'',0
'SO-A24-SOGTFS-Semaine-01',2500,62440,4,'',0,3400,4,'',0,6100,4,'',0,2900,4,'',0,6600,4,'',0,2400,4,'',0
'SO-A24-SOGTFS-Semaine-01',2600,52130,4,'',0,1610,4,'',0
'SO-A24-SOGTFS-Dimanche-01',3100,74140,4,'',0,25980,4,'',0,23800,4,'',0,16300,4,'',0,12000,4,'',0,11800,4,'',0,11800,4,'',0,15900,4,'',0,12700,4,'',0,26010,4,'',0,21310,4,'',0
'SO-A24-SOGTFS-Fête-1-03',3100,63040,4,'',0,8300,4,'',0,20580,4,'',0,12500,4,'',0,16400,4,'',0,12400,4,'',0,12400,4,'',0,16400,4,'',0,12400,4,'',0,16400,4,'',0,12400,4,'',0,2610,4,'',0,25600,4,'',0,21310,4,'',0
'SO-A24-SOGTFS-Samedi-01',3100,63040,4,'',0,8300,4,'',0,20580,4,'',0,12500,4,'',0,16400,4,'',0,12400,4,'',0,12400,4,'',0,16400,4,'',0,12400,4,'',0,16400,4,'',0,12400,4,'',0,2610,4,'',0,25600,4,'',0,21310,4,'',0
'SO-A24-SOGTFS-Semaine-01',3100,64430,4,'',0,8000,4,'',0,8200,4,'',0,4090,4,'',0,8000,4,'',0,8000,4,'',0,3700,4,'',0,7900,4,'',0,8400,4,'',0,4300,4,'',0,8300,4,'',0,8300,4,'',0,4200,4,'',0,8400,4,'',0,8400,4,'',0,8500,4,'',0,4600,4,'',0,8210,4,'',0,8400,4,'',0,8200,4,'',0,4200,4,'',0,7900,4,'',0,8000,4,'',0,3710,4,'',0,8000,4,'',0,8000,4,'',0,4000,4,'',0
'SO-A24-SOGTFS-Dimanche-01',3200,63720,4,'',0,21400,4,'',0,26300,4,'',0,19200,4,'',0,11900,4,'',0,12200,4,'',0,16000,4,'',0,11900,4,'',0,11800,4,'',0,21220,4,'',0,25600,4,'',0
'SO-A24-SOGTFS-Fête-1-03',3200,74920,4,'',0,7700,4,'',0,12000,4,'',0,16300,4,'',0,12400,4,'',0,12400,4,'',0,16400,4,'',0,12400,4,'',0,16800,4,'',0,12000,4,'',0,27320,4,'',0,21600,4,'',0
'SO-A24-SOGTFS-Samedi-01',3200,74920,4,'',0,7700,4,'',0,12000,4,'',0,16300,4,'',0,12400,4,'',0,12400,4,'',0,16400,4,'',0,12400,4,'',0,16800,4,'',0,12000,4,'',0,27320,4,'',0,21600,4,'',0
'SO-A24-SOGTFS-Semaine-01',3200,70830,4,'',0,4190,4,'',0,8000,4,'',0,8000,4,'',0,4000,4,'',0,7700,4,'',0,8100,4,'',0,4100,4,'',0,8300,4,'',0,8300,4,'',0,4300,4,'',0,8200,4,'',0,8380,4,'',0,8600,4,'',0,1720,4,'',0,2780,4,'',0,5820,4,'',0,2400,4,'',0,2000,4,'',0,6500,4,'',0,8400,4,'',0,4020,4,'',0,8300,4,'',0,8000,4,'',0,4000,4,'',0,8000,4,'',0,8000,4,'',0,4000,4,'',0,8000,4,'',0,8000,4,'',0
'SO-A24-SOGTFS-Semaine-01',9800,70500,4,'',0,10240,4,'',0,9810,4,'',0,9980,4,'',0,52180,4,'',0,9790,4,'',0,10200,4,'',0,10000,4,'',0,9910,4,'',0,9700,4,'',0,9020,4,'',0,9000,4,'',0
