100,'Dimanche-01',608,,12,240,,,0,200,,1,240,,,0,125,,2,240,,,0,170,,3,240,,,0,125,,4,240,,,0,124,,5,240,,,0,160,,6,240,,,0,120,,7,240,,,0,124,,8,240,,,0,175,,9,240,,,0,115,,10,240,,,0,155,,11,240,,,0
100,'Fête-1-01',608,,2637,240,,,0,200,,2626,240,,,0,125,,2627,240,,,0,170,,2628,240,,,0,125,,2629,240,,,0,124,,2630,240,,,0,160,,2631,240,,,0,120,,2632,240,,,0,124,,2633,240,,,0,175,,2634,240,,,0,115,,2635,240,,,0,155,,2636,240,,,0
100,'Samedi-01',608,,54,240,,,0,200,,43,240,,,0,125,,44,240,,,0,170,,45,240,,,0,125,,46,240,,,0,124,,47,240,,,0,160,,48,240,,,0,120,,49,240,,,0,124,,50,240,,,0,175,,51,240,,,0,115,,52,240,,,0,155,,53,240,,,0
100,'Semaine-01',452,,55,240,,,0,103,,56,240,,,0,65,,57,240,,,0,81,,58,240,,,0,119,,59,240,,,0,105,,62,240,,,0,94,,71,240,,,0,101,,63,240,,,0,100,,72,240,,,0,38,,64,240,,,0,142,,65,240,,,0,100,,69,240,,,0,110,,66,240,,,0,35,,67,240,,,0,108,,60,240,,,0,95,,61,240,,,0,173,,70,240,,,0,185,,68,240,,,0
100,'Semaine-02',450,,2638,240,,,0,100,,2639,240,,,0,70,,2640,240,,,0,81,,2641,240,,,0,129,,2642,240,,,0,99,,2645,240,,,0,30,,2654,240,,,0,100,,2646,240,,,0,146,,2655,240,,,0,95,,2647,240,,,0,100,,2648,240,,,0,100,,2652,240,,,0,110,,2649,240,,,0,49,,2650,240,,,0,154,,2643,240,,,0,90,,2644,240,,,0,103,,2653,240,,,0,197,,2651,240,,,0
100,'Semaine-03',452,,2656,240,,,0,103,,2657,240,,,0,65,,2658,240,,,0,81,,2659,240,,,0,119,,2660,240,,,0,105,,2663,240,,,0,94,,2672,240,,,0,101,,2664,240,,,0,100,,2673,240,,,0,38,,2665,240,,,0,142,,2666,240,,,0,100,,2670,240,,,0,110,,2667,240,,,0,35,,2668,240,,,0,108,,2661,240,,,0,95,,2662,240,,,0,173,,2671,240,,,0,185,,2669,240,,,0
2000,'Dimanche-01',718,,146,530,,,0,124,,147,530,,,0,166,,148,530,,,0,125,,149,530,,,0,125,,150,530,,,0,164,,151,530,,,0,125,,152,530,,,0,165,,153,530,,,0
2000,'Fête-1-01',718,,2722,530,,,0,124,,2723,530,,,0,166,,2724,530,,,0,125,,2725,530,,,0,125,,2726,530,,,0,164,,2727,530,,,0,125,,2728,530,,,0,165,,2729,530,,,0
2000,'Samedi-01',718,,171,530,,,0,124,,172,530,,,0,166,,173,530,,,0,125,,174,530,,,0,125,,175,530,,,0,164,,176,530,,,0,125,,177,530,,,0,165,,178,530,,,0
2000,'Semaine-01',702,,179,520,,,0,125,,180,520,,,0,125,,181,520,,,0,166,,182,520,,,0,126,,183,520,,,0,165,,184,520,,,0,126,,185,520,,,0,166,,186,520,,,0,126,,187,520,,,0
2000,'Semaine-01-0001100',1952,,189,520,,,0,164,,188,520,,,0
2000,'Semaine-02',702,,2730,520,,,0,125,,2731,520,,,0,125,,2732,520,,,0,166,,2733,520,,,0,126,,2734,520,,,0,165,,2735,520,,,0,126,,2736,520,,,0,166,,2737,520,,,0,126,,2738,520,,,0
2000,'Semaine-02-0001100',1952,,2740,520,,,0,164,,2739,520,,,0
2000,'Semaine-03',702,,2741,520,,,0,125,,2742,520,,,0,125,,2743,520,,,0,166,,2744,520,,,0,126,,2745,520,,,0,165,,2746,520,,,0,126,,2747,520,,,0,166,,2748,520,,,0,126,,2749,520,,,0
2000,'Semaine-03-0001100',1952,,2751,520,,,0,164,,2750,520,,,0
2800,'Semaine-01',528,,414,70,,,0,85,,413,110,,,0,20,,415,70,,,0
2800,'Semaine-02',528,,2954,70,,,0,85,,2953,110,,,0,15,,2955,70,,,0
2800,'Semaine-03',528,,2966,70,,,0,85,,2965,110,,,0,20,,2967,70,,,0
