2400,'Semaine-01',610,,322,230,,,0,22,,323,230,,,0,74,,324,230,,,0,52,,326,230,,,0,74,,327,230,,,0,80,,325,230,,,0
2400,'Semaine-02',554,,2866,230,,,0,78,,2867,230,,,0,81,,2868,230,,,0,42,,2869,230,,,0,82,,2870,230,,,0
2400,'Semaine-03',610,,2871,230,,,0,22,,2872,230,,,0,74,,2873,230,,,0,52,,2875,230,,,0,74,,2876,230,,,0,80,,2874,230,,,0
2500,'Semaine-01',600,,346,270,,,0,34,,343,290,,,0,21,,347,270,,,0,69,,344,290,,,0,26,,348,270,,,0,69,,345,290,,,0
2500,'Semaine-02',600,,2890,270,,,0,34,,2887,290,,,0,21,,2891,270,,,0,72,,2888,290,,,0,23,,2892,270,,,0,69,,2889,290,,,0
2500,'Semaine-03',600,,2896,270,,,0,34,,2893,290,,,0,21,,2897,270,,,0,69,,2894,290,,,0,26,,2898,270,,,0,69,,2895,290,,,0
2700,'Semaine-01',553,,375,190,,,0,80,,376,190,,,0,80,,377,190,,,0,40,,378,190,,,0,80,,379,190,,,0,786,,380,190,,,0,83,,381,190,,,0,46,,382,190,,,0,85,,383,190,,,0,86,,384,190,,,0
2700,'Semaine-02',548,,2915,190,,,0,79,,2916,190,,,0,81,,2917,190,,,0,42,,2918,190,,,0,82,,2919,190,,,0,799,,2920,190,,,0,86,,2921,190,,,0,85,,2922,190,,,0,41,,2923,190,,,0,84,,2924,190,,,0
2700,'Semaine-03',553,,2925,190,,,0,80,,2926,190,,,0,80,,2927,190,,,0,40,,2928,190,,,0,80,,2929,190,,,0,786,,2930,190,,,0,83,,2931,190,,,0,46,,2932,190,,,0,85,,2933,190,,,0,86,,2934,190,,,0
3100,'Dimanche-01',721,,492,330,,,0,218,,493,330,,,0,278,,491,330,,,0,123,,484,330,,,0,160,,485,330,,,0,118,,486,330,,,0,118,,487,330,,,0,119,,488,330,,,0,167,,489,330,,,0,221,,483,330,,,0,215,,490,330,,,0
3100,'Fête-1-01',610,,3034,330,,,0,43,,3045,330,,,0,204,,3046,330,,,0,165,,3043,330,,,0,124,,3033,330,,,0,164,,3044,330,,,0,124,,3035,330,,,0,124,,3036,330,,,0,164,,3037,330,,,0,124,,3038,330,,,0,164,,3039,330,,,0,27,,3040,330,,,0,216,,3041,330,,,0,255,,3042,330,,,0
3100,'Samedi-01',610,,537,330,,,0,43,,548,330,,,0,204,,549,330,,,0,165,,546,330,,,0,124,,536,330,,,0,164,,547,330,,,0,124,,538,330,,,0,124,,539,330,,,0,164,,540,330,,,0,124,,541,330,,,0,164,,542,330,,,0,27,,543,330,,,0,216,,544,330,,,0,255,,545,330,,,0
3100,'Semaine-01',619,,574,330,,,0,40,,550,330,,,0,80,,560,330,,,0,80,,575,330,,,0,40,,569,330,,,0,80,,570,330,,,0,80,,571,330,,,0,40,,577,330,,,0,83,,572,330,,,0,83,,573,330,,,0,83,,551,330,,,0,43,,552,330,,,0,82,,553,330,,,0,82,,554,330,,,0,85,,555,330,,,0,45,,556,330,,,0,86,,557,330,,,0,85,,558,330,,,0,84,,559,330,,,0,42,,561,330,,,0,82,,562,330,,,0,79,,563,330,,,0,40,,564,330,,,0,79,,565,330,,,0,80,,566,330,,,0,40,,567,330,,,0,80,,568,330,,,0,121,,576,330,0,5 6,0
3100,'Semaine-02',613,,3071,330,,,0,41,,3047,330,,,0,81,,3057,330,,,0,82,,3072,330,,,0,42,,3066,330,,,0,82,,3067,330,,,0,82,,3068,330,,,0,81,,3074,330,,,0,45,,3069,330,,,0,83,,3070,330,,,0,83,,3048,330,,,0,43,,3049,330,,,0,83,,3050,330,,,0,84,,3051,330,,,0,86,,3052,330,,,0,48,,3053,330,,,0,86,,3054,330,,,0,85,,3055,330,,,0,81,,3056,330,,,0,40,,3058,330,,,0,81,,3059,330,,,0,80,,3060,330,,,0,41,,3061,330,,,0,80,,3062,330,,,0,80,,3063,330,,,0,40,,3064,330,,,0,80,,3065,330,,,0,111,,3073,330,0,5 6,0
3100,'Semaine-03',619,,3099,330,,,0,40,,3075,330,,,0,80,,3085,330,,,0,80,,3100,330,,,0,40,,3094,330,,,0,80,,3095,330,,,0,80,,3096,330,,,0,40,,3102,330,,,0,83,,3097,330,,,0,83,,3098,330,,,0,83,,3076,330,,,0,43,,3077,330,,,0,82,,3078,330,,,0,82,,3079,330,,,0,85,,3080,330,,,0,45,,3081,330,,,0,86,,3082,330,,,0,85,,3083,330,,,0,84,,3084,330,,,0,42,,3086,330,,,0,82,,3087,330,,,0,79,,3088,330,,,0,40,,3089,330,,,0,79,,3090,330,,,0,80,,3091,330,,,0,40,,3092,330,,,0,80,,3093,330,,,0,121,,3101,330,0,5 6,0
