100,'Dimanche-01',607,,12,200,,,0,200,,1,200,,,0,125,,2,200,,,0,170,,3,200,,,0,125,,4,200,,,0,124,,5,200,,,0,160,,6,200,,,0,120,,7,200,,,0,124,,8,200,,,0,175,,9,200,,,0,115,,10,200,,,0,155,,11,200,,,0
100,'Fête-1-01',607,,24,200,,,0,200,,13,200,,,0,125,,14,200,,,0,170,,15,200,,,0,125,,16,200,,,0,124,,17,200,,,0,160,,18,200,,,0,120,,19,200,,,0,124,,20,200,,,0,175,,21,200,,,0,115,,22,200,,,0,155,,23,200,,,0
100,'Fête-2-02',451,,25,200,,,0,103,,26,200,,,0,65,,27,200,,,0,81,,28,200,,,0,119,,29,200,,,0,104,,32,200,,,0,95,,41,200,,,0,100,,33,200,,,0,101,,42,200,,,0,40,,34,200,,,0,100,,35,200,,,0,100,,39,200,,,0,150,,36,200,,,0,35,,37,200,,,0,108,,30,200,,,0,95,,31,200,,,0,173,,40,200,,,0,185,,38,200,,,0
100,'Samedi-01',607,,54,200,,,0,200,,43,200,,,0,125,,44,200,,,0,170,,45,200,,,0,125,,46,200,,,0,124,,47,200,,,0,160,,48,200,,,0,120,,49,200,,,0,124,,50,200,,,0,175,,51,200,,,0,115,,52,200,,,0,155,,53,200,,,0
100,'Semaine-01',451,,55,200,,,0,103,,56,200,,,0,65,,57,200,,,0,81,,58,200,,,0,119,,59,200,,,0,105,,62,200,,,0,94,,71,200,,,0,101,,63,200,,,0,100,,72,200,,,0,38,,64,200,,,0,102,,65,200,,,0,100,,69,200,,,0,150,,66,200,,,0,35,,67,200,,,0,108,,60,200,,,0,95,,61,200,,,0,173,,70,200,,,0,185,,68,200,,,0
2000,'Dimanche-01',705,,146,240,,,0,12,,146,480,,,0,112,,147,240,,,0,12,,147,480,,,0,114,,148,240,,,0,52,,148,480,,,0,113,,149,240,,,0,12,,149,480,,,0,113,,150,240,,,0,12,,150,480,,,0,152,,151,240,,,0,12,,151,480,,,0,113,,152,240,,,0,12,,152,480,,,0,113,,153,240,,,0,52,,153,480,,,0
2000,'Fête-1-01',705,,154,240,,,0,12,,154,480,,,0,112,,155,240,,,0,12,,155,480,,,0,114,,156,240,,,0,52,,156,480,,,0,113,,157,240,,,0,12,,157,480,,,0,113,,158,240,,,0,12,,158,480,,,0,152,,159,240,,,0,12,,159,480,,,0,113,,160,240,,,0,12,,160,480,,,0,113,,161,240,,,0,52,,161,480,,,0
2000,'Fête-2-02',648,,162,230,,,0,52,,162,470,,,0,113,,163,230,,,0,12,,163,470,,,0,113,,164,230,,,0,12,,164,470,,,0,154,,165,230,,,0,12,,165,470,,,0,114,,166,230,,,0,12,,166,470,,,0,113,,167,230,,,0,52,,167,470,,,0,114,,168,230,,,0,12,,168,470,,,0,114,,169,230,,,0,12,,169,470,,,0,154,,170,230,,,0,12,,170,470,,,0
2000,'Samedi-01',705,,171,240,,,0,12,,171,480,,,0,112,,172,240,,,0,12,,172,480,,,0,114,,173,240,,,0,52,,173,480,,,0,113,,174,240,,,0,12,,174,480,,,0,113,,175,240,,,0,12,,175,480,,,0,152,,176,240,,,0,12,,176,480,,,0,113,,177,240,,,0,12,,177,480,,,0,113,,178,240,,,0,52,,178,480,,,0
2000,'Semaine-01',648,,179,230,,,0,52,,179,470,,,0,113,,180,230,,,0,12,,180,470,,,0,113,,181,230,,,0,12,,181,470,,,0,154,,182,230,,,0,12,,182,470,,,0,114,,183,230,,,0,12,,183,470,,,0,113,,184,230,,,0,52,,184,470,,,0,114,,185,230,,,0,12,,185,470,,,0,114,,186,230,,,0,12,,186,470,,,0,154,,187,230,,,0,12,,187,470,,,0
2000,'Semaine-01-0001100',1938,,189,230,,,0,12,,189,470,,,0,152,,188,230,,,0,12,,188,470,,,0
2800,'Fête-2-02',532,,404,30,,,0,80,,403,50,,,0,20,,405,30,,,0
2800,'Semaine-01',532,,414,30,,,0,80,,413,50,,,0,16,,415,30,,,0
