101,'Dimanche-01',800,,73,560,,,0,206,,74,560,,,0,131,,75,560,,,0,173,,76,560,,,0,127,,77,560,,,0,120,,78,560,,,0,160,,79,560,,,0,120,,80,560,,,0,117,,81,560,,,0,174,,82,560,,,0,114,,83,560,,,0,113,,84,560,,,0
101,'Fête-1-01',800,,85,560,,,0,206,,86,560,,,0,131,,87,560,,,0,173,,88,560,,,0,127,,89,560,,,0,120,,90,560,,,0,160,,91,560,,,0,120,,92,560,,,0,117,,93,560,,,0,174,,94,560,,,0,114,,95,560,,,0,113,,96,560,,,0
101,'Fête-2-02',659,,97,560,,,0,141,,106,560,,,0,30,,108,560,,,0,90,,109,560,,,0,111,,110,560,,,0,105,,111,560,,,0,95,,113,560,,,0,104,,112,560,,,0,106,,114,560,,,0,81,,98,560,,,0,105,,99,560,,,0,96,,100,560,,,0,105,,101,560,,,0,74,,102,560,,,0,103,,103,560,,,0,43,,104,560,,,0,173,,105,560,,,0,135,,107,560,,,0
101,'Samedi-01',800,,115,560,,,0,206,,116,560,,,0,131,,117,560,,,0,173,,118,560,,,0,127,,119,560,,,0,120,,120,560,,,0,160,,121,560,,,0,120,,122,560,,,0,117,,123,560,,,0,174,,124,560,,,0,114,,125,560,,,0,113,,126,560,,,0
101,'Semaine-01',659,,127,560,,,0,46,,145,430,,,0,95,,136,560,,,0,30,,138,560,,,0,90,,139,560,,,0,111,,140,560,,,0,105,,141,560,,,0,95,,143,560,,,0,104,,142,560,,,0,106,,144,560,,,0,81,,128,560,,,0,105,,129,560,,,0,96,,130,560,,,0,105,,131,560,,,0,74,,132,560,,,0,103,,133,560,,,0,43,,134,560,,,0,173,,135,560,,,0,135,,137,560,,,0
2001,'Dimanche-01',732,,190,60,,,0,124,,191,60,,,0,166,,192,60,,,0,125,,193,60,,,0,165,,194,60,,,0,125,,195,60,,,0,165,,196,60,,,0,125,,197,60,,,0
2001,'Fête-1-01',732,,198,60,,,0,124,,199,60,,,0,166,,200,60,,,0,125,,201,60,,,0,165,,202,60,,,0,125,,203,60,,,0,165,,204,60,,,0,125,,205,60,,,0
2001,'Fête-2-02',717,,206,60,,,0,125,,207,60,,,0,165,,208,60,,,0,126,,209,60,,,0,126,,210,60,,,0,165,,211,60,,,0,126,,212,60,,,0,166,,213,60,,,0,126,,214,60,,,0
2001,'Samedi-01',732,,215,60,,,0,124,,216,60,,,0,166,,217,60,,,0,125,,218,60,,,0,165,,219,60,,,0,125,,220,60,,,0,165,,221,60,,,0,125,,222,60,,,0
2001,'Semaine-01',717,,223,60,,,0,125,,224,60,,,0,165,,225,60,,,0,126,,226,60,,,0,126,,227,60,,,0,165,,228,60,,,0,126,,229,60,,,0,166,,230,60,,,0,126,,231,60,,,0
2001,'Semaine-01-0001100',2005,,233,60,,,0,124,,232,60,,,0
2801,'Fête-2-02',1706,,431,450,0,7,0,44,,430,450,,,0,68,,432,450,0,7,0
2801,'Semaine-01',1706,,443,450,0,7,0,44,,442,450,,,0,68,,444,450,0,7,0
