11100,'Dimanche-01',718,,861,280,0,5 6,0,100,,857,280,0,5 10,0,186,,856,280,0,5 10,0,250,,858,280,0,5 10,0,289,,859,280,0,5 10,0,200,,862,280,0,5 6,0,106,,860,280,0,5 10,0,380,,863,280,0,5 6,0
11100,'Fête-1-01',718,,3297,280,0,5 6,0,100,,3293,280,0,5 10,0,186,,3292,280,0,5 10,0,250,,3294,280,0,5 10,0,289,,3295,280,0,5 10,0,200,,3298,280,0,5 6,0,106,,3296,280,0,5 10,0,380,,3299,280,0,5 6,0
11100,'Samedi-01',718,,891,280,0,5 6,0,100,,887,280,0,5 10,0,186,,886,280,0,5 10,0,250,,888,280,0,5 10,0,289,,889,280,0,5 10,0,200,,892,280,0,5 6,0,106,,890,280,0,5 10,0,380,,893,280,0,5 6,0
11100,'Semaine-01',529,,902,280,0,5 15,0,15,,896,280,0,5 10,0,60,,900,280,0,5 15,0,26,,903,280,0,5 15,0,6,,897,280,0,5 10,0,14,,901,280,0,5 15,0,71,,909,280,0,5 15,0,20,,904,280,0,5 15,0,5,,898,280,0,5 10,0,55,,911,280,0,5 15,0,40,,899,280,0,5 10,0,118,,912,280,0,5 10,0,75,,894,280,0,5 10,0,105,,914,280,0,5 6,0,120,,895,280,0,5 10,0,380,,906,280,0,5 10,0,101,,908,280,0,5 10,0
11100,'Semaine-02',529,,3304,280,0,5 14,0,30,,3302,280,0,5 14,0,72,,3305,280,0,5 14,0,70,,3303,280,0,5 14,0,30,,3309,280,0,5 14,0,70,,3310,280,0,5 14,0,30,,3301,280,0,5 10,0,106,,3311,280,0,5 10,0,97,,3315,280,0,5 10,0,105,,3313,280,0,5 6,0,168,,3300,280,0,5 10,0,400,,3306,280,0,5 14,0,25,,3308,280,0,5 14,0,71,,3307,280,0,5 14,0
11100,'Semaine-03',529,,3324,280,0,5 15,0,15,,3318,280,0,5 10,0,60,,3322,280,0,5 15,0,26,,3325,280,0,5 15,0,6,,3319,280,0,5 10,0,14,,3323,280,0,5 15,0,71,,3331,280,0,5 15,0,20,,3326,280,0,5 15,0,5,,3320,280,0,5 10,0,55,,3333,280,0,5 15,0,40,,3321,280,0,5 10,0,118,,3334,280,0,5 10,0,75,,3316,280,0,5 10,0,105,,3336,280,0,5 6,0,120,,3317,280,0,5 10,0,380,,3328,280,0,5 10,0,101,,3330,280,0,5 10,0
14001,'Dimanche-01',800,,977,400,,,0,112,,979,550,,,0,115,,980,550,,,0,116,,981,550,,,0,116,,982,550,,,0,155,,983,550,,,0,115,,984,550,,,0,120,,985,550,,,0
14001,'Fête-1-01',800,,3383,400,,,0,112,,3385,550,,,0,115,,3386,550,,,0,116,,3387,550,,,0,116,,3388,550,,,0,155,,3389,550,,,0,115,,3390,550,,,0,120,,3391,550,,,0
14001,'Samedi-01',800,,1008,400,,,0,112,,1010,550,,,0,115,,1011,550,,,0,116,,1012,550,,,0,116,,1013,550,,,0,155,,1014,550,,,0,115,,1015,550,,,0,120,,1016,550,,,0
14001,'Semaine-01',625,,1018,400,,,0,97,,1029,420,,,0,103,,1017,500,,,0,121,,1019,550,,,0,160,,1020,550,,,0,123,,1021,550,,,0,125,,1022,550,,,0,165,,1023,550,,,0,125,,1024,550,,,0,164,,1025,550,,,0,126,,1026,550,,,0,119,,1027,550,,,0
14001,'Semaine-02',625,,3393,400,,,0,97,,3404,420,,,0,103,,3392,500,,,0,121,,3394,550,,,0,160,,3395,550,,,0,123,,3396,550,,,0,125,,3397,550,,,0,165,,3398,550,,,0,125,,3399,550,,,0,164,,3400,550,,,0,126,,3401,550,,,0,119,,3402,550,,,0
14001,'Semaine-03',625,,3406,400,,,0,97,,3417,420,,,0,103,,3405,500,,,0,121,,3407,550,,,0,160,,3408,550,,,0,123,,3409,550,,,0,125,,3410,550,,,0,165,,3411,550,,,0,125,,3412,550,,,0,164,,3413,550,,,0,126,,3414,550,,,0,119,,3415,550,,,0
