100,'Dimanche-01',608,,12,220,,,0,200,,1,220,,,0,125,,2,220,,,0,170,,3,220,,,0,125,,4,220,,,0,124,,5,220,,,0,160,,6,220,,,0,120,,7,220,,,0,124,,8,220,,,0,175,,9,220,,,0,115,,10,220,,,0,155,,11,220,,,0
100,'Fête-1-03',608,,2637,220,,,0,200,,2626,220,,,0,125,,2627,220,,,0,170,,2628,220,,,0,125,,2629,220,,,0,124,,2630,220,,,0,160,,2631,220,,,0,120,,2632,220,,,0,124,,2633,220,,,0,175,,2634,220,,,0,115,,2635,220,,,0,155,,2636,220,,,0
100,'Fête-2-01',452,,2638,220,,,0,103,,2639,220,,,0,65,,2640,220,,,0,81,,2641,220,,,0,119,,2642,220,,,0,104,,2645,220,,,0,95,,2654,220,,,0,100,,2646,220,,,0,101,,2655,220,,,0,80,,2647,220,,,0,100,,2648,220,,,0,100,,2652,220,,,0,110,,2649,220,,,0,35,,2650,220,,,0,108,,2643,220,,,0,95,,2644,220,,,0,173,,2653,220,,,0,185,,2651,220,,,0
100,'Samedi-01',608,,54,220,,,0,200,,43,220,,,0,125,,44,220,,,0,170,,45,220,,,0,125,,46,220,,,0,124,,47,220,,,0,160,,48,220,,,0,120,,49,220,,,0,124,,50,220,,,0,175,,51,220,,,0,115,,52,220,,,0,155,,53,220,,,0
100,'Semaine-01',452,,55,220,,,0,103,,56,220,,,0,65,,57,220,,,0,81,,58,220,,,0,119,,59,220,,,0,105,,62,220,,,0,94,,71,220,,,0,101,,63,220,,,0,100,,72,220,,,0,38,,64,220,,,0,142,,65,220,,,0,100,,69,220,,,0,110,,66,220,,,0,35,,67,220,,,0,108,,60,220,,,0,95,,61,220,,,0,173,,70,220,,,0,185,,68,220,,,0
2000,'Dimanche-01',706,,146,260,,,0,12,,146,500,,,0,112,,147,260,,,0,12,,147,500,,,0,114,,148,260,,,0,52,,148,500,,,0,113,,149,260,,,0,12,,149,500,,,0,113,,150,260,,,0,12,,150,500,,,0,152,,151,260,,,0,12,,151,500,,,0,113,,152,260,,,0,12,,152,500,,,0,153,,153,260,,,0,12,,153,500,,,0
2000,'Fête-1-03',706,,2686,260,,,0,12,,2686,500,,,0,112,,2687,260,,,0,12,,2687,500,,,0,114,,2688,260,,,0,52,,2688,500,,,0,113,,2689,260,,,0,12,,2689,500,,,0,113,,2690,260,,,0,12,,2690,500,,,0,152,,2691,260,,,0,12,,2691,500,,,0,113,,2692,260,,,0,12,,2692,500,,,0,153,,2693,260,,,0,12,,2693,500,,,0
2000,'Fête-2-01',649,,2694,250,,,0,52,,2694,490,,,0,113,,2695,250,,,0,12,,2695,490,,,0,113,,2696,250,,,0,12,,2696,490,,,0,154,,2697,250,,,0,12,,2697,490,,,0,114,,2698,250,,,0,12,,2698,490,,,0,113,,2699,250,,,0,52,,2699,490,,,0,114,,2700,250,,,0,12,,2700,490,,,0,114,,2701,250,,,0,52,,2701,490,,,0,114,,2702,250,,,0,12,,2702,490,,,0
2000,'Samedi-01',706,,171,260,,,0,12,,171,500,,,0,112,,172,260,,,0,12,,172,500,,,0,114,,173,260,,,0,52,,173,500,,,0,113,,174,260,,,0,12,,174,500,,,0,113,,175,260,,,0,12,,175,500,,,0,152,,176,260,,,0,12,,176,500,,,0,113,,177,260,,,0,12,,177,500,,,0,153,,178,260,,,0,12,,178,500,,,0
2000,'Semaine-01',649,,179,250,,,0,52,,179,490,,,0,113,,180,250,,,0,12,,180,490,,,0,113,,181,250,,,0,12,,181,490,,,0,154,,182,250,,,0,12,,182,490,,,0,114,,183,250,,,0,12,,183,490,,,0,113,,184,250,,,0,52,,184,490,,,0,114,,185,250,,,0,12,,185,490,,,0,114,,186,250,,,0,52,,186,490,,,0,114,,187,250,,,0,12,,187,490,,,0
2000,'Semaine-01-0001100',1939,,189,250,,,0,12,,189,490,,,0,152,,188,250,,,0,12,,188,490,,,0
2800,'Fête-2-01',533,,2804,50,,,0,80,,2803,70,,,0,20,,2805,50,,,0
2800,'Semaine-01',533,,414,50,,,0,80,,413,70,,,0,16,,415,50,,,0
