100,'Dimanche-01',609,,12,250,,,0,200,,1,250,,,0,125,,2,250,,,0,170,,3,250,,,0,125,,4,250,,,0,124,,5,250,,,0,160,,6,250,,,0,120,,7,250,,,0,124,,8,250,,,0,175,,9,250,,,0,115,,10,250,,,0,155,,11,250,,,0
100,'Fête-1-01',609,,24,250,,,0,200,,13,250,,,0,125,,14,250,,,0,170,,15,250,,,0,125,,16,250,,,0,124,,17,250,,,0,160,,18,250,,,0,120,,19,250,,,0,124,,20,250,,,0,175,,21,250,,,0,115,,22,250,,,0,155,,23,250,,,0
100,'Fête-2-02',453,,25,250,,,0,103,,26,250,,,0,65,,27,250,,,0,81,,28,250,,,0,119,,29,250,,,0,104,,32,250,,,0,95,,41,250,,,0,100,,33,250,,,0,101,,42,250,,,0,80,,34,250,,,0,100,,35,250,,,0,100,,39,250,,,0,110,,36,250,,,0,35,,37,250,,,0,108,,30,250,,,0,95,,31,250,,,0,173,,40,250,,,0,185,,38,250,,,0
100,'Samedi-01',609,,54,250,,,0,200,,43,250,,,0,125,,44,250,,,0,170,,45,250,,,0,125,,46,250,,,0,124,,47,250,,,0,160,,48,250,,,0,120,,49,250,,,0,124,,50,250,,,0,175,,51,250,,,0,115,,52,250,,,0,155,,53,250,,,0
100,'Semaine-01',453,,55,250,,,0,103,,56,250,,,0,65,,57,250,,,0,81,,58,250,,,0,119,,59,250,,,0,105,,62,250,,,0,94,,71,250,,,0,101,,63,250,,,0,100,,72,250,,,0,38,,64,250,,,0,142,,65,250,,,0,100,,69,250,,,0,110,,66,250,,,0,35,,67,250,,,0,108,,60,250,,,0,95,,61,250,,,0,173,,70,250,,,0,185,,68,250,,,0
2000,'Dimanche-01',719,,146,530,,,0,124,,147,530,,,0,166,,148,530,,,0,125,,149,530,,,0,125,,150,530,,,0,164,,151,530,,,0,125,,152,530,,,0,165,,153,530,,,0
2000,'Fête-1-01',719,,154,530,,,0,124,,155,530,,,0,166,,156,530,,,0,125,,157,530,,,0,125,,158,530,,,0,164,,159,530,,,0,125,,160,530,,,0,165,,161,530,,,0
2000,'Fête-2-02',702,,162,520,,,0,125,,163,520,,,0,125,,164,520,,,0,166,,165,520,,,0,126,,166,520,,,0,165,,167,520,,,0,126,,168,520,,,0,166,,169,520,,,0,126,,170,520,,,0
2000,'Samedi-01',719,,171,530,,,0,124,,172,530,,,0,166,,173,530,,,0,125,,174,530,,,0,125,,175,530,,,0,164,,176,530,,,0,125,,177,530,,,0,165,,178,530,,,0
2000,'Semaine-01',702,,179,520,,,0,125,,180,520,,,0,125,,181,520,,,0,166,,182,520,,,0,126,,183,520,,,0,165,,184,520,,,0,126,,185,520,,,0,166,,186,520,,,0,126,,187,520,,,0
2000,'Semaine-01-0001100',1952,,189,520,,,0,164,,188,520,,,0
2800,'Fête-2-02',534,,404,80,,,0,80,,403,100,,,0,20,,405,80,,,0
2800,'Semaine-01',534,,414,80,,,0,80,,413,100,,,0,16,,415,80,,,0
