2100,'Semaine-01',528,,240,60,,,0,30,,241,60,,,0,70,,242,60,,,0,75,,243,60,,,0,30,,244,60,,,0,75,,245,60,,,0
2100,'Semaine-02',523,,2782,60,,,0,30,,2783,60,,,0,70,,2784,60,,,0,35,,2785,60,,,0,70,,2786,60,,,0,75,,2787,60,,,0
2100,'Semaine-03',528,,2788,60,,,0,30,,2789,60,,,0,70,,2790,60,,,0,75,,2791,60,,,0,30,,2792,60,,,0,75,,2793,60,,,0
2101,'Semaine-01',1626,,254,210,,,0,23,,255,210,,,0,66,,256,210,,,0,24,,257,210,,,0,65,,258,210,,,0,28,,259,210,,,0
2101,'Semaine-02',1629,,2794,210,,,0,25,,2795,210,,,0,64,,2796,210,,,0,24,,2797,210,,,0,65,,2798,210,,,0,28,,2799,210,,,0
2101,'Semaine-03',1626,,2803,210,,,0,23,,2804,210,,,0,66,,2805,210,,,0,24,,2806,210,,,0,65,,2807,210,,,0,28,,2808,210,,,0
3300,'Dimanche-01',604,,682,420,,,0,42,,680,420,,,0,91,,691,420,,,0,81,,701,420,,,0,83,,703,420,,,0,53,,704,420,,,0,80,,705,420,,,0,80,,706,420,,,0,40,,707,420,,,0,80,,683,420,,,0,80,,684,420,,,0,39,,685,420,,,0,80,,686,420,,,0,80,,687,420,,,0,39,,688,420,,,0,79,,689,420,,,0,79,,690,420,,,0,39,,692,420,,,0,79,,693,420,,,0,80,,694,420,,,0,47,,695,420,,,0,85,,696,420,,,0,85,,697,420,,,0,87,,698,420,,,0,46,,699,420,,,0,83,,700,420,,,0,88,,681,420,,,0,83,,702,420,,,0
3300,'Fête-1-01',624,,3181,420,,,0,81,,3179,420,,,0,42,,3190,420,,,0,82,,3200,420,,,0,82,,3202,420,,,0,44,,3203,420,,,0,81,,3204,420,,,0,82,,3205,420,,,0,82,,3206,420,,,0,42,,3182,420,,,0,82,,3183,420,,,0,82,,3184,420,,,0,42,,3185,420,,,0,82,,3186,420,,,0,82,,3187,420,,,0,42,,3188,420,,,0,82,,3189,420,,,0,85,,3191,420,,,0,79,,3192,420,,,0,42,,3193,420,,,0,82,,3194,420,,,0,79,,3195,420,,,0,41,,3196,420,,,0,81,,3197,420,,,0,82,,3198,420,,,0,43,,3199,420,,,0,86,,3201,420,,,0,86,,3180,420,,,0
3300,'Samedi-01',624,,769,420,,,0,81,,767,420,,,0,42,,778,420,,,0,82,,788,420,,,0,82,,790,420,,,0,44,,791,420,,,0,81,,792,420,,,0,82,,793,420,,,0,82,,794,420,,,0,42,,770,420,,,0,82,,771,420,,,0,82,,772,420,,,0,42,,773,420,,,0,82,,774,420,,,0,82,,775,420,,,0,42,,776,420,,,0,82,,777,420,,,0,85,,779,420,,,0,79,,780,420,,,0,42,,781,420,,,0,82,,782,420,,,0,79,,783,420,,,0,41,,784,420,,,0,81,,785,420,,,0,82,,786,420,,,0,43,,787,420,,,0,86,,789,420,,,0,86,,768,420,,,0
3300,'Semaine-01',631,,796,420,,,0,80,,824,420,,,0,41,,805,420,,,0,80,,815,420,,,0,80,,818,420,,,0,40,,819,420,,,0,80,,820,420,,,0,82,,821,420,,,0,41,,822,420,,,0,83,,797,420,,,0,83,,798,420,,,0,83,,799,420,,,0,43,,800,420,,,0,83,,801,420,,,0,86,,802,420,,,0,85,,803,420,,,0,45,,804,420,,,0,84,,806,420,,,0,81,,807,420,,,0,43,,808,420,,,0,82,,809,420,,,0,80,,810,420,,,0,40,,811,420,,,0,79,,812,420,,,0,80,,813,420,,,0,40,,814,420,,,0,80,,816,420,,,0,80,,817,420,,,0
3300,'Semaine-02',626,,3208,420,,,0,81,,3236,420,,,0,42,,3217,420,,,0,82,,3227,420,,,0,82,,3230,420,,,0,42,,3231,420,,,0,82,,3232,420,,,0,83,,3233,420,,,0,83,,3234,420,,,0,43,,3209,420,,,0,83,,3210,420,,,0,83,,3211,420,,,0,44,,3212,420,,,0,85,,3213,420,,,0,87,,3214,420,,,0,87,,3215,420,,,0,85,,3216,420,,,0,42,,3218,420,,,0,81,,3219,420,,,0,81,,3220,420,,,0,41,,3221,420,,,0,81,,3222,420,,,0,81,,3223,420,,,0,40,,3224,420,,,0,80,,3225,420,,,0,80,,3226,420,,,0,40,,3228,420,,,0,80,,3229,420,,,0
3300,'Semaine-03',631,,3237,420,,,0,80,,3265,420,,,0,41,,3246,420,,,0,80,,3256,420,,,0,80,,3259,420,,,0,40,,3260,420,,,0,80,,3261,420,,,0,82,,3262,420,,,0,41,,3263,420,,,0,83,,3238,420,,,0,83,,3239,420,,,0,83,,3240,420,,,0,43,,3241,420,,,0,83,,3242,420,,,0,86,,3243,420,,,0,85,,3244,420,,,0,45,,3245,420,,,0,84,,3247,420,,,0,81,,3248,420,,,0,43,,3249,420,,,0,82,,3250,420,,,0,80,,3251,420,,,0,40,,3252,420,,,0,79,,3253,420,,,0,80,,3254,420,,,0,40,,3255,420,,,0,80,,3257,420,,,0,80,,3258,420,,,0
