11101,'Dimanche-01',739,,921,130,,,0,185,,917,260,,,0,189,,916,260,,,0,297,,918,260,,,0,249,,919,260,,,0,151,,922,130,,,0,190,,920,260,,,0,251,,923,130,,,0
11101,'Fête-1-01',739,,929,130,,,0,185,,925,260,,,0,189,,924,260,,,0,297,,926,260,,,0,249,,927,260,,,0,151,,930,130,,,0,190,,928,260,,,0,251,,931,130,,,0
11101,'Fête-2-02',732,,940,270,,,0,100,,943,270,,,0,100,,944,270,,,0,271,,947,130,,,0,16,,946,260,,,0,202,,932,260,,,0,190,,933,270,,,0,30,,935,270,,,0,70,,936,270,,,0,30,,937,270,,,0,70,,938,270,,,0,30,,939,270,,,0,70,,941,270,,,0,30,,934,270,,,0,110,,945,260,,,0
11101,'Samedi-01',739,,953,130,,,0,185,,949,260,,,0,189,,948,260,,,0,297,,950,260,,,0,249,,951,260,,,0,151,,954,130,,,0,190,,952,260,,,0,251,,955,130,,,0
11101,'Semaine-01',654,,965,260,,,0,98,,972,260,,,0,450,,976,130,,,0,7,,975,260,,,0,227,,956,270,,,0,110,,957,200,,,0,10,,959,270,,,0,91,,960,200,,,0,59,,967,270,,,0,16,,962,200,,,0,30,,963,200,,,0,53,,961,200,,,0,11,,968,270,,,0,9,,964,200,,,0,84,,969,270,,,0,37,,958,270,,,0,106,,974,130,,,0,194,,971,260,,,0
14001,'Dimanche-01',839,,979,140,,,0,115,,980,140,,,0,155,,981,140,,,0,115,,982,140,,,0,116,,983,140,,,0,115,,984,140,,,0,160,,985,140,,,0,120,,978,140,,,0
14001,'Fête-1-01',839,,988,140,,,0,115,,989,140,,,0,155,,990,140,,,0,115,,991,140,,,0,116,,992,140,,,0,115,,993,140,,,0,160,,994,140,,,0,120,,987,140,,,0
14001,'Fête-2-02',751,,995,90,,,0,158,,997,140,,,0,121,,998,140,,,0,121,,999,140,,,0,164,,1000,140,,,0,125,,1001,140,,,0,165,,1002,140,,,0,130,,1003,140,,,0,124,,1004,140,,,0,159,,1005,140,,,0,114,,1006,140,,,0
14001,'Samedi-01',839,,1010,140,,,0,115,,1011,140,,,0,155,,1012,140,,,0,115,,1013,140,,,0,116,,1014,140,,,0,115,,1015,140,,,0,160,,1016,140,,,0,120,,1009,140,,,0
14001,'Semaine-01',751,,1017,90,,,0,158,,1019,140,,,0,121,,1020,140,,,0,121,,1021,140,,,0,164,,1022,140,,,0,125,,1023,140,,,0,165,,1024,140,,,0,130,,1025,140,,,0,124,,1026,140,,,0,159,,1027,140,,,0,114,,1028,140,,,0
