3100,'Dimanche-01',717,,492,260,,,0,217,,493,260,,,0,278,,491,260,,,0,123,,484,260,,,0,120,,485,260,,,0,158,,486,260,,,0,118,,487,260,,,0,119,,488,260,,,0,167,,489,260,,,0,221,,483,260,,,0,215,,490,260,,,0
3100,'Samedi-01',606,,537,260,,,0,43,,548,260,,,0,203,,549,260,,,0,165,,546,260,,,0,124,,536,260,,,0,164,,547,260,,,0,124,,538,260,,,0,124,,539,260,,,0,164,,540,260,,,0,124,,541,260,,,0,164,,542,260,,,0,27,,543,260,,,0,216,,544,260,,,0,255,,545,260,,,0
3100,'Semaine-01',613,,574,260,,,0,40,,550,260,,,0,80,,560,260,,,0,80,,575,260,,,0,40,,569,260,,,0,80,,570,260,,,0,80,,571,260,,,0,41,,577,260,,,0,82,,572,260,,,0,83,,573,260,,,0,83,,551,260,,,0,43,,552,260,,,0,82,,553,260,,,0,82,,554,260,,,0,45,,555,260,,,0,85,,556,260,,,0,86,,557,260,,,0,85,,558,260,,,0,45,,559,260,,,0,82,,561,260,,,0,82,,562,260,,,0,39,,563,260,,,0,80,,564,260,,,0,80,,565,260,,,0,40,,566,260,,,0,80,,567,260,,,0,80,,568,260,,,0,121,,576,260,0,5 6,0
3300,'Dimanche-01',609,,682,490,,,0,42,,680,490,,,0,91,,691,490,,,0,81,,701,490,,,0,83,,703,490,,,0,53,,704,490,,,0,80,,705,490,,,0,80,,706,490,,,0,40,,707,490,,,0,80,,683,490,,,0,80,,684,490,,,0,39,,685,490,,,0,80,,686,490,,,0,80,,687,490,,,0,39,,688,490,,,0,79,,689,490,,,0,79,,690,490,,,0,39,,692,490,,,0,79,,693,490,,,0,80,,694,490,,,0,87,,695,490,,,0,45,,696,490,,,0,85,,697,490,,,0,87,,698,490,,,0,86,,699,490,,,0,43,,700,490,,,0,88,,681,490,,,0,83,,702,490,,,0
3300,'Samedi-01',629,,769,490,,,0,81,,767,490,,,0,42,,778,490,,,0,82,,788,490,,,0,82,,790,490,,,0,84,,791,490,,,0,41,,792,490,,,0,82,,793,490,,,0,82,,794,490,,,0,42,,770,490,,,0,82,,771,490,,,0,82,,772,490,,,0,42,,773,490,,,0,82,,774,490,,,0,82,,775,490,,,0,42,,776,490,,,0,82,,777,490,,,0,85,,779,490,,,0,79,,780,490,,,0,42,,781,490,,,0,82,,782,490,,,0,79,,783,490,,,0,41,,784,490,,,0,81,,785,490,,,0,82,,786,490,,,0,43,,787,490,,,0,86,,789,490,,,0,86,,768,490,,,0
3300,'Semaine-01',636,,796,490,,,0,80,,824,490,,,0,41,,805,490,,,0,80,,815,490,,,0,80,,818,490,,,0,40,,819,490,,,0,80,,820,490,,,0,82,,821,490,,,0,81,,822,490,,,0,43,,797,490,,,0,83,,798,490,,,0,83,,799,490,,,0,43,,800,490,,,0,84,,801,490,,,0,86,,802,490,,,0,84,,803,490,,,0,45,,804,490,,,0,84,,806,490,,,0,81,,807,490,,,0,43,,808,490,,,0,82,,809,490,,,0,80,,810,490,,,0,80,,811,490,,,0,39,,812,490,,,0,80,,813,490,,,0,80,,814,490,,,0,40,,816,490,,,0,80,,817,490,,,0
14001,'Dimanche-01',812,,977,490,4,,0,3,,979,10,,,0,110,,979,640,4,,0,5,,980,10,,,0,110,,980,640,4,,0,5,,981,10,,,0,110,,981,640,4,,0,45,,982,10,,,0,110,,982,640,4,,0,5,,983,10,,,0,113,,983,640,4,,0,2,,984,10,,,0,114,,984,640,4,,0,6,,985,10,,,0,154,,985,640,4,,0,6,,978,10,,,0
14001,'Samedi-01',812,,1008,490,4,,0,3,,1010,10,,,0,110,,1010,640,4,,0,5,,1011,10,,,0,110,,1011,640,4,,0,5,,1012,10,,,0,110,,1012,640,4,,0,45,,1013,10,,,0,110,,1013,640,4,,0,5,,1014,10,,,0,113,,1014,640,4,,0,2,,1015,10,,,0,114,,1015,640,4,,0,6,,1016,10,,,0,154,,1016,640,4,,0,6,,1009,10,,,0
14001,'Semaine-01',641,,1018,490,4,,0,4,,1029,10,,,0,194,,1017,590,4,,0,6,,1019,10,,,0,112,,1019,640,4,,0,48,,1020,10,,,0,113,,1020,640,4,,0,8,,1021,10,,,0,113,,1021,640,4,,0,11,,1022,10,,,0,155,,1022,640,4,,0,10,,1023,10,,,0,114,,1023,640,4,,0,11,,1024,10,,,0,116,,1024,640,4,,0,54,,1025,10,,,0,113,,1025,640,4,,0,12,,1026,10,,,0,111,,1026,610,4,,0,9,,1027,10,,,0,149,,1027,610,4,,0,6,,1028,10,,,0
2000002300,'Dimanche-01',559,,1719,130,4,,0,79,,1721,130,4,,0,74,,1722,130,4,,0,101,,1723,130,4,,0,41,,1724,130,4,,0,75,,1725,130,4,,0,107,,1726,130,4,,0,97,,1727,130,4,,0,95,,1728,130,4,,0,82,,1729,130,4,,0,37,,1730,130,4,,0,83,,1731,130,4,,0,79,,1732,130,4,,0,42,,1733,130,4,,0,78,,1734,130,4,,0,80,,1735,130,4,,0,39,,1736,130,4,,0,82,,1737,130,4,,0,76,,1738,130,4,,0,106,,1739,130,4,,0,109,,1740,130,4,,0,112,,1741,130,4,,0,104,,1742,130,4,,0,111,,1743,130,4,,0,102,,1720,130,4,,0
2000002300,'Samedi-01',601,,1799,130,4,,0,43,,1801,130,4,,0,81,,1802,130,4,,0,75,,1803,130,4,,0,47,,1804,130,4,,0,84,,1805,130,4,,0,81,,1806,130,4,,0,93,,1807,130,4,,0,50,,1808,130,4,,0,85,,1809,130,4,,0,79,,1810,130,4,,0,81,,1811,130,4,,0,43,,1812,130,4,,0,85,,1813,130,4,,0,79,,1814,130,4,,0,45,,1815,130,4,,0,83,,1816,130,4,,0,80,,1817,130,4,,0,40,,1818,130,4,,0,85,,1819,130,4,,0,87,,1820,130,4,,0,104,,1821,130,4,,0,80,,1822,130,4,,0,32,,1823,130,4,,0,104,,1824,130,4,,0,111,,1825,130,4,,0,96,,1800,130,4,,0
2000002300,'Semaine-01',608,,1826,130,4,,0,40,,1827,130,4,,0,80,,1851,130,4,,0,81,,1852,130,4,,0,39,,1828,130,4,,0,80,,1850,130,4,,0,80,,1848,130,4,,0,41,,1847,130,4,,0,82,,1849,130,4,,0,83,,1846,130,4,,0,43,,1843,130,4,,0,83,,1845,130,4,,0,82,,1844,130,4,,0,82,,1842,130,4,,0,45,,1841,130,4,,0,85,,1840,130,4,,0,86,,1839,130,4,,0,85,,1838,130,4,,0,45,,1837,130,4,,0,82,,1836,130,4,,0,82,,1835,130,4,,0,39,,1834,130,4,,0,80,,1833,130,4,,0,80,,1832,130,4,,0,40,,1831,130,4,,0,80,,1830,130,4,,0,80,,1829,130,4,,0,121,,1853,130,4,,0
2000002301,'Dimanche-01',608,,1854,10,,,0,34,,1864,10,,,0,80,,1859,10,,,0,101,,1869,10,,,0,36,,1865,10,,,0,80,,1858,10,,,0,107,,1860,10,,,0,97,,1861,10,,,0,95,,1868,10,,,0,75,,1862,10,,,0,44,,1857,10,,,0,78,,1870,10,,,0,84,,1863,10,,,0,37,,1867,10,,,0,83,,1866,10,,,0,79,,1856,10,,,0,40,,1871,10,,,0,77,,1872,10,,,0,81,,1877,10,,,0,106,,1874,10,,,0,109,,1873,10,,,0,112,,1878,10,,,0,104,,1876,10,,,0,111,,1875,10,,,0,142,,1855,10,,,0
2000002301,'Samedi-01',611,,1935,10,,,0,43,,1945,10,,,0,76,,1940,10,,,0,75,,1951,10,,,0,52,,1946,10,,,0,80,,1939,10,,,0,85,,1948,10,,,0,88,,1941,10,,,0,95,,1942,10,,,0,40,,1950,10,,,0,84,,1943,10,,,0,76,,1938,10,,,0,48,,1952,10,,,0,80,,1944,10,,,0,84,,1949,10,,,0,40,,1947,10,,,0,88,,1937,10,,,0,75,,1953,10,,,0,85,,1954,10,,,0,40,,1959,10,,,0,92,,1956,10,,,0,104,,1955,10,,,0,72,,1960,10,,,0,40,,1961,10,,,0,104,,1958,10,,,0,151,,1957,10,,,0,96,,1936,10,,,0
2000002301,'Semaine-01',618,,1990,10,,,0,40,,1987,10,,,0,80,,1988,10,,,0,80,,1989,10,,,0,40,,1985,10,,,0,80,,1986,10,,,0,80,,1983,10,,,0,41,,1982,10,,,0,82,,1984,10,,,0,83,,1980,10,,,0,83,,1977,10,,,0,43,,1981,10,,,0,82,,1979,10,,,0,82,,1978,10,,,0,45,,1976,10,,,0,85,,1975,10,,,0,86,,1974,10,,,0,85,,1973,10,,,0,85,,1972,10,,,0,42,,1971,10,,,0,82,,1970,10,,,0,79,,1969,10,,,0,40,,1968,10,,,0,80,,1967,10,,,0,80,,1966,10,,,0,40,,1965,10,,,0,80,,1964,10,,,0,34,,1963,10,,,0,98,,1962,10,,,0
2000002500,'Dimanche-01',548,,1991,280,4,,0,61,,1993,10,,,0,26,,1993,330,4,,0,12,,1994,10,,,0,66,,1994,330,4,,0,9,,1995,10,,,0,26,,1995,330,4,,0,2,,1996,10,,,0,66,,1996,330,4,,0,8,,1997,10,,,0,26,,1997,330,4,,0,52,,1998,10,,,0,26,,1998,330,4,,0,11,,1999,10,,,0,66,,1999,330,4,,0,10,,2000,10,,,0,26,,2000,330,4,,0,6,,2001,10,,,0,66,,2001,330,4,,0,19,,2002,10,,,0,26,,2002,330,4,,0,59,,2003,10,,,0,26,,2003,330,4,,0,69,,2004,10,,,0,23,,2005,10,,,0,3,,2004,330,4,,0,19,,2006,10,,,0,44,,2005,330,4,,0,22,,2006,330,4,,0,19,,2007,10,,,0,66,,2007,330,4,,0,14,,2008,10,,,0,26,,2008,330,4,,0,54,,2009,10,,,0,26,,2009,330,4,,0,14,,2010,10,,,0,66,,2010,330,4,,0,9,,2011,10,,,0,26,,2011,330,4,,0,15,,2012,10,,,0,66,,2012,330,4,,0,13,,2013,10,,,0,66,,2013,330,4,,0,14,,2014,10,,,0,26,,2014,330,4,,0,4,,2015,10,,,0,66,,2015,330,4,,0,9,,2016,10,,,0,26,,2016,330,4,,0,9,,2017,10,,,0,66,,2017,330,4,,0,9,,2018,10,,,0,26,,2018,330,4,,0,49,,2019,10,,,0,26,,2019,330,4,,0,9,,2020,10,,,0,66,,2020,330,4,,0,4,,2021,10,,,0,26,,2021,330,4,,0,9,,2022,10,,,0,66,,2022,330,4,,0,9,,2023,10,,,0,26,,2023,330,4,,0,10,,2024,10,,,0,66,,2024,330,4,,0,76,,1992,10,,,0
2000002500,'Samedi-01',535,,2121,280,4,,0,66,,2090,330,4,,0,10,,2106,10,,,0,26,,2106,330,4,,0,17,,2091,10,,,0,66,,2091,330,4,,0,1,,2107,10,,,0,26,,2107,330,4,,0,11,,2092,10,,,0,66,,2092,330,4,,0,14,,2108,10,,,0,66,,2108,330,4,,0,14,,2093,10,,,0,26,,2093,330,4,,0,4,,2109,10,,,0,66,,2109,330,4,,0,14,,2094,10,,,0,26,,2094,330,4,,0,54,,2110,10,,,0,26,,2110,330,4,,0,11,,2095,10,,,0,66,,2095,330,4,,0,4,,2089,10,,,0,26,,2089,330,4,,0,7,,2096,10,,,0,66,,2096,330,4,,0,15,,2111,10,,,0,26,,2111,330,4,,0,52,,2097,10,,,0,26,,2097,330,4,,0,20,,2112,10,,,0,66,,2112,330,4,,0,19,,2098,10,,,0,66,,2098,330,4,,0,13,,2113,10,,,0,26,,2113,330,4,,0,5,,2099,10,,,0,66,,2099,330,4,,0,8,,2114,10,,,0,26,,2114,330,4,,0,58,,2100,10,,,0,26,,2100,330,4,,0,14,,2115,10,,,0,66,,2115,330,4,,0,18,,2101,10,,,0,26,,2101,330,4,,0,54,,2116,10,,,0,26,,2116,330,4,,0,64,,2102,10,,,0,26,,2102,330,4,,0,15,,2117,10,,,0,66,,2117,330,4,,0,10,,2103,10,,,0,26,,2103,330,4,,0,10,,2118,10,,,0,66,,2118,330,4,,0,6,,2104,10,,,0,26,,2104,330,4,,0,6,,2119,10,,,0,66,,2119,330,4,,0,85,,2105,10,,,0,26,,2105,330,4,,0,70,,2120,10,,,0
2000002500,'Semaine-01',608,,2123,280,4,,0,10,,2124,10,,,0,26,,2124,330,4,,0,14,,2125,10,,,0,66,,2125,330,4,,0,14,,2122,10,,,0,66,,2122,330,4,,0,14,,2126,10,,,0,26,,2126,330,4,,0,14,,2127,10,,,0,66,,2127,330,4,,0,14,,2128,10,,,0,66,,2128,330,4,,0,14,,2129,10,,,0,26,,2129,330,4,,0,15,,2130,10,,,0,66,,2130,330,4,,0,16,,2131,10,,,0,66,,2131,330,4,,0,17,,2132,10,,,0,26,,2132,330,4,,0,57,,2133,10,,,0,26,,2133,330,4,,0,17,,2134,10,,,0,66,,2134,330,4,,0,16,,2135,10,,,0,26,,2135,330,4,,0,56,,2136,10,,,0,26,,2136,330,4,,0,19,,2137,10,,,0,66,,2137,330,4,,0,19,,2138,10,,,0,66,,2138,330,4,,0,20,,2139,10,,,0,26,,2139,330,4,,0,59,,2140,10,,,0,26,,2140,330,4,,0,59,,2141,10,,,0,26,,2141,330,4,,0,16,,2142,10,,,0,66,,2142,330,4,,0,16,,2143,10,,,0,26,,2143,330,4,,0,53,,2144,10,,,0,26,,2144,330,4,,0,14,,2145,10,,,0,66,,2145,330,4,,0,14,,2146,10,,,0,26,,2146,330,4,,0,54,,2147,10,,,0,26,,2147,330,4,,0,14,,2148,10,,,0,66,,2148,330,4,,0,14,,2149,10,,,0,20,,2150,10,,,0,6,,2149,330,4,,0,60,,2150,330,4,,0,4,,2151,10,,,0,26,,2151,330,4,,0,16,,2152,10,,,0
