2000002300,'Dimanche-01',549,,1719,20,,,0,79,,1721,20,,,0,74,,1722,20,,,0,101,,1723,20,,,0,41,,1724,20,,,0,75,,1725,20,,,0,107,,1726,20,,,0,97,,1727,20,,,0,95,,1728,20,,,0,82,,1729,20,,,0,37,,1730,20,,,0,83,,1731,20,,,0,39,,1732,20,,,0,82,,1733,20,,,0,78,,1734,20,,,0,40,,1735,20,,,0,79,,1736,20,,,0,82,,1737,20,,,0,36,,1738,20,,,0,146,,1739,20,,,0,109,,1740,20,,,0,112,,1741,20,,,0,104,,1742,20,,,0,111,,1743,20,,,0,102,,1720,20,,,0
2000002300,'Fête-1-03',551,,3343,20,,,0,83,,3345,20,,,0,81,,3346,20,,,0,35,,3347,20,,,0,87,,3348,20,,,0,84,,3349,20,,,0,81,,3350,20,,,0,53,,3351,20,,,0,90,,3352,20,,,0,85,,3353,20,,,0,79,,3354,20,,,0,41,,3355,20,,,0,83,,3356,20,,,0,85,,3357,20,,,0,39,,3358,20,,,0,85,,3359,20,,,0,83,,3360,20,,,0,80,,3361,20,,,0,40,,3362,20,,,0,85,,3363,20,,,0,87,,3364,20,,,0,104,,3365,20,,,0,80,,3366,20,,,0,32,,3367,20,,,0,104,,3368,20,,,0,111,,3369,20,,,0,96,,3344,20,,,0
2000002300,'Fête-2-01',558,,3370,20,,,0,80,,3371,20,,,0,80,,3395,20,,,0,41,,3396,20,,,0,79,,3372,20,,,0,80,,3394,20,,,0,40,,3392,20,,,0,81,,3391,20,,,0,82,,3393,20,,,0,83,,3390,20,,,0,43,,3387,20,,,0,83,,3389,20,,,0,82,,3388,20,,,0,42,,3386,20,,,0,85,,3385,20,,,0,85,,3384,20,,,0,86,,3383,20,,,0,45,,3382,20,,,0,85,,3381,20,,,0,82,,3380,20,,,0,82,,3379,20,,,0,39,,3378,20,,,0,80,,3377,20,,,0,80,,3376,20,,,0,40,,3375,20,,,0,80,,3374,20,,,0,80,,3373,20,,,0,121,,3397,20,,,0
2000002300,'Samedi-01',551,,1799,20,,,0,83,,1801,20,,,0,81,,1802,20,,,0,35,,1803,20,,,0,87,,1804,20,,,0,84,,1805,20,,,0,81,,1806,20,,,0,53,,1807,20,,,0,90,,1808,20,,,0,85,,1809,20,,,0,79,,1810,20,,,0,41,,1811,20,,,0,83,,1812,20,,,0,85,,1813,20,,,0,39,,1814,20,,,0,85,,1815,20,,,0,83,,1816,20,,,0,80,,1817,20,,,0,40,,1818,20,,,0,85,,1819,20,,,0,87,,1820,20,,,0,104,,1821,20,,,0,80,,1822,20,,,0,32,,1823,20,,,0,104,,1824,20,,,0,111,,1825,20,,,0,96,,1800,20,,,0
2000002300,'Semaine-01',558,,1826,20,,,0,80,,1827,20,,,0,80,,1851,20,,,0,41,,1852,20,,,0,79,,1828,20,,,0,80,,1850,20,,,0,40,,1848,20,,,0,81,,1847,20,,,0,82,,1849,20,,,0,83,,1846,20,,,0,43,,1843,20,,,0,83,,1845,20,,,0,82,,1844,20,,,0,42,,1842,20,,,0,85,,1841,20,,,0,85,,1840,20,,,0,86,,1839,20,,,0,45,,1838,20,,,0,85,,1837,20,,,0,82,,1836,20,,,0,82,,1835,20,,,0,39,,1834,20,,,0,80,,1833,20,,,0,80,,1832,20,,,0,40,,1831,20,,,0,80,,1830,20,,,0,80,,1829,20,,,0,121,,1853,20,,,0
2000002301,'Dimanche-01',611,,1854,20,,,0,34,,1864,20,,,0,80,,1859,20,,,0,101,,1869,20,,,0,76,,1865,20,,,0,40,,1858,20,,,0,107,,1860,20,,,0,97,,1861,20,,,0,95,,1868,20,,,0,75,,1862,20,,,0,84,,1857,20,,,0,38,,1870,20,,,0,84,,1863,20,,,0,37,,1867,20,,,0,83,,1866,20,,,0,79,,1856,20,,,0,80,,1871,20,,,0,37,,1872,20,,,0,81,,1877,20,,,0,106,,1874,20,,,0,109,,1873,20,,,0,112,,1878,20,,,0,104,,1876,20,,,0,151,,1875,20,,,0,102,,1855,20,,,0
2000002301,'Fête-1-03',614,,3398,20,,,0,43,,3408,20,,,0,76,,3403,20,,,0,75,,3414,20,,,0,92,,3409,20,,,0,40,,3402,20,,,0,85,,3411,20,,,0,88,,3404,20,,,0,95,,3405,20,,,0,40,,3413,20,,,0,84,,3406,20,,,0,76,,3401,20,,,0,48,,3415,20,,,0,80,,3407,20,,,0,84,,3412,20,,,0,80,,3410,20,,,0,48,,3400,20,,,0,75,,3416,20,,,0,85,,3417,20,,,0,40,,3422,20,,,0,92,,3419,20,,,0,104,,3418,20,,,0,72,,3423,20,,,0,40,,3424,20,,,0,144,,3421,20,,,0,111,,3420,20,,,0,96,,3399,20,,,0
2000002301,'Fête-2-01',621,,3453,20,,,0,80,,3450,20,,,0,40,,3451,20,,,0,80,,3452,20,,,0,80,,3448,20,,,0,40,,3449,20,,,0,80,,3446,20,,,0,81,,3445,20,,,0,42,,3447,20,,,0,83,,3443,20,,,0,83,,3440,20,,,0,43,,3444,20,,,0,82,,3442,20,,,0,82,,3441,20,,,0,85,,3439,20,,,0,45,,3438,20,,,0,86,,3437,20,,,0,85,,3436,20,,,0,85,,3435,20,,,0,42,,3434,20,,,0,82,,3433,20,,,0,79,,3432,20,,,0,40,,3431,20,,,0,80,,3430,20,,,0,80,,3429,20,,,0,40,,3428,20,,,0,80,,3427,20,,,0,74,,3426,20,,,0,58,,3425,20,,,0
2000002301,'Samedi-01',614,,1935,20,,,0,43,,1945,20,,,0,76,,1940,20,,,0,75,,1951,20,,,0,92,,1946,20,,,0,40,,1939,20,,,0,85,,1948,20,,,0,88,,1941,20,,,0,95,,1942,20,,,0,40,,1950,20,,,0,84,,1943,20,,,0,76,,1938,20,,,0,48,,1952,20,,,0,80,,1944,20,,,0,84,,1949,20,,,0,80,,1947,20,,,0,48,,1937,20,,,0,75,,1953,20,,,0,85,,1954,20,,,0,40,,1959,20,,,0,92,,1956,20,,,0,104,,1955,20,,,0,72,,1960,20,,,0,40,,1961,20,,,0,144,,1958,20,,,0,111,,1957,20,,,0,96,,1936,20,,,0
2000002301,'Semaine-01',621,,1990,20,,,0,80,,1987,20,,,0,40,,1988,20,,,0,80,,1989,20,,,0,80,,1985,20,,,0,40,,1986,20,,,0,80,,1983,20,,,0,81,,1982,20,,,0,42,,1984,20,,,0,83,,1980,20,,,0,83,,1977,20,,,0,43,,1981,20,,,0,82,,1979,20,,,0,82,,1978,20,,,0,85,,1976,20,,,0,45,,1975,20,,,0,86,,1974,20,,,0,85,,1973,20,,,0,85,,1972,20,,,0,42,,1971,20,,,0,82,,1970,20,,,0,79,,1969,20,,,0,40,,1968,20,,,0,80,,1967,20,,,0,80,,1966,20,,,0,40,,1965,20,,,0,80,,1964,20,,,0,74,,1963,20,,,0,58,,1962,20,,,0
