11100,'Dimanche-01',710,,861,170,0,5 6,0,100,,857,170,0,5 10,0,145,,856,170,0,5 10,0,290,,858,170,0,5 10,0,290,,859,170,0,5 10,0,200,,862,170,0,5 6,0,106,,860,170,0,5 10,0,380,,863,170,0,5 6,0
11100,'Fête-1-03',710,,3000,170,0,5 6,0,100,,2996,170,0,5 10,0,145,,2995,170,0,5 10,0,290,,2997,170,0,5 10,0,290,,2998,170,0,5 10,0,200,,3001,170,0,5 6,0,106,,2999,170,0,5 10,0,380,,3002,170,0,5 6,0
11100,'Fête-2-01',520,,3007,170,0,5 14,0,30,,3005,170,0,5 14,0,70,,3008,170,0,5 14,0,30,,3006,170,0,5 14,0,70,,3012,170,0,5 14,0,30,,3013,170,0,5 14,0,70,,3004,170,0,5 10,0,100,,3014,170,0,5 10,0,210,,3016,170,0,5 6,0,125,,3003,170,0,5 10,0,401,,3009,170,0,5 14,0,70,,3011,170,0,5 14,0,30,,3010,170,0,5 14,0,170,,3015,170,0,5 10,0
11100,'Samedi-01',710,,891,170,0,5 6,0,100,,887,170,0,5 10,0,145,,886,170,0,5 10,0,290,,888,170,0,5 10,0,290,,889,170,0,5 10,0,200,,892,170,0,5 6,0,106,,890,170,0,5 10,0,380,,893,170,0,5 6,0
11100,'Semaine-01',520,,902,170,,,0,15,,896,170,0,5 10,0,20,,900,170,,,0,65,,903,170,,,0,5,,897,170,0,5 10,0,15,,901,170,,,0,10,,915,170,0,16 17,0,60,,909,170,,,0,20,,904,170,,,0,5,,898,170,0,16 17,0,15,,911,170,,,0,80,,899,170,0,16 17,0,120,,912,170,0,16 17,0,75,,894,170,0,16 17,0,105,,914,170,0,5 6,0,120,,895,170,0,5 10,0,380,,906,170,0,5 10,0,12,,905,170,,,0,90,,908,170,0,5 10,0,20,,907,170,,,0,273,,913,170,0,5 6,0,105,,910,170,0,5 10,0
14001,'Dimanche-01',745,,977,240,,,0,113,,979,390,,,0,155,,980,390,,,0,115,,981,390,,,0,115,,982,390,,,0,116,,983,390,,,0,155,,984,390,,,0,120,,985,390,,,0,120,,978,390,,,0
14001,'Fête-1-03',745,,3041,240,,,0,113,,3043,390,,,0,155,,3044,390,,,0,115,,3045,390,,,0,115,,3046,390,,,0,116,,3047,390,,,0,155,,3048,390,,,0,120,,3049,390,,,0,120,,3042,390,,,0
14001,'Fête-2-01',614,,3051,240,,,0,95,,3062,260,,,0,103,,3050,340,,,0,118,,3052,390,,,0,121,,3053,390,,,0,161,,3054,390,,,0,124,,3055,390,,,0,165,,3056,390,,,0,125,,3057,390,,,0,129,,3058,390,,,0,164,,3059,390,,,0,118,,3060,390,,,0,114,,3061,390,,,0
14001,'Samedi-01',745,,1008,240,,,0,113,,1010,390,,,0,155,,1011,390,,,0,115,,1012,390,,,0,115,,1013,390,,,0,116,,1014,390,,,0,155,,1015,390,,,0,120,,1016,390,,,0,120,,1009,390,,,0
14001,'Semaine-01',614,,1018,240,,,0,95,,1029,260,,,0,103,,1017,340,,,0,118,,1019,390,,,0,121,,1020,390,,,0,161,,1021,390,,,0,124,,1022,390,,,0,165,,1023,390,,,0,125,,1024,390,,,0,129,,1025,390,,,0,164,,1026,390,,,0,118,,1027,390,,,0,114,,1028,390,,,0
