101,'Dimanche-01',801,,73,590,,,0,206,,74,590,,,0,131,,75,590,,,0,173,,76,590,,,0,127,,77,590,,,0,120,,78,590,,,0,160,,79,590,,,0,120,,80,590,,,0,117,,81,590,,,0,174,,82,590,,,0,114,,83,590,,,0,113,,84,590,,,0
101,'Fête-1-01',801,,2674,590,,,0,206,,2675,590,,,0,131,,2676,590,,,0,173,,2677,590,,,0,127,,2678,590,,,0,120,,2679,590,,,0,160,,2680,590,,,0,120,,2681,590,,,0,117,,2682,590,,,0,174,,2683,590,,,0,114,,2684,590,,,0,113,,2685,590,,,0
101,'Samedi-01',801,,115,590,,,0,206,,116,590,,,0,131,,117,590,,,0,173,,118,590,,,0,127,,119,590,,,0,120,,120,590,,,0,160,,121,590,,,0,120,,122,590,,,0,117,,123,590,,,0,174,,124,590,,,0,114,,125,590,,,0,113,,126,590,,,0
101,'Semaine-01',701,,127,590,,,0,101,,136,590,,,0,30,,138,590,,,0,90,,139,590,,,0,110,,140,590,,,0,105,,141,590,,,0,95,,143,590,,,0,105,,142,590,,,0,106,,144,590,,,0,81,,128,590,,,0,105,,129,590,,,0,96,,130,590,,,0,105,,131,590,,,0,74,,132,590,,,0,103,,133,590,,,0,43,,134,590,,,0,173,,135,590,,,0,134,,137,590,,,0
101,'Semaine-02',656,,2686,590,,,0,101,,2695,590,,,0,70,,2697,590,,,0,100,,2698,590,,,0,105,,2699,590,,,0,95,,2700,590,,,0,100,,2702,590,,,0,100,,2701,590,,,0,111,,2703,590,,,0,86,,2687,590,,,0,110,,2688,590,,,0,91,,2689,590,,,0,105,,2690,590,,,0,29,,2691,590,,,0,69,,2692,590,,,0,108,,2693,590,,,0,182,,2694,590,,,0,189,,2696,590,,,0
101,'Semaine-03',701,,2704,590,,,0,101,,2713,590,,,0,30,,2715,590,,,0,90,,2716,590,,,0,110,,2717,590,,,0,105,,2718,590,,,0,95,,2720,590,,,0,105,,2719,590,,,0,106,,2721,590,,,0,81,,2705,590,,,0,105,,2706,590,,,0,96,,2707,590,,,0,105,,2708,590,,,0,74,,2709,590,,,0,103,,2710,590,,,0,43,,2711,590,,,0,173,,2712,590,,,0,134,,2714,590,,,0
2001,'Dimanche-01',733,,190,90,,,0,11,,190,330,,,0,113,,191,90,,,0,51,,191,330,,,0,115,,192,90,,,0,11,,192,330,,,0,114,,193,90,,,0,11,,193,330,,,0,154,,194,90,,,0,11,,194,330,,,0,114,,195,90,,,0,12,,195,330,,,0,153,,196,90,,,0,12,,196,330,,,0,113,,197,90,,,0,12,,197,330,,,0
2001,'Fête-1-01',733,,2752,90,,,0,11,,2752,330,,,0,113,,2753,90,,,0,51,,2753,330,,,0,115,,2754,90,,,0,11,,2754,330,,,0,114,,2755,90,,,0,11,,2755,330,,,0,154,,2756,90,,,0,11,,2756,330,,,0,114,,2757,90,,,0,12,,2757,330,,,0,153,,2758,90,,,0,12,,2758,330,,,0,113,,2759,90,,,0,12,,2759,330,,,0
2001,'Samedi-01',733,,215,90,,,0,11,,215,330,,,0,113,,216,90,,,0,51,,216,330,,,0,115,,217,90,,,0,11,,217,330,,,0,114,,218,90,,,0,11,,218,330,,,0,154,,219,90,,,0,11,,219,330,,,0,114,,220,90,,,0,12,,220,330,,,0,153,,221,90,,,0,12,,221,330,,,0,113,,222,90,,,0,12,,222,330,,,0
2001,'Semaine-01',718,,223,90,,,0,12,,223,330,,,0,113,,224,90,,,0,13,,224,330,,,0,152,,225,90,,,0,12,,225,330,,,0,114,,226,90,,,0,12,,226,330,,,0,154,,227,90,,,0,12,,227,330,,,0,113,,228,90,,,0,12,,228,330,,,0,114,,229,90,,,0,52,,229,330,,,0,114,,230,90,,,0,12,,230,330,,,0,114,,231,90,,,0,11,,231,330,,,0
2001,'Semaine-01-0001100',2006,,233,90,,,0,11,,233,330,,,0,113,,232,90,,,0,11,,232,330,,,0
2001,'Semaine-02',718,,2760,90,,,0,12,,2760,330,,,0,113,,2761,90,,,0,13,,2761,330,,,0,152,,2762,90,,,0,12,,2762,330,,,0,114,,2763,90,,,0,12,,2763,330,,,0,154,,2764,90,,,0,12,,2764,330,,,0,113,,2765,90,,,0,12,,2765,330,,,0,114,,2766,90,,,0,52,,2766,330,,,0,114,,2767,90,,,0,12,,2767,330,,,0,114,,2768,90,,,0,11,,2768,330,,,0
2001,'Semaine-02-0001100',2006,,2770,90,,,0,11,,2770,330,,,0,113,,2769,90,,,0,11,,2769,330,,,0
2001,'Semaine-03',718,,2771,90,,,0,12,,2771,330,,,0,113,,2772,90,,,0,13,,2772,330,,,0,152,,2773,90,,,0,12,,2773,330,,,0,114,,2774,90,,,0,12,,2774,330,,,0,154,,2775,90,,,0,12,,2775,330,,,0,113,,2776,90,,,0,12,,2776,330,,,0,114,,2777,90,,,0,52,,2777,330,,,0,114,,2778,90,,,0,12,,2778,330,,,0,114,,2779,90,,,0,11,,2779,330,,,0
2001,'Semaine-03-0001100',2006,,2781,90,,,0,11,,2781,330,,,0,113,,2780,90,,,0,11,,2780,330,,,0
2801,'Semaine-01',1713,,443,480,0,7,0,39,,442,480,,,0,68,,444,480,0,7,0
2801,'Semaine-02',1658,,2980,480,0,7,0,99,,2979,480,,,0,67,,2981,480,0,7,0
2801,'Semaine-03',1713,,2994,480,0,7,0,39,,2993,480,,,0,68,,2995,480,0,7,0
2000002000,'Dimanche-01',743,,1330,10,,,0,170,,1331,10,,,0,131,,1332,10,,,0,171,,1333,10,,,0,130,,1334,10,,,0,170,,1335,10,,,0,130,,1336,10,,,0,170,,1337,10,,,0,129,,1338,10,,,0,170,,1339,10,,,0,130,,1340,10,,,0,170,,1341,10,,,0
2000002000,'Fête-1-01',743,,3622,10,,,0,170,,3623,10,,,0,131,,3624,10,,,0,171,,3625,10,,,0,130,,3626,10,,,0,170,,3627,10,,,0,130,,3628,10,,,0,170,,3629,10,,,0,129,,3630,10,,,0,170,,3631,10,,,0,130,,3632,10,,,0,170,,3633,10,,,0
2000002000,'Samedi-01',743,,1409,10,,,0,170,,1410,10,,,0,131,,1411,10,,,0,171,,1412,10,,,0,130,,1413,10,,,0,170,,1414,10,,,0,130,,1415,10,,,0,170,,1416,10,,,0,129,,1417,10,,,0,170,,1418,10,,,0,130,,1419,10,,,0,170,,1420,10,,,0
2000002000,'Semaine-01',530,,1423,10,0,11 13,0,105,,1440,10,,,0,98,,1441,10,,,0,68,,1442,10,,,0,130,,1443,10,,,0,103,,1444,10,,,0,100,,1445,10,,,0,95,,1446,10,,,0,104,,1447,10,,,0,102,,1448,10,,,0,23,,1433,10,0,11 13,0,72,,1449,10,,,0,99,,1450,10,,,0,105,,1451,10,,,0,100,,1438,10,,,0,74,,1437,10,,,0,93,,1436,10,,,0,53,,1435,10,,,0,163,,1426,10,,,0,139,,1425,10,,,0
2000002000,'Semaine-02',530,,3636,10,0,11 13,0,105,,3653,10,,,0,98,,3654,10,,,0,68,,3655,10,,,0,130,,3656,10,,,0,103,,3657,10,,,0,100,,3658,10,,,0,95,,3659,10,,,0,104,,3660,10,,,0,102,,3661,10,,,0,23,,3646,10,0,11 13,0,72,,3662,10,,,0,99,,3663,10,,,0,105,,3664,10,,,0,100,,3651,10,,,0,74,,3650,10,,,0,93,,3649,10,,,0,53,,3648,10,,,0,163,,3639,10,,,0,139,,3638,10,,,0
2000002000,'Semaine-03',530,,3667,10,0,11 13,0,105,,3684,10,,,0,98,,3685,10,,,0,68,,3686,10,,,0,130,,3687,10,,,0,103,,3688,10,,,0,100,,3689,10,,,0,95,,3690,10,,,0,104,,3691,10,,,0,102,,3692,10,,,0,23,,3677,10,0,11 13,0,72,,3693,10,,,0,99,,3694,10,,,0,105,,3695,10,,,0,100,,3682,10,,,0,74,,3681,10,,,0,93,,3680,10,,,0,53,,3679,10,,,0,163,,3670,10,,,0,139,,3669,10,,,0
