'SO-A24-SOGTFS-Dimanche-11',100,53500,,'',0,20500,,'',0,16500,,'',0,12500,,'',0,12500,,'',0,16500,,'',0,12000,,'',0,16000,,'',0,12500,,'',0,17500,,'',0,11500,,'',0,11500,,'',0
'SO-A24-SOGTFS-Dimanche-11',101,83300,4,'',0,20600,4,'',0,16600,4,'',0,12500,4,'',0,12500,4,'',0,16500,4,'',0,12000,4,'',0,16000,4,'',0,12400,4,'',0,13500,4,'',0,15500,4,'',0,11500,4,'',0
'SO-A24-SOGTFS-Fête-1-04',100,53500,,'',0,20500,,'',0,16500,,'',0,12500,,'',0,12500,,'',0,16500,,'',0,12000,,'',0,16000,,'',0,12500,,'',0,17500,,'',0,11500,,'',0,11500,,'',0
'SO-A24-SOGTFS-Fête-1-04',101,83300,4,'',0,20600,4,'',0,16600,4,'',0,12500,4,'',0,12500,4,'',0,16500,4,'',0,12000,4,'',0,16000,4,'',0,12400,4,'',0,13500,4,'',0,15500,4,'',0,11500,4,'',0
'SO-A24-SOGTFS-Fête-2-02',100,41700,,'',0,10300,,'',0,2500,,'',0,8500,,'',0,11000,,'',0,10500,,'',0,10000,,'',0,10000,,'',0,10000,,'',0,10000,,'',0,10000,,'',0,10000,,'',0,10000,,'',0,6500,,'',0,11000,,'',0,9400,,'',0,12600,,'',0,18500,,'',0
'SO-A24-SOGTFS-Fête-2-02',101,73400,4,'',0,10000,4,'',0,2500,4,'',0,9000,4,'',0,10900,4,'',0,10000,4,'',0,10000,4,'',0,10000,4,'',0,14400,4,'',0,10100,4,'',0,10500,4,'',0,9900,4,'',0,9900,4,'',0,2700,4,'',0,9700,4,'',0,8600,4,'',0,12600,4,'',0,17400,4,'',0
'SO-A24-SOGTFS-Samedi-11',100,53500,,'',0,20500,,'',0,16500,,'',0,12500,,'',0,12500,,'',0,16500,,'',0,12000,,'',0,16000,,'',0,12500,,'',0,17500,,'',0,11500,,'',0,11500,,'',0
'SO-A24-SOGTFS-Samedi-11',101,83300,4,'',0,20600,4,'',0,16600,4,'',0,12500,4,'',0,12500,4,'',0,16500,4,'',0,12000,4,'',0,16000,4,'',0,12400,4,'',0,13500,4,'',0,15500,4,'',0,11500,4,'',0
'SO-A24-SOGTFS-Semaine-02',100,41700,,'',0,10300,,'',0,2500,,'',0,8500,,'',0,11000,,'',0,10500,,'',0,10000,,'',0,10000,,'',0,10000,,'',0,10000,,'',0,10000,,'',0,10000,,'',0,10000,,'',0,6500,,'',0,11000,,'',0,9400,,'',0,12600,,'',0,18500,,'',0
'SO-A24-SOGTFS-Semaine-02',101,73400,4,'',0,10000,4,'',0,2500,4,'',0,9000,4,'',0,10900,4,'',0,10000,4,'',0,10000,4,'',0,10000,4,'',0,14400,4,'',0,10100,4,'',0,10500,4,'',0,9900,4,'',0,9900,4,'',0,2700,4,'',0,9700,4,'',0,8600,4,'',0,12600,4,'',0,17400,4,'',0
