100,'Dimanche-01',558,,12,50,,,0,200,,1,50,,,0,165,,2,50,,,0,130,,3,50,,,0,165,,4,50,,,0,124,,5,50,,,0,160,,6,50,,,0,120,,7,50,,,0,124,,8,50,,,0,175,,9,50,,,0,115,,10,50,,,0,115,,11,50,,,0
100,'Fête-1-01',558,,24,50,,,0,200,,13,50,,,0,165,,14,50,,,0,130,,15,50,,,0,165,,16,50,,,0,124,,17,50,,,0,160,,18,50,,,0,120,,19,50,,,0,124,,20,50,,,0,175,,21,50,,,0,115,,22,50,,,0,115,,23,50,,,0
100,'Fête-2-02',440,,25,50,,,0,103,,26,50,,,0,65,,27,50,,,0,41,,28,50,,,0,160,,29,50,,,0,105,,32,50,,,0,95,,41,50,,,0,100,,33,50,,,0,100,,42,50,,,0,40,,34,50,,,0,100,,35,50,,,0,100,,39,50,,,0,110,,36,50,,,0,75,,37,50,,,0,109,,30,50,,,0,95,,31,50,,,0,174,,40,50,,,0,145,,38,50,,,0
100,'Samedi-01',558,,54,50,,,0,200,,43,50,,,0,165,,44,50,,,0,130,,45,50,,,0,165,,46,50,,,0,124,,47,50,,,0,160,,48,50,,,0,120,,49,50,,,0,124,,50,50,,,0,175,,51,50,,,0,115,,52,50,,,0,115,,53,50,,,0
100,'Semaine-01',440,,55,50,,,0,103,,56,50,,,0,65,,57,50,,,0,41,,58,50,,,0,160,,59,50,,,0,106,,62,50,,,0,94,,71,50,,,0,101,,63,50,,,0,99,,72,50,,,0,38,,64,50,,,0,102,,65,50,,,0,100,,69,50,,,0,110,,66,50,,,0,75,,67,50,,,0,109,,60,50,,,0,95,,61,50,,,0,174,,70,50,,,0,145,,68,50,,,0
2000,'Dimanche-01',648,,146,10,,,0,164,,147,10,,,0,125,,148,10,,,0,165,,149,10,,,0,125,,150,10,,,0,125,,151,10,,,0,165,,152,10,,,0,125,,153,10,,,0
2000,'Fête-1-01',648,,154,10,,,0,164,,155,10,,,0,125,,156,10,,,0,165,,157,10,,,0,125,,158,10,,,0,125,,159,10,,,0,165,,160,10,,,0,125,,161,10,,,0
2000,'Fête-2-02',630,,162,10,,,0,125,,163,10,,,0,165,,164,10,,,0,126,,165,10,,,0,166,,166,10,,,0,125,,167,10,,,0,166,,168,10,,,0,126,,169,10,,,0,126,,170,10,,,0
2000,'Samedi-01',648,,171,10,,,0,164,,172,10,,,0,125,,173,10,,,0,165,,174,10,,,0,125,,175,10,,,0,125,,176,10,,,0,165,,177,10,,,0,125,,178,10,,,0
2000,'Semaine-01',630,,179,10,,,0,125,,180,10,,,0,165,,181,10,,,0,126,,182,10,,,0,166,,183,10,,,0,125,,184,10,,,0,166,,185,10,,,0,126,,186,10,,,0,126,,187,10,,,0
2000,'Semaine-01-0001100',1921,,189,10,,,0,124,,188,10,,,0
2800,'Fête-2-02',603,,403,10,,,0
2800,'Semaine-01',603,,413,10,,,0
