101,'Dimanche-01',743,,73,330,,,0,206,,74,330,,,0,171,,75,330,,,0,133,,76,330,,,0,167,,77,330,,,0,120,,78,330,,,0,160,,79,330,,,0,120,,80,330,,,0,117,,81,330,,,0,174,,82,330,,,0,114,,83,330,,,0,113,,84,330,,,0
101,'Fête-1-01',743,,2674,330,,,0,206,,2675,330,,,0,171,,2676,330,,,0,133,,2677,330,,,0,167,,2678,330,,,0,120,,2679,330,,,0,160,,2680,330,,,0,120,,2681,330,,,0,117,,2682,330,,,0,174,,2683,330,,,0,114,,2684,330,,,0,113,,2685,330,,,0
101,'Samedi-01',743,,115,330,,,0,206,,116,330,,,0,171,,117,330,,,0,133,,118,330,,,0,167,,119,330,,,0,120,,120,330,,,0,160,,121,330,,,0,120,,122,330,,,0,117,,123,330,,,0,174,,124,330,,,0,114,,125,330,,,0,113,,126,330,,,0
101,'Semaine-01',642,,127,330,,,0,101,,136,330,,,0,70,,138,330,,,0,90,,139,330,,,0,111,,140,330,,,0,105,,141,330,,,0,95,,143,330,,,0,104,,142,330,,,0,106,,144,330,,,0,81,,128,330,,,0,103,,129,330,,,0,96,,130,330,,,0,107,,131,330,,,0,34,,132,330,,,0,103,,133,330,,,0,83,,134,330,,,0,173,,135,330,,,0,135,,137,330,,,0
101,'Semaine-02',637,,2686,330,,,0,101,,2695,330,,,0,70,,2697,330,,,0,100,,2698,330,,,0,106,,2699,330,,,0,95,,2700,330,,,0,100,,2702,330,,,0,99,,2701,330,,,0,111,,2703,330,,,0,86,,2687,330,,,0,108,,2688,330,,,0,91,,2689,330,,,0,107,,2690,330,,,0,29,,2691,330,,,0,69,,2692,330,,,0,108,,2693,330,,,0,142,,2694,330,,,0,190,,2696,330,,,0
101,'Semaine-03',642,,2704,330,,,0,101,,2713,330,,,0,70,,2715,330,,,0,90,,2716,330,,,0,111,,2717,330,,,0,105,,2718,330,,,0,95,,2720,330,,,0,104,,2719,330,,,0,106,,2721,330,,,0,81,,2705,330,,,0,103,,2706,330,,,0,96,,2707,330,,,0,107,,2708,330,,,0,34,,2709,330,,,0,103,,2710,330,,,0,83,,2711,330,,,0,173,,2712,330,,,0,135,,2714,330,,,0
2301,'Semaine-01',1605,,310,340,,,0,25,,311,340,,,0,70,,312,340,,,0,30,,313,340,,,0,27,,314,340,,,0,69,,315,340,,,0,29,,316,340,,,0
2301,'Semaine-02',1605,,2852,340,,,0,25,,2853,340,,,0,70,,2854,340,,,0,30,,2855,340,,,0,22,,2856,340,,,0,74,,2857,340,,,0,29,,2858,340,,,0
2301,'Semaine-03',1605,,2859,340,,,0,25,,2860,340,,,0,70,,2861,340,,,0,30,,2862,340,,,0,27,,2863,340,,,0,69,,2864,340,,,0,29,,2865,340,,,0
3300,'Dimanche-01',553,,682,240,,,0,82,,680,240,,,0,90,,691,240,,,0,81,,701,240,,,0,43,,703,240,,,0,93,,704,240,,,0,80,,705,240,,,0,80,,706,240,,,0,40,,707,240,,,0,80,,683,240,,,0,80,,684,240,,,0,39,,685,240,,,0,80,,686,240,,,0,80,,687,240,,,0,39,,688,240,,,0,79,,689,240,,,0,39,,690,240,,,0,79,,692,240,,,0,79,,693,240,,,0,40,,694,240,,,0,87,,695,240,,,0,85,,696,240,,,0,86,,697,240,,,0,87,,698,240,,,0,46,,699,240,,,0,83,,700,240,,,0,88,,681,240,,,0,83,,702,240,,,0,119,,708,240,0,8 6,0
3300,'Fête-1-01',613,,3181,240,,,0,41,,3179,240,,,0,81,,3190,240,,,0,82,,3200,240,,,0,42,,3202,240,,,0,84,,3203,240,,,0,81,,3204,240,,,0,82,,3205,240,,,0,42,,3206,240,,,0,82,,3182,240,,,0,82,,3183,240,,,0,42,,3184,240,,,0,82,,3185,240,,,0,82,,3186,240,,,0,82,,3187,240,,,0,42,,3188,240,,,0,82,,3189,240,,,0,85,,3191,240,,,0,39,,3192,240,,,0,82,,3193,240,,,0,82,,3194,240,,,0,39,,3195,240,,,0,82,,3196,240,,,0,81,,3197,240,,,0,42,,3198,240,,,0,83,,3199,240,,,0,86,,3201,240,,,0,86,,3180,240,,,0,113,,3207,240,0,8 6,0
3300,'Samedi-01',613,,769,240,,,0,41,,767,240,,,0,81,,778,240,,,0,82,,788,240,,,0,42,,790,240,,,0,84,,791,240,,,0,81,,792,240,,,0,82,,793,240,,,0,42,,794,240,,,0,82,,770,240,,,0,82,,771,240,,,0,42,,772,240,,,0,82,,773,240,,,0,82,,774,240,,,0,82,,775,240,,,0,42,,776,240,,,0,82,,777,240,,,0,85,,779,240,,,0,39,,780,240,,,0,82,,781,240,,,0,82,,782,240,,,0,39,,783,240,,,0,82,,784,240,,,0,81,,785,240,,,0,42,,786,240,,,0,83,,787,240,,,0,86,,789,240,,,0,86,,768,240,,,0,113,,795,240,0,8 6,0
3300,'Semaine-01',620,,796,240,,,0,80,,824,240,,,0,41,,805,240,,,0,80,,815,240,,,0,80,,818,240,,,0,40,,819,240,,,0,80,,820,240,,,0,82,,821,240,,,0,41,,822,240,,,0,83,,797,240,,,0,83,,798,240,,,0,43,,799,240,,,0,82,,800,240,,,0,83,,801,240,,,0,86,,802,240,,,0,45,,803,240,,,0,85,,804,240,,,0,84,,806,240,,,0,82,,807,240,,,0,43,,808,240,,,0,82,,809,240,,,0,80,,810,240,,,0,40,,811,240,,,0,79,,812,240,,,0,80,,813,240,,,0,40,,814,240,,,0,80,,816,240,,,0,80,,817,240,,,0,96,,823,190,0,8 6,0
3300,'Semaine-02',615,,3208,240,,,0,41,,3236,240,,,0,82,,3217,240,,,0,82,,3227,240,,,0,82,,3230,240,,,0,42,,3231,240,,,0,82,,3232,240,,,0,83,,3233,240,,,0,43,,3234,240,,,0,83,,3209,240,,,0,83,,3210,240,,,0,83,,3211,240,,,0,43,,3212,240,,,0,85,,3213,240,,,0,87,,3214,240,,,0,87,,3215,240,,,0,45,,3216,240,,,0,83,,3218,240,,,0,81,,3219,240,,,0,41,,3220,240,,,0,81,,3221,240,,,0,81,,3222,240,,,0,41,,3223,240,,,0,80,,3224,240,,,0,80,,3225,240,,,0,40,,3226,240,,,0,80,,3228,240,,,0,80,,3229,240,,,0,85,,3235,190,0,8 6,0
3300,'Semaine-03',620,,3237,240,,,0,80,,3265,240,,,0,41,,3246,240,,,0,80,,3256,240,,,0,80,,3259,240,,,0,40,,3260,240,,,0,80,,3261,240,,,0,82,,3262,240,,,0,41,,3263,240,,,0,83,,3238,240,,,0,83,,3239,240,,,0,43,,3240,240,,,0,82,,3241,240,,,0,83,,3242,240,,,0,86,,3243,240,,,0,45,,3244,240,,,0,85,,3245,240,,,0,84,,3247,240,,,0,82,,3248,240,,,0,43,,3249,240,,,0,82,,3250,240,,,0,80,,3251,240,,,0,40,,3252,240,,,0,79,,3253,240,,,0,80,,3254,240,,,0,40,,3255,240,,,0,80,,3257,240,,,0,80,,3258,240,,,0,96,,3264,190,0,8 6,0
