101,'Dimanche-01',740,,73,270,,,0,206,,74,270,,,0,171,,75,270,,,0,133,,76,270,,,0,167,,77,270,,,0,120,,78,270,,,0,120,,79,270,,,0,160,,80,270,,,0,117,,81,270,,,0,174,,82,270,,,0,114,,83,270,,,0,113,,84,270,,,0
101,'Samedi-01',740,,115,270,,,0,206,,116,270,,,0,171,,117,270,,,0,133,,118,270,,,0,167,,119,270,,,0,120,,120,270,,,0,120,,121,270,,,0,160,,122,270,,,0,117,,123,270,,,0,174,,124,270,,,0,114,,125,270,,,0,113,,126,270,,,0
101,'Semaine-01',639,,127,270,,,0,6,,145,140,,,0,95,,136,270,,,0,70,,138,270,,,0,90,,139,270,,,0,111,,140,270,,,0,105,,141,270,,,0,95,,143,270,,,0,103,,142,270,,,0,106,,144,270,,,0,81,,128,270,,,0,103,,129,270,,,0,96,,130,270,,,0,107,,131,270,,,0,34,,132,270,,,0,103,,133,270,,,0,84,,134,270,,,0,173,,135,270,,,0,135,,137,270,,,0
2301,'Semaine-01',1601,,310,280,,,0,25,,311,280,,,0,30,,312,280,,,0,70,,313,280,,,0,28,,314,280,,,0,69,,315,280,,,0,29,,316,280,,,0
2401,'Semaine-01',1648,,332,180,,,0,85,,333,180,,,0,85,,336,180,,,0,21,,335,180,,,0,64,,334,180,,,0
2801,'Semaine-01',1405,,445,210,0,6,0,150,,451,210,0,6,0,61,,454,210,0,6,0,10,,458,210,0,6,0,12,,455,210,0,6,0,15,,443,210,0,7,0,5,,456,210,0,6,0,50,,457,210,0,6,0,10,,446,210,0,6,0,9,,447,210,0,6,0,10,,442,210,,,0,10,,448,210,0,6,0,8,,449,210,0,6,0,50,,444,210,0,7,0,14,,450,210,0,6,0,10,,452,210,0,6,0,25,,453,210,0,6,0
3300,'Dimanche-01',546,,682,150,,,0,82,,680,150,,,0,90,,691,150,,,0,41,,701,150,,,0,83,,703,150,,,0,93,,704,150,,,0,80,,705,150,,,0,40,,706,150,,,0,80,,707,150,,,0,80,,683,150,,,0,40,,684,150,,,0,79,,685,150,,,0,80,,686,150,,,0,40,,687,150,,,0,79,,688,150,,,0,79,,689,150,,,0,39,,690,150,,,0,79,,692,150,,,0,79,,693,150,,,0,40,,694,150,,,0,87,,695,150,,,0,85,,696,150,,,0,86,,697,150,,,0,47,,698,150,,,0,86,,699,150,,,0,83,,700,150,,,0,88,,681,150,,,0,43,,702,150,,,0,159,,708,150,0,8 6,0
3300,'Samedi-01',606,,769,150,,,0,41,,767,150,,,0,81,,778,150,,,0,82,,788,150,,,0,42,,790,150,,,0,84,,791,150,,,0,81,,792,150,,,0,42,,793,150,,,0,82,,794,150,,,0,82,,770,150,,,0,82,,771,150,,,0,42,,772,150,,,0,82,,773,150,,,0,82,,774,150,,,0,42,,775,150,,,0,82,,776,150,,,0,82,,777,150,,,0,85,,779,150,,,0,39,,780,150,,,0,82,,781,150,,,0,82,,782,150,,,0,39,,783,150,,,0,82,,784,150,,,0,81,,785,150,,,0,42,,786,150,,,0,83,,787,150,,,0,86,,789,150,,,0,86,,768,150,,,0,113,,795,150,0,8 6,0
3300,'Semaine-01',613,,796,150,,,0,40,,824,150,,,0,81,,805,150,,,0,80,,815,150,,,0,40,,818,150,,,0,79,,819,150,,,0,80,,820,150,,,0,42,,821,150,,,0,81,,822,150,,,0,83,,797,150,,,0,83,,798,150,,,0,43,,799,150,,,0,82,,800,150,,,0,83,,801,150,,,0,46,,802,150,,,0,85,,803,150,,,0,85,,804,150,,,0,84,,806,150,,,0,43,,807,150,,,0,83,,808,150,,,0,82,,809,150,,,0,40,,810,150,,,0,80,,811,150,,,0,80,,812,150,,,0,40,,813,150,,,0,80,,814,150,,,0,80,,816,150,,,0,40,,817,150,,,0,96,,823,100,0,8 6,0
9001,'Semaine-01',1846,,828,180,,,0
