2000002300,'Dimanche-01',551,,1719,120,,,0,79,,1721,120,,,0,74,,1722,120,,,0,101,,1723,120,,,0,41,,1724,120,,,0,75,,1725,120,,,0,107,,1726,120,,,0,97,,1727,120,,,0,95,,1728,120,,,0,82,,1729,120,,,0,37,,1730,120,,,0,83,,1731,120,,,0,79,,1732,120,,,0,42,,1733,120,,,0,78,,1734,120,,,0,80,,1735,120,,,0,39,,1736,120,,,0,82,,1737,120,,,0,36,,1738,120,,,0,146,,1739,120,,,0,109,,1740,120,,,0,112,,1741,120,,,0,104,,1742,120,,,0,111,,1743,120,,,0,102,,1720,120,,,0
2000002300,'Fête-1-01',553,,3847,120,,,0,83,,3849,120,,,0,81,,3850,120,,,0,35,,3851,120,,,0,87,,3852,120,,,0,84,,3853,120,,,0,81,,3854,120,,,0,53,,3855,120,,,0,90,,3856,120,,,0,85,,3857,120,,,0,79,,3858,120,,,0,41,,3859,120,,,0,83,,3860,120,,,0,85,,3861,120,,,0,39,,3862,120,,,0,85,,3863,120,,,0,83,,3864,120,,,0,80,,3865,120,,,0,40,,3866,120,,,0,85,,3867,120,,,0,87,,3868,120,,,0,104,,3869,120,,,0,80,,3870,120,,,0,32,,3871,120,,,0,104,,3872,120,,,0,111,,3873,120,,,0,96,,3848,120,,,0
2000002300,'Samedi-01',553,,1799,120,,,0,83,,1801,120,,,0,81,,1802,120,,,0,35,,1803,120,,,0,87,,1804,120,,,0,84,,1805,120,,,0,81,,1806,120,,,0,53,,1807,120,,,0,90,,1808,120,,,0,85,,1809,120,,,0,79,,1810,120,,,0,41,,1811,120,,,0,83,,1812,120,,,0,85,,1813,120,,,0,39,,1814,120,,,0,85,,1815,120,,,0,83,,1816,120,,,0,80,,1817,120,,,0,40,,1818,120,,,0,85,,1819,120,,,0,87,,1820,120,,,0,104,,1821,120,,,0,80,,1822,120,,,0,32,,1823,120,,,0,104,,1824,120,,,0,111,,1825,120,,,0,96,,1800,120,,,0
2000002300,'Semaine-01',600,,1826,120,,,0,40,,1827,120,,,0,80,,1851,120,,,0,81,,1852,120,,,0,39,,1828,120,,,0,80,,1850,120,,,0,80,,1848,120,,,0,41,,1847,120,,,0,82,,1849,120,,,0,83,,1846,120,,,0,43,,1843,120,,,0,83,,1845,120,,,0,82,,1844,120,,,0,42,,1842,120,,,0,85,,1841,120,,,0,85,,1840,120,,,0,86,,1839,120,,,0,45,,1838,120,,,0,85,,1837,120,,,0,82,,1836,120,,,0,82,,1835,120,,,0,39,,1834,120,,,0,80,,1833,120,,,0,80,,1832,120,,,0,40,,1831,120,,,0,80,,1830,120,,,0,80,,1829,120,,,0,121,,1853,120,,,0
2000002300,'Semaine-02',600,,3874,120,,,0,40,,3875,120,,,0,80,,3899,120,,,0,81,,3900,120,,,0,39,,3876,120,,,0,80,,3898,120,,,0,80,,3896,120,,,0,41,,3895,120,,,0,82,,3897,120,,,0,83,,3894,120,,,0,43,,3891,120,,,0,83,,3893,120,,,0,82,,3892,120,,,0,42,,3890,120,,,0,85,,3889,120,,,0,85,,3888,120,,,0,86,,3887,120,,,0,45,,3886,120,,,0,85,,3885,120,,,0,82,,3884,120,,,0,82,,3883,120,,,0,39,,3882,120,,,0,80,,3881,120,,,0,80,,3880,120,,,0,40,,3879,120,,,0,80,,3878,120,,,0,80,,3877,120,,,0,121,,3901,120,,,0
2000002300,'Semaine-03',600,,3902,120,,,0,40,,3903,120,,,0,80,,3927,120,,,0,81,,3928,120,,,0,39,,3904,120,,,0,80,,3926,120,,,0,80,,3924,120,,,0,41,,3923,120,,,0,82,,3925,120,,,0,83,,3922,120,,,0,43,,3919,120,,,0,83,,3921,120,,,0,82,,3920,120,,,0,42,,3918,120,,,0,85,,3917,120,,,0,85,,3916,120,,,0,86,,3915,120,,,0,45,,3914,120,,,0,85,,3913,120,,,0,82,,3912,120,,,0,82,,3911,120,,,0,39,,3910,120,,,0,80,,3909,120,,,0,80,,3908,120,,,0,40,,3907,120,,,0,80,,3906,120,,,0,80,,3905,120,,,0,121,,3929,120,,,0
2000002301,'Dimanche-01',616,,1854,120,,,0,34,,1864,120,,,0,80,,1859,120,,,0,101,,1869,120,,,0,76,,1865,120,,,0,40,,1858,120,,,0,107,,1860,120,,,0,97,,1861,120,,,0,95,,1868,120,,,0,75,,1862,120,,,0,84,,1857,120,,,0,38,,1870,120,,,0,84,,1863,120,,,0,77,,1867,120,,,0,43,,1866,120,,,0,79,,1856,120,,,0,80,,1871,120,,,0,37,,1872,120,,,0,81,,1877,120,,,0,106,,1874,120,,,0,109,,1873,120,,,0,112,,1878,120,,,0,104,,1876,120,,,0,151,,1875,120,,,0,102,,1855,120,,,0
2000002301,'Fête-1-01',619,,3930,120,,,0,83,,3940,120,,,0,36,,3935,120,,,0,75,,3946,120,,,0,92,,3941,120,,,0,40,,3934,120,,,0,85,,3943,120,,,0,88,,3936,120,,,0,95,,3937,120,,,0,40,,3945,120,,,0,84,,3938,120,,,0,76,,3933,120,,,0,88,,3947,120,,,0,40,,3939,120,,,0,84,,3944,120,,,0,80,,3942,120,,,0,48,,3932,120,,,0,75,,3948,120,,,0,85,,3949,120,,,0,40,,3954,120,,,0,92,,3951,120,,,0,104,,3950,120,,,0,72,,3955,120,,,0,80,,3956,120,,,0,104,,3953,120,,,0,111,,3952,120,,,0,96,,3931,120,,,0
2000002301,'Samedi-01',619,,1935,120,,,0,83,,1945,120,,,0,36,,1940,120,,,0,75,,1951,120,,,0,92,,1946,120,,,0,40,,1939,120,,,0,85,,1948,120,,,0,88,,1941,120,,,0,95,,1942,120,,,0,40,,1950,120,,,0,84,,1943,120,,,0,76,,1938,120,,,0,88,,1952,120,,,0,40,,1944,120,,,0,84,,1949,120,,,0,80,,1947,120,,,0,48,,1937,120,,,0,75,,1953,120,,,0,85,,1954,120,,,0,40,,1959,120,,,0,92,,1956,120,,,0,104,,1955,120,,,0,72,,1960,120,,,0,80,,1961,120,,,0,104,,1958,120,,,0,111,,1957,120,,,0,96,,1936,120,,,0
2000002301,'Semaine-01',626,,1990,120,,,0,80,,1987,120,,,0,40,,1988,120,,,0,80,,1989,120,,,0,80,,1985,120,,,0,40,,1986,120,,,0,80,,1983,120,,,0,81,,1982,120,,,0,42,,1984,120,,,0,83,,1980,120,,,0,83,,1977,120,,,0,43,,1981,120,,,0,82,,1979,120,,,0,82,,1978,120,,,0,85,,1976,120,,,0,45,,1975,120,,,0,86,,1974,120,,,0,85,,1973,120,,,0,85,,1972,120,,,0,42,,1971,120,,,0,82,,1970,120,,,0,79,,1969,120,,,0,40,,1968,120,,,0,80,,1967,120,,,0,80,,1966,120,,,0,40,,1965,120,,,0,80,,1964,120,,,0,74,,1963,120,,,0,98,,1962,120,,,0
2000002301,'Semaine-02',626,,3985,120,,,0,80,,3982,120,,,0,40,,3983,120,,,0,80,,3984,120,,,0,80,,3980,120,,,0,40,,3981,120,,,0,80,,3978,120,,,0,81,,3977,120,,,0,42,,3979,120,,,0,83,,3975,120,,,0,83,,3972,120,,,0,43,,3976,120,,,0,82,,3974,120,,,0,82,,3973,120,,,0,85,,3971,120,,,0,45,,3970,120,,,0,86,,3969,120,,,0,85,,3968,120,,,0,85,,3967,120,,,0,42,,3966,120,,,0,82,,3965,120,,,0,79,,3964,120,,,0,40,,3963,120,,,0,80,,3962,120,,,0,80,,3961,120,,,0,40,,3960,120,,,0,80,,3959,120,,,0,74,,3958,120,,,0,98,,3957,120,,,0
2000002301,'Semaine-03',626,,4014,120,,,0,80,,4011,120,,,0,40,,4012,120,,,0,80,,4013,120,,,0,80,,4009,120,,,0,40,,4010,120,,,0,80,,4007,120,,,0,81,,4006,120,,,0,42,,4008,120,,,0,83,,4004,120,,,0,83,,4001,120,,,0,43,,4005,120,,,0,82,,4003,120,,,0,82,,4002,120,,,0,85,,4000,120,,,0,45,,3999,120,,,0,86,,3998,120,,,0,85,,3997,120,,,0,85,,3996,120,,,0,42,,3995,120,,,0,82,,3994,120,,,0,79,,3993,120,,,0,40,,3992,120,,,0,80,,3991,120,,,0,80,,3990,120,,,0,40,,3989,120,,,0,80,,3988,120,,,0,74,,3987,120,,,0,98,,3986,120,,,0
