101,'Dimanche-01',742,,73,310,,,0,206,,74,310,,,0,171,,75,310,,,0,133,,76,310,,,0,167,,77,310,,,0,120,,78,310,,,0,120,,79,310,,,0,160,,80,310,,,0,117,,81,310,,,0,174,,82,310,,,0,114,,83,310,,,0,113,,84,310,,,0
101,'Fête-1-01',742,,2674,310,,,0,206,,2675,310,,,0,171,,2676,310,,,0,133,,2677,310,,,0,167,,2678,310,,,0,120,,2679,310,,,0,120,,2680,310,,,0,160,,2681,310,,,0,117,,2682,310,,,0,174,,2683,310,,,0,114,,2684,310,,,0,113,,2685,310,,,0
101,'Samedi-01',742,,115,310,,,0,206,,116,310,,,0,171,,117,310,,,0,133,,118,310,,,0,167,,119,310,,,0,120,,120,310,,,0,120,,121,310,,,0,160,,122,310,,,0,117,,123,310,,,0,174,,124,310,,,0,114,,125,310,,,0,113,,126,310,,,0
101,'Semaine-01',641,,127,310,,,0,101,,136,310,,,0,70,,138,310,,,0,90,,139,310,,,0,111,,140,310,,,0,105,,141,310,,,0,95,,143,310,,,0,103,,142,310,,,0,106,,144,310,,,0,81,,128,310,,,0,103,,129,310,,,0,96,,130,310,,,0,107,,131,310,,,0,34,,132,310,,,0,103,,133,310,,,0,84,,134,310,,,0,173,,135,310,,,0,135,,137,310,,,0
101,'Semaine-02',636,,2686,310,,,0,101,,2695,310,,,0,70,,2697,310,,,0,100,,2698,310,,,0,106,,2699,310,,,0,95,,2700,310,,,0,100,,2702,310,,,0,98,,2701,310,,,0,111,,2703,310,,,0,86,,2687,310,,,0,108,,2688,310,,,0,91,,2689,310,,,0,107,,2690,310,,,0,29,,2691,310,,,0,69,,2692,310,,,0,108,,2693,310,,,0,143,,2694,310,,,0,190,,2696,310,,,0
101,'Semaine-03',641,,2704,310,,,0,101,,2713,310,,,0,70,,2715,310,,,0,90,,2716,310,,,0,111,,2717,310,,,0,105,,2718,310,,,0,95,,2720,310,,,0,103,,2719,310,,,0,106,,2721,310,,,0,81,,2705,310,,,0,103,,2706,310,,,0,96,,2707,310,,,0,107,,2708,310,,,0,34,,2709,310,,,0,103,,2710,310,,,0,84,,2711,310,,,0,173,,2712,310,,,0,135,,2714,310,,,0
2301,'Semaine-01',1603,,310,320,,,0,25,,311,320,,,0,30,,312,320,,,0,70,,313,320,,,0,28,,314,320,,,0,69,,315,320,,,0,29,,316,320,,,0
2301,'Semaine-02',1603,,2852,320,,,0,25,,2853,320,,,0,30,,2854,320,,,0,70,,2855,320,,,0,23,,2856,320,,,0,74,,2857,320,,,0,29,,2858,320,,,0
2301,'Semaine-03',1603,,2859,320,,,0,25,,2860,320,,,0,30,,2861,320,,,0,70,,2862,320,,,0,28,,2863,320,,,0,69,,2864,320,,,0,29,,2865,320,,,0
3300,'Dimanche-01',552,,682,220,,,0,82,,680,220,,,0,90,,691,220,,,0,81,,701,220,,,0,43,,703,220,,,0,93,,704,220,,,0,80,,705,220,,,0,80,,706,220,,,0,40,,707,220,,,0,80,,683,220,,,0,80,,684,220,,,0,39,,685,220,,,0,80,,686,220,,,0,80,,687,220,,,0,39,,688,220,,,0,79,,689,220,,,0,39,,690,220,,,0,79,,692,220,,,0,79,,693,220,,,0,40,,694,220,,,0,87,,695,220,,,0,85,,696,220,,,0,86,,697,220,,,0,87,,698,220,,,0,46,,699,220,,,0,83,,700,220,,,0,88,,681,220,,,0,83,,702,220,,,0,119,,708,220,0,8 6,0
3300,'Fête-1-01',612,,3181,220,,,0,41,,3179,220,,,0,81,,3190,220,,,0,82,,3200,220,,,0,42,,3202,220,,,0,84,,3203,220,,,0,81,,3204,220,,,0,82,,3205,220,,,0,42,,3206,220,,,0,82,,3182,220,,,0,82,,3183,220,,,0,42,,3184,220,,,0,82,,3185,220,,,0,82,,3186,220,,,0,42,,3187,220,,,0,82,,3188,220,,,0,82,,3189,220,,,0,85,,3191,220,,,0,39,,3192,220,,,0,82,,3193,220,,,0,82,,3194,220,,,0,39,,3195,220,,,0,82,,3196,220,,,0,81,,3197,220,,,0,42,,3198,220,,,0,83,,3199,220,,,0,86,,3201,220,,,0,86,,3180,220,,,0,113,,3207,220,0,8 6,0
3300,'Samedi-01',612,,769,220,,,0,41,,767,220,,,0,81,,778,220,,,0,82,,788,220,,,0,42,,790,220,,,0,84,,791,220,,,0,81,,792,220,,,0,82,,793,220,,,0,42,,794,220,,,0,82,,770,220,,,0,82,,771,220,,,0,42,,772,220,,,0,82,,773,220,,,0,82,,774,220,,,0,42,,775,220,,,0,82,,776,220,,,0,82,,777,220,,,0,85,,779,220,,,0,39,,780,220,,,0,82,,781,220,,,0,82,,782,220,,,0,39,,783,220,,,0,82,,784,220,,,0,81,,785,220,,,0,42,,786,220,,,0,83,,787,220,,,0,86,,789,220,,,0,86,,768,220,,,0,113,,795,220,0,8 6,0
3300,'Semaine-01',619,,796,220,,,0,40,,824,220,,,0,81,,805,220,,,0,80,,815,220,,,0,80,,818,220,,,0,40,,819,220,,,0,80,,820,220,,,0,82,,821,220,,,0,41,,822,220,,,0,83,,797,220,,,0,83,,798,220,,,0,43,,799,220,,,0,82,,800,220,,,0,83,,801,220,,,0,86,,802,220,,,0,45,,803,220,,,0,85,,804,220,,,0,84,,806,220,,,0,42,,807,220,,,0,83,,808,220,,,0,82,,809,220,,,0,80,,810,220,,,0,40,,811,220,,,0,79,,812,220,,,0,80,,813,220,,,0,40,,814,220,,,0,80,,816,220,,,0,80,,817,220,,,0,56,,823,170,0,8 6,0
3300,'Semaine-02',614,,3208,220,,,0,41,,3236,220,,,0,82,,3217,220,,,0,82,,3227,220,,,0,82,,3230,220,,,0,42,,3231,220,,,0,82,,3232,220,,,0,83,,3233,220,,,0,43,,3234,220,,,0,83,,3209,220,,,0,83,,3210,220,,,0,83,,3211,220,,,0,43,,3212,220,,,0,85,,3213,220,,,0,87,,3214,220,,,0,87,,3215,220,,,0,45,,3216,220,,,0,83,,3218,220,,,0,81,,3219,220,,,0,41,,3220,220,,,0,81,,3221,220,,,0,81,,3222,220,,,0,41,,3223,220,,,0,80,,3224,220,,,0,80,,3225,220,,,0,40,,3226,220,,,0,80,,3228,220,,,0,80,,3229,220,,,0,85,,3235,170,0,8 6,0
3300,'Semaine-03',619,,3237,220,,,0,40,,3265,220,,,0,81,,3246,220,,,0,80,,3256,220,,,0,80,,3259,220,,,0,40,,3260,220,,,0,80,,3261,220,,,0,82,,3262,220,,,0,41,,3263,220,,,0,83,,3238,220,,,0,83,,3239,220,,,0,43,,3240,220,,,0,82,,3241,220,,,0,83,,3242,220,,,0,86,,3243,220,,,0,45,,3244,220,,,0,85,,3245,220,,,0,84,,3247,220,,,0,42,,3248,220,,,0,83,,3249,220,,,0,82,,3250,220,,,0,80,,3251,220,,,0,40,,3252,220,,,0,79,,3253,220,,,0,80,,3254,220,,,0,40,,3255,220,,,0,80,,3257,220,,,0,80,,3258,220,,,0,56,,3264,170,0,8 6,0
