101,'Dimanche-01',745,,73,340,,,0,206,,74,340,,,0,171,,75,340,,,0,133,,76,340,,,0,167,,77,340,,,0,120,,78,340,,,0,160,,79,340,,,0,120,,80,340,,,0,117,,81,340,,,0,174,,82,340,,,0,114,,83,340,,,0,113,,84,340,,,0
101,'Fête-1-01',745,,2674,340,,,0,206,,2675,340,,,0,171,,2676,340,,,0,133,,2677,340,,,0,167,,2678,340,,,0,120,,2679,340,,,0,160,,2680,340,,,0,120,,2681,340,,,0,117,,2682,340,,,0,174,,2683,340,,,0,114,,2684,340,,,0,113,,2685,340,,,0
101,'Samedi-01',745,,115,340,,,0,206,,116,340,,,0,171,,117,340,,,0,133,,118,340,,,0,167,,119,340,,,0,120,,120,340,,,0,160,,121,340,,,0,120,,122,340,,,0,117,,123,340,,,0,174,,124,340,,,0,114,,125,340,,,0,113,,126,340,,,0
101,'Semaine-01',644,,127,340,,,0,101,,136,340,,,0,70,,138,340,,,0,90,,139,340,,,0,111,,140,340,,,0,105,,141,340,,,0,95,,143,340,,,0,104,,142,340,,,0,106,,144,340,,,0,81,,128,340,,,0,103,,129,340,,,0,96,,130,340,,,0,107,,131,340,,,0,34,,132,340,,,0,103,,133,340,,,0,83,,134,340,,,0,173,,135,340,,,0,135,,137,340,,,0
101,'Semaine-02',639,,2686,340,,,0,101,,2695,340,,,0,70,,2697,340,,,0,100,,2698,340,,,0,106,,2699,340,,,0,95,,2700,340,,,0,100,,2702,340,,,0,99,,2701,340,,,0,111,,2703,340,,,0,86,,2687,340,,,0,108,,2688,340,,,0,91,,2689,340,,,0,107,,2690,340,,,0,29,,2691,340,,,0,69,,2692,340,,,0,108,,2693,340,,,0,182,,2694,340,,,0,150,,2696,340,,,0
101,'Semaine-03',644,,2704,340,,,0,101,,2713,340,,,0,70,,2715,340,,,0,90,,2716,340,,,0,111,,2717,340,,,0,105,,2718,340,,,0,95,,2720,340,,,0,104,,2719,340,,,0,106,,2721,340,,,0,81,,2705,340,,,0,103,,2706,340,,,0,96,,2707,340,,,0,107,,2708,340,,,0,34,,2709,340,,,0,103,,2710,340,,,0,83,,2711,340,,,0,173,,2712,340,,,0,135,,2714,340,,,0
3300,'Dimanche-01',554,,682,250,,,0,82,,680,250,,,0,91,,691,250,,,0,81,,701,250,,,0,43,,703,250,,,0,93,,704,250,,,0,80,,705,250,,,0,80,,706,250,,,0,40,,707,250,,,0,80,,683,250,,,0,80,,684,250,,,0,39,,685,250,,,0,80,,686,250,,,0,80,,687,250,,,0,39,,688,250,,,0,79,,689,250,,,0,79,,690,250,,,0,39,,692,250,,,0,79,,693,250,,,0,40,,694,250,,,0,87,,695,250,,,0,85,,696,250,,,0,85,,697,250,,,0,87,,698,250,,,0,46,,699,250,,,0,83,,700,250,,,0,88,,681,250,,,0,83,,702,250,,,0,119,,708,250,0,8 6,0
3300,'Fête-1-01',614,,3181,250,,,0,41,,3179,250,,,0,82,,3190,250,,,0,82,,3200,250,,,0,82,,3202,250,,,0,44,,3203,250,,,0,81,,3204,250,,,0,82,,3205,250,,,0,42,,3206,250,,,0,82,,3182,250,,,0,82,,3183,250,,,0,42,,3184,250,,,0,82,,3185,250,,,0,82,,3186,250,,,0,82,,3187,250,,,0,42,,3188,250,,,0,82,,3189,250,,,0,85,,3191,250,,,0,39,,3192,250,,,0,82,,3193,250,,,0,82,,3194,250,,,0,39,,3195,250,,,0,81,,3196,250,,,0,81,,3197,250,,,0,42,,3198,250,,,0,83,,3199,250,,,0,86,,3201,250,,,0,86,,3180,250,,,0,113,,3207,250,0,8 6,0
3300,'Samedi-01',614,,769,250,,,0,41,,767,250,,,0,82,,778,250,,,0,82,,788,250,,,0,82,,790,250,,,0,44,,791,250,,,0,81,,792,250,,,0,82,,793,250,,,0,42,,794,250,,,0,82,,770,250,,,0,82,,771,250,,,0,42,,772,250,,,0,82,,773,250,,,0,82,,774,250,,,0,82,,775,250,,,0,42,,776,250,,,0,82,,777,250,,,0,85,,779,250,,,0,39,,780,250,,,0,82,,781,250,,,0,82,,782,250,,,0,39,,783,250,,,0,81,,784,250,,,0,81,,785,250,,,0,42,,786,250,,,0,83,,787,250,,,0,86,,789,250,,,0,86,,768,250,,,0,113,,795,250,0,8 6,0
3300,'Semaine-01',622,,796,250,,,0,80,,824,250,,,0,41,,805,250,,,0,80,,815,250,,,0,80,,818,250,,,0,40,,819,250,,,0,80,,820,250,,,0,82,,821,250,,,0,41,,822,250,,,0,83,,797,250,,,0,83,,798,250,,,0,43,,799,250,,,0,82,,800,250,,,0,83,,801,250,,,0,86,,802,250,,,0,45,,803,250,,,0,85,,804,250,,,0,84,,806,250,,,0,82,,807,250,,,0,43,,808,250,,,0,82,,809,250,,,0,80,,810,250,,,0,40,,811,250,,,0,79,,812,250,,,0,80,,813,250,,,0,40,,814,250,,,0,80,,816,250,,,0,80,,817,250,,,0,96,,823,200,0,8 6,0
3300,'Semaine-02',617,,3208,250,,,0,41,,3236,250,,,0,82,,3217,250,,,0,82,,3227,250,,,0,82,,3230,250,,,0,42,,3231,250,,,0,82,,3232,250,,,0,83,,3233,250,,,0,43,,3234,250,,,0,83,,3209,250,,,0,83,,3210,250,,,0,83,,3211,250,,,0,43,,3212,250,,,0,85,,3213,250,,,0,87,,3214,250,,,0,87,,3215,250,,,0,45,,3216,250,,,0,83,,3218,250,,,0,81,,3219,250,,,0,41,,3220,250,,,0,81,,3221,250,,,0,81,,3222,250,,,0,41,,3223,250,,,0,80,,3224,250,,,0,80,,3225,250,,,0,40,,3226,250,,,0,80,,3228,250,,,0,80,,3229,250,,,0,85,,3235,200,0,8 6,0
3300,'Semaine-03',622,,3237,250,,,0,80,,3265,250,,,0,41,,3246,250,,,0,80,,3256,250,,,0,80,,3259,250,,,0,40,,3260,250,,,0,80,,3261,250,,,0,82,,3262,250,,,0,41,,3263,250,,,0,83,,3238,250,,,0,83,,3239,250,,,0,43,,3240,250,,,0,82,,3241,250,,,0,83,,3242,250,,,0,86,,3243,250,,,0,45,,3244,250,,,0,85,,3245,250,,,0,84,,3247,250,,,0,82,,3248,250,,,0,43,,3249,250,,,0,82,,3250,250,,,0,80,,3251,250,,,0,40,,3252,250,,,0,79,,3253,250,,,0,80,,3254,250,,,0,40,,3255,250,,,0,80,,3257,250,,,0,80,,3258,250,,,0,96,,3264,200,0,8 6,0
14001,'Dimanche-01',826,,979,40,,,0,114,,980,40,,,0,115,,981,40,,,0,155,,982,40,,,0,115,,983,40,,,0,115,,984,40,,,0,160,,985,40,,,0,120,,978,40,,,0
14001,'Fête-1-01',826,,3385,40,,,0,114,,3386,40,,,0,115,,3387,40,,,0,155,,3388,40,,,0,115,,3389,40,,,0,115,,3390,40,,,0,160,,3391,40,,,0,120,,3384,40,,,0
14001,'Samedi-01',826,,1010,40,,,0,114,,1011,40,,,0,115,,1012,40,,,0,155,,1013,40,,,0,115,,1014,40,,,0,115,,1015,40,,,0,160,,1016,40,,,0,120,,1009,40,,,0
14001,'Semaine-01',735,,1029,500,,,0,165,,1019,40,,,0,120,,1020,40,,,0,121,,1021,40,,,0,165,,1022,40,,,0,125,,1023,40,,,0,125,,1024,40,,,0,165,,1025,40,,,0,125,,1026,40,,,0,160,,1027,40,,,0,114,,1028,40,,,0
14001,'Semaine-02',735,,3404,500,,,0,165,,3394,40,,,0,120,,3395,40,,,0,121,,3396,40,,,0,165,,3397,40,,,0,125,,3398,40,,,0,125,,3399,40,,,0,165,,3400,40,,,0,125,,3401,40,,,0,160,,3402,40,,,0,114,,3403,40,,,0
14001,'Semaine-03',735,,3417,500,,,0,165,,3407,40,,,0,120,,3408,40,,,0,121,,3409,40,,,0,165,,3410,40,,,0,125,,3411,40,,,0,125,,3412,40,,,0,165,,3413,40,,,0,125,,3414,40,,,0,160,,3415,40,,,0,114,,3416,40,,,0
