2000002300,'Dimanche-01',550,,1719,90,,,0,79,,1721,90,,,0,74,,1722,90,,,0,101,,1723,90,,,0,41,,1724,90,,,0,75,,1725,90,,,0,107,,1726,90,,,0,97,,1727,90,,,0,95,,1728,90,,,0,82,,1729,90,,,0,37,,1730,90,,,0,83,,1731,90,,,0,79,,1732,90,,,0,42,,1733,90,,,0,78,,1734,90,,,0,80,,1735,90,,,0,39,,1736,90,,,0,82,,1737,90,,,0,36,,1738,90,,,0,146,,1739,90,,,0,109,,1740,90,,,0,112,,1741,90,,,0,104,,1742,90,,,0,111,,1743,90,,,0,102,,1720,90,,,0
2000002300,'Fête-1-01',552,,3847,90,,,0,83,,3849,90,,,0,81,,3850,90,,,0,35,,3851,90,,,0,87,,3852,90,,,0,84,,3853,90,,,0,81,,3854,90,,,0,53,,3855,90,,,0,90,,3856,90,,,0,85,,3857,90,,,0,79,,3858,90,,,0,41,,3859,90,,,0,83,,3860,90,,,0,85,,3861,90,,,0,39,,3862,90,,,0,85,,3863,90,,,0,83,,3864,90,,,0,80,,3865,90,,,0,40,,3866,90,,,0,85,,3867,90,,,0,87,,3868,90,,,0,104,,3869,90,,,0,80,,3870,90,,,0,32,,3871,90,,,0,104,,3872,90,,,0,111,,3873,90,,,0,96,,3848,90,,,0
2000002300,'Samedi-01',552,,1799,90,,,0,83,,1801,90,,,0,81,,1802,90,,,0,35,,1803,90,,,0,87,,1804,90,,,0,84,,1805,90,,,0,81,,1806,90,,,0,53,,1807,90,,,0,90,,1808,90,,,0,85,,1809,90,,,0,79,,1810,90,,,0,41,,1811,90,,,0,83,,1812,90,,,0,85,,1813,90,,,0,39,,1814,90,,,0,85,,1815,90,,,0,83,,1816,90,,,0,80,,1817,90,,,0,40,,1818,90,,,0,85,,1819,90,,,0,87,,1820,90,,,0,104,,1821,90,,,0,80,,1822,90,,,0,32,,1823,90,,,0,104,,1824,90,,,0,111,,1825,90,,,0,96,,1800,90,,,0
2000002300,'Semaine-01',559,,1826,90,,,0,80,,1827,90,,,0,80,,1851,90,,,0,81,,1852,90,,,0,39,,1828,90,,,0,80,,1850,90,,,0,40,,1848,90,,,0,81,,1847,90,,,0,82,,1849,90,,,0,83,,1846,90,,,0,43,,1843,90,,,0,83,,1845,90,,,0,82,,1844,90,,,0,42,,1842,90,,,0,85,,1841,90,,,0,85,,1840,90,,,0,86,,1839,90,,,0,45,,1838,90,,,0,85,,1837,90,,,0,82,,1836,90,,,0,82,,1835,90,,,0,39,,1834,90,,,0,80,,1833,90,,,0,80,,1832,90,,,0,40,,1831,90,,,0,80,,1830,90,,,0,80,,1829,90,,,0,121,,1853,90,,,0
2000002300,'Semaine-02',559,,3874,90,,,0,80,,3875,90,,,0,80,,3899,90,,,0,81,,3900,90,,,0,39,,3876,90,,,0,80,,3898,90,,,0,40,,3896,90,,,0,81,,3895,90,,,0,82,,3897,90,,,0,83,,3894,90,,,0,43,,3891,90,,,0,83,,3893,90,,,0,82,,3892,90,,,0,42,,3890,90,,,0,85,,3889,90,,,0,85,,3888,90,,,0,86,,3887,90,,,0,45,,3886,90,,,0,85,,3885,90,,,0,82,,3884,90,,,0,82,,3883,90,,,0,39,,3882,90,,,0,80,,3881,90,,,0,80,,3880,90,,,0,40,,3879,90,,,0,80,,3878,90,,,0,80,,3877,90,,,0,121,,3901,90,,,0
2000002300,'Semaine-03',559,,3902,90,,,0,80,,3903,90,,,0,80,,3927,90,,,0,81,,3928,90,,,0,39,,3904,90,,,0,80,,3926,90,,,0,40,,3924,90,,,0,81,,3923,90,,,0,82,,3925,90,,,0,83,,3922,90,,,0,43,,3919,90,,,0,83,,3921,90,,,0,82,,3920,90,,,0,42,,3918,90,,,0,85,,3917,90,,,0,85,,3916,90,,,0,86,,3915,90,,,0,45,,3914,90,,,0,85,,3913,90,,,0,82,,3912,90,,,0,82,,3911,90,,,0,39,,3910,90,,,0,80,,3909,90,,,0,80,,3908,90,,,0,40,,3907,90,,,0,80,,3906,90,,,0,80,,3905,90,,,0,121,,3929,90,,,0
2000002301,'Dimanche-01',614,,1854,90,,,0,34,,1864,90,,,0,80,,1859,90,,,0,101,,1869,90,,,0,76,,1865,90,,,0,40,,1858,90,,,0,107,,1860,90,,,0,97,,1861,90,,,0,95,,1868,90,,,0,75,,1862,90,,,0,84,,1857,90,,,0,38,,1870,90,,,0,84,,1863,90,,,0,77,,1867,90,,,0,43,,1866,90,,,0,79,,1856,90,,,0,80,,1871,90,,,0,37,,1872,90,,,0,81,,1877,90,,,0,106,,1874,90,,,0,109,,1873,90,,,0,112,,1878,90,,,0,104,,1876,90,,,0,151,,1875,90,,,0,102,,1855,90,,,0
2000002301,'Fête-1-01',617,,3930,90,,,0,83,,3940,90,,,0,36,,3935,90,,,0,75,,3946,90,,,0,92,,3941,90,,,0,40,,3934,90,,,0,85,,3943,90,,,0,88,,3936,90,,,0,95,,3937,90,,,0,40,,3945,90,,,0,84,,3938,90,,,0,76,,3933,90,,,0,48,,3947,90,,,0,80,,3939,90,,,0,84,,3944,90,,,0,80,,3942,90,,,0,48,,3932,90,,,0,75,,3948,90,,,0,85,,3949,90,,,0,40,,3954,90,,,0,92,,3951,90,,,0,104,,3950,90,,,0,72,,3955,90,,,0,40,,3956,90,,,0,144,,3953,90,,,0,111,,3952,90,,,0,96,,3931,90,,,0
2000002301,'Samedi-01',617,,1935,90,,,0,83,,1945,90,,,0,36,,1940,90,,,0,75,,1951,90,,,0,92,,1946,90,,,0,40,,1939,90,,,0,85,,1948,90,,,0,88,,1941,90,,,0,95,,1942,90,,,0,40,,1950,90,,,0,84,,1943,90,,,0,76,,1938,90,,,0,48,,1952,90,,,0,80,,1944,90,,,0,84,,1949,90,,,0,80,,1947,90,,,0,48,,1937,90,,,0,75,,1953,90,,,0,85,,1954,90,,,0,40,,1959,90,,,0,92,,1956,90,,,0,104,,1955,90,,,0,72,,1960,90,,,0,40,,1961,90,,,0,144,,1958,90,,,0,111,,1957,90,,,0,96,,1936,90,,,0
2000002301,'Semaine-01',624,,1990,90,,,0,80,,1987,90,,,0,40,,1988,90,,,0,80,,1989,90,,,0,80,,1985,90,,,0,40,,1986,90,,,0,80,,1983,90,,,0,81,,1982,90,,,0,42,,1984,90,,,0,83,,1980,90,,,0,83,,1977,90,,,0,43,,1981,90,,,0,82,,1979,90,,,0,82,,1978,90,,,0,85,,1976,90,,,0,45,,1975,90,,,0,86,,1974,90,,,0,85,,1973,90,,,0,85,,1972,90,,,0,42,,1971,90,,,0,82,,1970,90,,,0,79,,1969,90,,,0,40,,1968,90,,,0,80,,1967,90,,,0,80,,1966,90,,,0,40,,1965,90,,,0,80,,1964,90,,,0,74,,1963,90,,,0,98,,1962,90,,,0
2000002301,'Semaine-02',624,,3985,90,,,0,80,,3982,90,,,0,40,,3983,90,,,0,80,,3984,90,,,0,80,,3980,90,,,0,40,,3981,90,,,0,80,,3978,90,,,0,81,,3977,90,,,0,42,,3979,90,,,0,83,,3975,90,,,0,83,,3972,90,,,0,43,,3976,90,,,0,82,,3974,90,,,0,82,,3973,90,,,0,85,,3971,90,,,0,45,,3970,90,,,0,86,,3969,90,,,0,85,,3968,90,,,0,85,,3967,90,,,0,42,,3966,90,,,0,82,,3965,90,,,0,79,,3964,90,,,0,40,,3963,90,,,0,80,,3962,90,,,0,80,,3961,90,,,0,40,,3960,90,,,0,80,,3959,90,,,0,74,,3958,90,,,0,98,,3957,90,,,0
2000002301,'Semaine-03',624,,4014,90,,,0,80,,4011,90,,,0,40,,4012,90,,,0,80,,4013,90,,,0,80,,4009,90,,,0,40,,4010,90,,,0,80,,4007,90,,,0,81,,4006,90,,,0,42,,4008,90,,,0,83,,4004,90,,,0,83,,4001,90,,,0,43,,4005,90,,,0,82,,4003,90,,,0,82,,4002,90,,,0,85,,4000,90,,,0,45,,3999,90,,,0,86,,3998,90,,,0,85,,3997,90,,,0,85,,3996,90,,,0,42,,3995,90,,,0,82,,3994,90,,,0,79,,3993,90,,,0,40,,3992,90,,,0,80,,3991,90,,,0,80,,3990,90,,,0,40,,3989,90,,,0,80,,3988,90,,,0,74,,3987,90,,,0,98,,3986,90,,,0
