100,'Dimanche-01',634,,12,570,,,0,200,,1,570,,,0,166,,2,570,,,0,130,,3,570,,,0,125,,4,570,,,0,163,,5,570,,,0,119,,6,570,,,0,120,,7,570,,,0,163,,8,570,,,0,135,,9,570,,,0,155,,10,570,,,0,115,,11,570,,,0
100,'Fête-1-01',634,,2637,570,,,0,200,,2626,570,,,0,166,,2627,570,,,0,130,,2628,570,,,0,125,,2629,570,,,0,163,,2630,570,,,0,119,,2631,570,,,0,120,,2632,570,,,0,163,,2633,570,,,0,135,,2634,570,,,0,155,,2635,570,,,0,115,,2636,570,,,0
100,'Samedi-01',634,,54,570,,,0,200,,43,570,,,0,166,,44,570,,,0,130,,45,570,,,0,125,,46,570,,,0,163,,47,570,,,0,119,,48,570,,,0,120,,49,570,,,0,163,,50,570,,,0,135,,51,570,,,0,155,,52,570,,,0,115,,53,570,,,0
100,'Semaine-01',520,,55,570,,,0,104,,56,570,,,0,26,,57,570,,,0,82,,58,570,,,0,118,,59,570,,,0,104,,62,570,,,0,94,,71,570,,,0,101,,63,570,,,0,101,,72,570,,,0,78,,64,570,,,0,102,,65,570,,,0,100,,69,570,,,0,110,,66,570,,,0,75,,67,570,,,0,105,,60,570,,,0,93,,61,570,,,0,132,,70,570,,,0,184,,68,570,,,0
100,'Semaine-02',518,,2638,570,,,0,102,,2639,570,,,0,30,,2640,570,,,0,82,,2641,570,,,0,168,,2642,570,,,0,58,,2645,570,,,0,70,,2654,570,,,0,100,,2646,570,,,0,107,,2655,570,,,0,95,,2647,570,,,0,100,,2648,570,,,0,100,,2652,570,,,0,110,,2649,570,,,0,89,,2650,570,,,0,111,,2643,570,,,0,88,,2644,570,,,0,102,,2653,570,,,0,196,,2651,570,,,0
100,'Semaine-03',520,,2656,570,,,0,104,,2657,570,,,0,26,,2658,570,,,0,82,,2659,570,,,0,118,,2660,570,,,0,104,,2663,570,,,0,94,,2672,570,,,0,101,,2664,570,,,0,101,,2673,570,,,0,78,,2665,570,,,0,102,,2666,570,,,0,100,,2670,570,,,0,110,,2667,570,,,0,75,,2668,570,,,0,105,,2661,570,,,0,93,,2662,570,,,0,132,,2671,570,,,0,184,,2669,570,,,0
2600,'Semaine-01',500,,363,210,,,0,15,,364,220,,,0
2600,'Semaine-02',500,,2911,210,,,0,15,,2912,220,,,0
2600,'Semaine-03',500,,2913,210,,,0,15,,2914,220,,,0
2800,'Semaine-01',511,,417,100,,,0,20,,416,100,,,0,15,,414,340,,,0,55,,428,100,,,0,15,,425,100,,,0,15,,413,380,,,0,10,,426,100,,,0,10,,415,340,,,0,50,,427,100,,,0,10,,418,100,,,0,10,,419,100,,,0,15,,420,100,,,0,15,,422,100,,,0,60,,423,100,,,0
2800,'Semaine-02',511,,2957,100,,,0,20,,2956,100,,,0,15,,2954,340,,,0,55,,2963,100,,,0,15,,2964,100,,,0,15,,2953,380,,,0,15,,2955,340,,,0,55,,2958,100,,,0,15,,2959,100,,,0,15,,2960,100,,,0,20,,2961,100,,,0,60,,2962,100,,,0
2800,'Semaine-03',511,,2969,100,,,0,20,,2968,100,,,0,15,,2966,340,,,0,55,,2978,100,,,0,15,,2975,100,,,0,15,,2965,380,,,0,10,,2976,100,,,0,10,,2967,340,,,0,50,,2977,100,,,0,10,,2970,100,,,0,10,,2971,100,,,0,15,,2972,100,,,0,15,,2973,100,,,0,60,,2974,100,,,0
