11100,'Dimanche-01',717,,861,260,0,5 6,0,100,,857,260,0,5 10,0,186,,856,260,0,5 10,0,250,,858,260,0,5 10,0,289,,859,260,0,5 10,0,200,,862,260,0,5 6,0,106,,860,260,0,5 10,0,380,,863,260,0,5 6,0
11100,'Fête-1-01',717,,3297,260,0,5 6,0,100,,3293,260,0,5 10,0,186,,3292,260,0,5 10,0,250,,3294,260,0,5 10,0,289,,3295,260,0,5 10,0,200,,3298,260,0,5 6,0,106,,3296,260,0,5 10,0,380,,3299,260,0,5 6,0
11100,'Samedi-01',717,,891,260,0,5 6,0,100,,887,260,0,5 10,0,186,,886,260,0,5 10,0,250,,888,260,0,5 10,0,289,,889,260,0,5 10,0,200,,892,260,0,5 6,0,106,,890,260,0,5 10,0,380,,893,260,0,5 6,0
11100,'Semaine-01',528,,902,260,0,5 15,0,15,,896,260,0,5 10,0,60,,900,260,0,5 15,0,26,,903,260,0,5 15,0,6,,897,260,0,5 10,0,14,,901,260,0,5 15,0,71,,909,260,0,5 15,0,20,,904,260,0,5 15,0,5,,898,260,0,5 10,0,55,,911,260,0,5 15,0,40,,899,260,0,5 10,0,118,,912,260,0,5 10,0,75,,894,260,0,5 10,0,105,,914,260,0,5 6,0,120,,895,260,0,5 10,0,380,,906,260,0,5 10,0,101,,908,260,0,5 10,0
11100,'Semaine-02',528,,3304,260,0,5 14,0,30,,3302,260,0,5 14,0,72,,3305,260,0,5 14,0,70,,3303,260,0,5 14,0,30,,3309,260,0,5 14,0,70,,3310,260,0,5 14,0,30,,3301,260,0,5 10,0,106,,3311,260,0,5 10,0,97,,3315,260,0,5 10,0,105,,3313,260,0,5 6,0,168,,3300,260,0,5 10,0,400,,3306,260,0,5 14,0,25,,3308,260,0,5 14,0,71,,3307,260,0,5 14,0
11100,'Semaine-03',528,,3324,260,0,5 15,0,15,,3318,260,0,5 10,0,60,,3322,260,0,5 15,0,26,,3325,260,0,5 15,0,6,,3319,260,0,5 10,0,14,,3323,260,0,5 15,0,71,,3331,260,0,5 15,0,20,,3326,260,0,5 15,0,5,,3320,260,0,5 10,0,55,,3333,260,0,5 15,0,40,,3321,260,0,5 10,0,118,,3334,260,0,5 10,0,75,,3316,260,0,5 10,0,105,,3336,260,0,5 6,0,120,,3317,260,0,5 10,0,380,,3328,260,0,5 10,0,101,,3330,260,0,5 10,0
14001,'Dimanche-01',759,,977,380,,,0,152,,979,530,,,0,115,,980,530,,,0,116,,981,530,,,0,116,,982,530,,,0,155,,983,530,,,0,115,,984,530,,,0,120,,985,530,,,0
14001,'Fête-1-01',759,,3383,380,,,0,152,,3385,530,,,0,115,,3386,530,,,0,116,,3387,530,,,0,116,,3388,530,,,0,155,,3389,530,,,0,115,,3390,530,,,0,120,,3391,530,,,0
14001,'Samedi-01',759,,1008,380,,,0,152,,1010,530,,,0,115,,1011,530,,,0,116,,1012,530,,,0,116,,1013,530,,,0,155,,1014,530,,,0,115,,1015,530,,,0,120,,1016,530,,,0
14001,'Semaine-01',624,,1018,380,,,0,97,,1029,400,,,0,103,,1017,480,,,0,121,,1019,530,,,0,160,,1020,530,,,0,123,,1021,530,,,0,125,,1022,530,,,0,165,,1023,530,,,0,125,,1024,530,,,0,164,,1025,530,,,0,125,,1026,530,,,0,119,,1027,530,,,0
14001,'Semaine-02',624,,3393,380,,,0,97,,3404,400,,,0,103,,3392,480,,,0,121,,3394,530,,,0,160,,3395,530,,,0,123,,3396,530,,,0,125,,3397,530,,,0,165,,3398,530,,,0,125,,3399,530,,,0,164,,3400,530,,,0,125,,3401,530,,,0,119,,3402,530,,,0
14001,'Semaine-03',624,,3406,380,,,0,97,,3417,400,,,0,103,,3405,480,,,0,121,,3407,530,,,0,160,,3408,530,,,0,123,,3409,530,,,0,125,,3410,530,,,0,165,,3411,530,,,0,125,,3412,530,,,0,164,,3413,530,,,0,125,,3414,530,,,0,119,,3415,530,,,0
