100,'Dimanche-01',644,,12,660,,,0,200,,1,660,,,0,167,,2,660,,,0,131,,3,660,,,0,165,,4,660,,,0,123,,5,660,,,0,118,,6,660,,,0,160,,7,660,,,0,123,,8,660,,,0,175,,9,660,,,0,115,,10,660,,,0,115,,11,660,,,0
100,'Fête-1-03',644,,2637,660,,,0,200,,2626,660,,,0,167,,2627,660,,,0,131,,2628,660,,,0,165,,2629,660,,,0,123,,2630,660,,,0,118,,2631,660,,,0,160,,2632,660,,,0,123,,2633,660,,,0,175,,2634,660,,,0,115,,2635,660,,,0,115,,2636,660,,,0
100,'Fête-2-01',532,,2638,660,,,0,105,,2639,660,,,0,66,,2640,660,,,0,43,,2641,660,,,0,157,,2642,660,,,0,103,,2645,660,,,0,95,,2654,660,,,0,100,,2646,660,,,0,102,,2655,660,,,0,40,,2647,660,,,0,100,,2648,660,,,0,100,,2652,660,,,0,110,,2649,660,,,0,75,,2650,660,,,0,104,,2643,660,,,0,92,,2644,660,,,0,131,,2653,660,,,0,184,,2651,660,,,0
100,'Samedi-01',644,,54,660,,,0,200,,43,660,,,0,167,,44,660,,,0,131,,45,660,,,0,165,,46,660,,,0,123,,47,660,,,0,118,,48,660,,,0,160,,49,660,,,0,123,,50,660,,,0,175,,51,660,,,0,115,,52,660,,,0,115,,53,660,,,0
100,'Semaine-01',532,,55,660,,,0,105,,56,660,,,0,66,,57,660,,,0,43,,58,660,,,0,157,,59,660,,,0,103,,62,660,,,0,94,,71,660,,,0,101,,63,660,,,0,103,,72,660,,,0,38,,64,660,,,0,101,,65,660,,,0,100,,69,660,,,0,110,,66,660,,,0,75,,67,660,,,0,104,,60,660,,,0,92,,61,660,,,0,131,,70,660,,,0,184,,68,660,,,0
2100,'Fête-2-01',551,,2720,300,,,0,70,,2721,300,,,0,31,,2722,300,,,0,75,,2723,300,,,0,30,,2724,300,,,0,75,,2725,300,,,0
2100,'Semaine-01',551,,240,300,,,0,70,,241,300,,,0,31,,242,300,,,0,75,,243,300,,,0,30,,244,300,,,0,75,,245,300,,,0
2300,'Fête-2-01',551,,2746,340,,,0,66,,2747,340,,,0,15,,2748,340,,,0,75,,2749,340,,,0,26,,2750,340,,,0,20,,2751,340,,,0,60,,2752,340,,,0,20,,2753,340,,,0
2300,'Semaine-01',551,,295,340,,,0,66,,296,340,,,0,15,,297,340,,,0,75,,298,340,,,0,26,,299,340,,,0,20,,300,340,,,0,60,,301,340,,,0,20,,302,340,,,0
2500,'Fête-2-01',608,,2773,320,,,0,34,,2770,340,,,0,61,,2774,320,,,0,29,,2771,340,,,0,26,,2775,320,,,0,69,,2772,340,,,0
2500,'Semaine-01',608,,346,320,,,0,34,,343,340,,,0,61,,347,320,,,0,29,,344,340,,,0,26,,348,320,,,0,69,,345,340,,,0
2600,'Fête-2-01',506,,2782,290,,,0,17,,2783,300,,,0
2600,'Semaine-01',506,,363,290,,,0,17,,364,300,,,0
2800,'Fête-2-01',525,,2807,190,,,0,20,,2806,190,,,0,60,,2804,430,,,0,20,,2812,190,,,0,20,,2803,450,,,0,60,,2805,430,,,0,21,,2808,190,,,0,20,,2809,190,,,0,61,,2810,190,,,0,20,,2811,190,,,0
2800,'Semaine-01',525,,417,190,,,0,20,,416,190,,,0,60,,414,430,,,0,10,,428,190,,,0,10,,424,190,,,0,10,,425,190,,,0,10,,413,450,,,0,8,,426,190,,,0,48,,415,430,,,0,8,,429,190,,,0,9,,427,190,,,0,8,,418,190,,,0,10,,419,190,,,0,10,,420,190,,,0,11,,421,190,,,0,50,,422,190,,,0,20,,423,190,,,0
3100,'Dimanche-01',728,,492,380,,,0,218,,493,380,,,0,278,,491,380,,,0,123,,484,380,,,0,160,,485,380,,,0,118,,486,380,,,0,118,,487,380,,,0,159,,488,380,,,0,127,,489,380,,,0,221,,483,380,,,0,254,,490,380,,,0
3100,'Fête-1-03',617,,2838,380,,,0,83,,2849,380,,,0,204,,2850,380,,,0,125,,2847,380,,,0,124,,2837,380,,,0,164,,2848,380,,,0,124,,2839,380,,,0,164,,2840,380,,,0,124,,2841,380,,,0,124,,2842,380,,,0,164,,2843,380,,,0,27,,2844,380,,,0,256,,2845,380,,,0,214,,2846,380,,,0
3100,'Fête-2-01',627,,2875,380,,,0,80,,2851,380,,,0,40,,2861,380,,,0,80,,2876,380,,,0,80,,2870,380,,,0,40,,2871,380,,,0,80,,2872,380,,,0,80,,2878,380,,,0,43,,2873,380,,,0,83,,2874,380,,,0,83,,2852,380,,,0,43,,2853,380,,,0,82,,2854,380,,,0,82,,2855,380,,,0,85,,2856,380,,,0,45,,2857,380,,,0,86,,2858,380,,,0,85,,2859,380,,,0,84,,2860,380,,,0,42,,2862,380,,,0,82,,2863,380,,,0,79,,2864,380,,,0,40,,2865,380,,,0,79,,2866,380,,,0,80,,2867,380,,,0,40,,2868,380,,,0,80,,2869,380,,,0
3100,'Samedi-01',617,,537,380,,,0,83,,548,380,,,0,204,,549,380,,,0,125,,546,380,,,0,124,,536,380,,,0,164,,547,380,,,0,124,,538,380,,,0,164,,539,380,,,0,124,,540,380,,,0,124,,541,380,,,0,164,,542,380,,,0,27,,543,380,,,0,256,,544,380,,,0,214,,545,380,,,0
3100,'Semaine-01',627,,574,380,,,0,80,,550,380,,,0,40,,560,380,,,0,80,,575,380,,,0,80,,569,380,,,0,40,,570,380,,,0,80,,571,380,,,0,80,,577,380,,,0,43,,572,380,,,0,83,,573,380,,,0,83,,551,380,,,0,43,,552,380,,,0,82,,553,380,,,0,82,,554,380,,,0,85,,555,380,,,0,45,,556,380,,,0,86,,557,380,,,0,85,,558,380,,,0,84,,559,380,,,0,42,,561,380,,,0,82,,562,380,,,0,79,,563,380,,,0,40,,564,380,,,0,79,,565,380,,,0,80,,566,380,,,0,40,,567,380,,,0,80,,568,380,,,0
3200,'Dimanche-01',622,,578,390,,,0,214,,583,390,,,0,223,,586,390,,,0,192,,587,390,,,0,159,,579,390,,,0,122,,589,390,,,0,120,,580,390,,,0,159,,582,390,,,0,118,,581,390,,,0,214,,584,390,,,0,216,,585,390,,,0
3200,'Fête-1-03',553,,2879,270,,,0,181,,2885,390,,,0,77,,2880,390,,,0,120,,2888,390,,,0,123,,2889,390,,,0,164,,2890,390,,,0,124,,2881,390,,,0,164,,2892,390,,,0,124,,2882,390,,,0,128,,2883,390,,,0,160,,2884,390,,,0,235,,2886,390,,,0,256,,2887,390,,,0
3200,'Fête-2-01',649,,2918,390,,,0,80,,2893,390,,,0,80,,2921,390,,,0,40,,2904,390,,,0,80,,2912,390,,,0,79,,2913,390,,,0,41,,2914,390,,,0,81,,2915,390,,,0,83,,2916,390,,,0,43,,2917,390,,,0,83,,2894,390,,,0,82,,2895,390,,,0,83,,2896,390,,,0,45,,2920,390,,,0,60,,2897,40,,,0,25,,2898,390,,,0,21,,2922,40,,,0,64,,2899,390,,,0,20,,2923,40,,,0,65,,2900,390,,,0,44,,2901,390,,,0,82,,2902,390,,,0,83,,2903,390,,,0,40,,2905,390,,,0,80,,2906,390,,,0,80,,2907,390,,,0,40,,2908,390,,,0,80,,2909,390,,,0,80,,2910,390,,,0,40,,2911,390,,,0
3200,'Samedi-01',553,,635,270,,,0,181,,641,390,,,0,77,,636,390,,,0,120,,644,390,,,0,123,,645,390,,,0,164,,646,390,,,0,124,,637,390,,,0,164,,648,390,,,0,124,,638,390,,,0,128,,639,390,,,0,160,,640,390,,,0,235,,642,390,,,0,256,,643,390,,,0
3200,'Semaine-01',649,,674,390,,,0,80,,649,390,,,0,80,,677,390,,,0,40,,660,390,,,0,80,,668,390,,,0,79,,669,390,,,0,41,,670,390,,,0,81,,671,390,,,0,83,,672,390,,,0,43,,673,390,,,0,83,,650,390,,,0,82,,651,390,,,0,83,,652,390,,,0,45,,676,390,,,0,60,,653,40,,,0,25,,654,390,,,0,21,,678,40,,,0,64,,655,390,,,0,20,,679,40,,,0,65,,656,390,,,0,44,,657,390,,,0,82,,658,390,,,0,83,,659,390,,,0,40,,661,390,,,0,80,,662,390,,,0,80,,663,390,,,0,40,,664,390,,,0,80,,665,390,,,0,80,,666,390,,,0,40,,667,390,,,0
9000,'Semaine-01',659,,825,200,,,0,63,,826,200,,,0
11100,'Dimanche-01',830,,857,410,0,5 10,0,188,,856,410,0,5 10,0,290,,858,410,0,5 10,0,249,,859,410,0,5 10,0,345,,860,410,0,5 10,0
11100,'Fête-1-03',830,,2996,410,0,5 10,0,188,,2995,410,0,5 10,0,290,,2997,410,0,5 10,0,249,,2998,410,0,5 10,0,345,,2999,410,0,5 10,0
11100,'Fête-2-01',541,,3007,410,0,5 14,0,70,,3005,410,0,5 14,0,30,,3008,410,0,5 14,0,70,,3006,410,0,5 14,0,30,,3012,410,0,5 14,0,70,,3013,410,0,5 14,0,34,,3004,410,0,5 10,0,100,,3014,410,0,5 10,0,372,,3003,410,0,5 10,0,399,,3009,410,0,5 14,0,30,,3011,410,0,5 14,0,70,,3010,410,0,5 14,0,130,,3015,410,0,5 10,0
11100,'Samedi-01',830,,887,410,0,5 10,0,188,,886,410,0,5 10,0,290,,888,410,0,5 10,0,249,,889,410,0,5 10,0,345,,890,410,0,5 10,0
11100,'Semaine-01',542,,902,410,,,0,15,,896,410,0,5 10,0,60,,900,410,,,0,27,,903,410,,,0,6,,897,410,0,5 10,0,54,,901,410,,,0,11,,915,410,0,16 17,0,20,,909,410,,,0,20,,904,410,,,0,45,,898,410,0,16 17,0,15,,911,410,,,0,40,,899,410,0,16 17,0,157,,912,410,0,16 17,0,35,,894,410,0,16 17,0,265,,895,410,0,5 10,0,341,,906,410,0,5 10,0,5,,905,340,,,0,94,,908,410,0,5 10,0,58,,907,340,,,0,336,,910,340,0,5 10,0
