100,'Dimanche-01',702,,12,790,4,,0,201,,1,790,4,,0,130,,2,790,4,,0,171,,3,790,4,,0,125,,4,790,4,,0,123,,5,790,4,,0,157,,6,790,4,,0,120,,7,790,4,,0,122,,8,790,4,,0,175,,9,790,4,,0,115,,10,790,4,,0,115,,11,790,4,,0
100,'Samedi-01',702,,54,790,4,,0,201,,43,790,4,,0,130,,44,790,4,,0,171,,45,790,4,,0,125,,46,790,4,,0,123,,47,790,4,,0,157,,48,790,4,,0,120,,49,790,4,,0,122,,50,790,4,,0,175,,51,790,4,,0,115,,52,790,4,,0,115,,53,790,4,,0
100,'Semaine-01',550,,55,790,4,,0,106,,56,790,4,,0,69,,57,790,4,,0,84,,58,790,4,,0,115,,59,790,4,,0,103,,62,790,4,,0,92,,71,790,4,,0,103,,63,790,4,,0,105,,72,790,4,,0,78,,64,790,4,,0,101,,65,790,4,,0,100,,69,790,4,,0,110,,66,790,4,,0,34,,67,790,4,,0,102,,60,790,4,,0,92,,61,790,4,,0,171,,70,790,4,,0,142,,68,790,4,,0
2100,'Semaine-01',608,,240,430,4,,0,30,,241,430,4,,0,73,,242,430,4,,0,38,,243,430,4,,0,70,,244,430,4,,0,36,,245,430,4,,0
2300,'Semaine-01',609,,295,470,4,,0,27,,296,470,4,,0,17,,297,470,4,,0,75,,298,470,4,,0,26,,299,470,4,,0,61,,300,470,4,,0,21,,301,470,4,,0,20,,302,470,4,,0
2500,'Semaine-01',625,,346,450,4,,0,34,,343,470,4,,0,61,,347,450,4,,0,29,,344,470,4,,0,66,,348,450,4,,0,29,,345,470,4,,0
2600,'Semaine-01',522,,363,420,4,,0,16,,364,430,4,,0
3100,'Dimanche-01',742,,492,510,4,,0,260,,493,510,4,,0,238,,491,510,4,,0,163,,484,510,4,,0,120,,485,510,4,,0,118,,486,510,4,,0,118,,487,510,4,,0,159,,488,510,4,,0,127,,489,510,4,,0,260,,483,510,4,,0,213,,490,510,4,,0
3100,'Samedi-01',631,,537,510,4,,0,83,,548,510,4,,0,206,,549,510,4,,0,125,,546,510,4,,0,164,,536,510,4,,0,124,,547,510,4,,0,124,,538,510,4,,0,164,,539,510,4,,0,124,,540,510,4,,0,164,,541,510,4,,0,124,,542,510,4,,0,26,,543,510,4,,0,256,,544,510,4,,0,213,,545,510,4,,0
3100,'Semaine-01',645,,574,510,4,,0,80,,550,510,4,,0,82,,560,510,4,,0,41,,575,510,4,,0,80,,569,510,4,,0,80,,570,510,4,,0,37,,571,510,4,,0,79,,577,510,4,,0,84,,572,510,4,,0,43,,573,510,4,,0,83,,551,510,4,,0,83,,552,510,4,,0,42,,553,510,4,,0,84,,554,510,4,,0,84,,555,510,4,,0,85,,556,510,4,,0,46,,557,510,4,,0,82,,558,510,4,,0,84,,559,510,4,,0,82,,561,510,4,,0,42,,562,510,4,,0,79,,563,510,4,,0,80,,564,510,4,,0,37,,565,510,4,,0,80,,566,510,4,,0,80,,567,510,4,,0,40,,568,510,4,,0
3200,'Dimanche-01',638,,578,520,4,,0,214,,583,520,4,,0,263,,586,520,4,,0,192,,587,520,4,,0,119,,579,520,4,,0,122,,589,520,4,,0,160,,580,520,4,,0,119,,582,520,4,,0,118,,581,520,4,,0,212,,584,520,4,,0,256,,585,520,4,,0
3200,'Samedi-01',609,,635,400,4,,0,141,,641,520,4,,0,77,,636,520,4,,0,120,,644,520,4,,0,163,,645,520,4,,0,124,,646,520,4,,0,124,,637,520,4,,0,164,,648,520,4,,0,124,,638,520,4,,0,168,,639,520,4,,0,120,,640,520,4,,0,273,,642,520,4,,0,216,,643,520,4,,0
3200,'Semaine-01',709,,674,520,4,,0,42,,649,520,4,,0,80,,677,520,4,,0,80,,660,520,4,,0,40,,668,520,4,,0,77,,669,520,4,,0,81,,670,520,4,,0,41,,671,520,4,,0,83,,672,520,4,,0,83,,673,520,4,,0,43,,650,520,4,,0,82,,651,520,4,,0,84,,652,520,4,,0,86,,676,520,4,,0,17,,653,170,4,,0,28,,654,520,4,,0,58,,678,170,4,,0,24,,655,520,4,,0,20,,679,170,4,,0,65,,656,520,4,,0,84,,657,520,4,,0,40,,658,520,4,,0,83,,659,520,4,,0,80,,661,520,4,,0,40,,662,520,4,,0,80,,663,520,4,,0,80,,664,520,4,,0,40,,665,520,4,,0,80,,666,520,4,,0,80,,667,520,4,,0
9800,'Semaine-01',710,,855,310,4,,0,102,,843,410,4,,0,104,,847,410,4,,0,105,,848,410,4,,0,505,,849,410,4,,0,105,,850,410,4,,0,105,,851,410,4,,0,105,,852,410,4,,0,102,,853,410,4,,0,97,,854,410,4,,0,94,,844,410,4,,0,90,,845,410,4,,0
11100,'Dimanche-01',848,,857,540,4,,0,187,,856,540,4,,0,291,,858,540,4,,0,291,,859,540,4,,0,305,,860,540,4,,0
11100,'Samedi-01',848,,887,540,4,,0,187,,886,540,4,,0,291,,888,540,4,,0,291,,889,540,4,,0,305,,890,540,4,,0
11100,'Semaine-01',613,,896,540,4,,0,98,,897,540,4,,0,111,,898,540,4,,0,95,,899,540,4,,0,114,,912,540,4,,0,75,,894,540,4,,0,225,,895,540,4,,0,380,,906,540,4,,0,99,,908,540,4,,0,393,,910,470,4,,0
