100,'Dimanche-01',559,,12,90,,,0,200,,1,90,,,0,165,,2,90,,,0,130,,3,90,,,0,165,,4,90,,,0,124,,5,90,,,0,160,,6,90,,,0,120,,7,90,,,0,124,,8,90,,,0,175,,9,90,,,0,115,,10,90,,,0,115,,11,90,,,0
100,'Fête-1-01',559,,2637,90,,,0,200,,2626,90,,,0,165,,2627,90,,,0,130,,2628,90,,,0,165,,2629,90,,,0,124,,2630,90,,,0,160,,2631,90,,,0,120,,2632,90,,,0,124,,2633,90,,,0,175,,2634,90,,,0,115,,2635,90,,,0,115,,2636,90,,,0
100,'Samedi-01',559,,54,90,,,0,200,,43,90,,,0,165,,44,90,,,0,130,,45,90,,,0,165,,46,90,,,0,124,,47,90,,,0,160,,48,90,,,0,120,,49,90,,,0,124,,50,90,,,0,175,,51,90,,,0,115,,52,90,,,0,115,,53,90,,,0
100,'Semaine-01',441,,55,90,,,0,103,,56,90,,,0,65,,57,90,,,0,41,,58,90,,,0,160,,59,90,,,0,106,,62,90,,,0,94,,71,90,,,0,101,,63,90,,,0,99,,72,90,,,0,38,,64,90,,,0,102,,65,90,,,0,100,,69,90,,,0,150,,66,90,,,0,35,,67,90,,,0,109,,60,90,,,0,95,,61,90,,,0,174,,70,90,,,0,145,,68,90,,,0
100,'Semaine-02',439,,2638,90,,,0,100,,2639,90,,,0,70,,2640,90,,,0,41,,2641,90,,,0,170,,2642,90,,,0,100,,2645,90,,,0,30,,2654,90,,,0,100,,2646,90,,,0,105,,2655,90,,,0,95,,2647,90,,,0,100,,2648,90,,,0,100,,2652,90,,,0,150,,2649,90,,,0,50,,2650,90,,,0,154,,2643,90,,,0,50,,2644,90,,,0,104,,2653,90,,,0,197,,2651,90,,,0
100,'Semaine-03',441,,2656,90,,,0,103,,2657,90,,,0,65,,2658,90,,,0,41,,2659,90,,,0,160,,2660,90,,,0,106,,2663,90,,,0,94,,2672,90,,,0,101,,2664,90,,,0,99,,2673,90,,,0,38,,2665,90,,,0,102,,2666,90,,,0,100,,2670,90,,,0,150,,2667,90,,,0,35,,2668,90,,,0,109,,2661,90,,,0,95,,2662,90,,,0,174,,2671,90,,,0,145,,2669,90,,,0
2000,'Dimanche-01',650,,146,50,,,0,164,,147,50,,,0,125,,148,50,,,0,165,,149,50,,,0,125,,150,50,,,0,125,,151,50,,,0,165,,152,50,,,0,125,,153,50,,,0
2000,'Fête-1-01',650,,2722,50,,,0,164,,2723,50,,,0,125,,2724,50,,,0,165,,2725,50,,,0,125,,2726,50,,,0,125,,2727,50,,,0,165,,2728,50,,,0,125,,2729,50,,,0
2000,'Samedi-01',650,,171,50,,,0,164,,172,50,,,0,125,,173,50,,,0,165,,174,50,,,0,125,,175,50,,,0,125,,176,50,,,0,165,,177,50,,,0,125,,178,50,,,0
2000,'Semaine-01',632,,179,50,,,0,125,,180,50,,,0,165,,181,50,,,0,126,,182,50,,,0,166,,183,50,,,0,125,,184,50,,,0,166,,185,50,,,0,126,,186,50,,,0,126,,187,50,,,0
2000,'Semaine-01-0001100',1923,,189,50,,,0,124,,188,50,,,0
2000,'Semaine-02',632,,2730,50,,,0,125,,2731,50,,,0,165,,2732,50,,,0,126,,2733,50,,,0,166,,2734,50,,,0,125,,2735,50,,,0,166,,2736,50,,,0,126,,2737,50,,,0,126,,2738,50,,,0
2000,'Semaine-02-0001100',1923,,2740,50,,,0,124,,2739,50,,,0
2000,'Semaine-03',632,,2741,50,,,0,125,,2742,50,,,0,165,,2743,50,,,0,126,,2744,50,,,0,166,,2745,50,,,0,125,,2746,50,,,0,166,,2747,50,,,0,126,,2748,50,,,0,126,,2749,50,,,0
2000,'Semaine-03-0001100',1923,,2751,50,,,0,124,,2750,50,,,0
