2500,'Fête-2-01',619,,2770,150,,,0,90,,2771,150,,,0,95,,2772,150,,,0
2500,'Semaine-01',619,,343,150,,,0,90,,344,150,,,0,95,,345,150,,,0
2501,'Fête-2-01',1610,,2776,310,,,0,40,,2777,310,,,0,74,,2778,310,,,0,79,,2779,310,,,0,40,,2780,310,,,0,68,,2781,310,,,0
2501,'Semaine-01',1610,,355,310,,,0,40,,356,310,,,0,74,,357,310,,,0,79,,358,310,,,0,40,,359,310,,,0,68,,360,310,,,0
2600,'Fête-2-01',445,,2782,20,,,0
2600,'Semaine-01',445,,363,20,,,0
2000002500,'Dimanche-01',536,,1991,140,,,0,87,,1993,190,,,0,78,,1994,190,,,0,35,,1995,190,,,0,68,,1996,190,,,0,34,,1997,190,,,0,78,,1998,190,,,0,37,,1999,190,,,0,76,,2000,190,,,0,72,,2001,190,,,0,45,,2002,190,,,0,85,,2003,190,,,0,95,,2004,190,,,0,23,,2005,190,,,0,62,,2006,190,,,0,45,,2007,190,,,0,80,,2008,190,,,0,80,,2009,190,,,0,40,,2010,190,,,0,75,,2011,190,,,0,81,,2012,190,,,0,39,,2013,190,,,0,80,,2014,190,,,0,70,,2015,190,,,0,35,,2016,190,,,0,75,,2017,190,,,0,35,,2018,190,,,0,75,,2019,190,,,0,35,,2020,190,,,0,70,,2021,190,,,0,75,,2022,190,,,0,35,,2023,190,,,0,76,,2024,190,,,0,102,,1992,190,,,0
2000002500,'Fête-1-03',523,,3486,140,,,0,26,,3455,190,,,0,76,,3471,190,,,0,83,,3456,190,,,0,27,,3472,190,,,0,77,,3457,190,,,0,40,,3473,190,,,0,80,,3458,190,,,0,70,,3474,190,,,0,40,,3459,190,,,0,80,,3475,190,,,0,37,,3460,190,,,0,70,,3454,190,,,0,73,,3461,190,,,0,41,,3476,190,,,0,78,,3462,190,,,0,86,,3477,190,,,0,45,,3463,190,,,0,79,,3478,190,,,0,71,,3464,190,,,0,34,,3479,190,,,0,84,,3465,190,,,0,80,,3480,190,,,0,44,,3466,190,,,0,80,,3481,190,,,0,90,,3467,190,,,0,41,,3482,190,,,0,76,,3468,190,,,0,76,,3483,190,,,0,32,,3469,190,,,0,72,,3484,190,,,0,111,,3470,190,,,0,96,,3485,190,,,0
2000002500,'Fête-2-01',556,,3488,140,,,0,76,,3489,190,,,0,80,,3490,190,,,0,40,,3487,190,,,0,80,,3491,190,,,0,80,,3492,190,,,0,40,,3493,190,,,0,80,,3494,190,,,0,81,,3495,190,,,0,42,,3496,190,,,0,83,,3497,190,,,0,83,,3498,190,,,0,83,,3499,190,,,0,42,,3500,190,,,0,82,,3501,190,,,0,85,,3502,190,,,0,45,,3503,190,,,0,86,,3504,190,,,0,85,,3505,190,,,0,85,,3506,190,,,0,42,,3507,190,,,0,82,,3508,190,,,0,79,,3509,190,,,0,40,,3510,190,,,0,80,,3511,190,,,0,80,,3512,190,,,0,40,,3513,190,,,0,80,,3514,190,,,0,20,,3515,190,,,0,70,,3516,190,,,0,82,,3517,190,,,0
2000002500,'Samedi-01',523,,2121,140,,,0,26,,2090,190,,,0,76,,2106,190,,,0,83,,2091,190,,,0,27,,2107,190,,,0,77,,2092,190,,,0,40,,2108,190,,,0,80,,2093,190,,,0,70,,2109,190,,,0,40,,2094,190,,,0,80,,2110,190,,,0,37,,2095,190,,,0,70,,2089,190,,,0,73,,2096,190,,,0,41,,2111,190,,,0,78,,2097,190,,,0,86,,2112,190,,,0,45,,2098,190,,,0,79,,2113,190,,,0,71,,2099,190,,,0,34,,2114,190,,,0,84,,2100,190,,,0,80,,2115,190,,,0,44,,2101,190,,,0,80,,2116,190,,,0,90,,2102,190,,,0,41,,2117,190,,,0,76,,2103,190,,,0,76,,2118,190,,,0,32,,2104,190,,,0,72,,2119,190,,,0,111,,2105,190,,,0,96,,2120,190,,,0
2000002500,'Semaine-01',556,,2123,140,,,0,76,,2124,190,,,0,80,,2125,190,,,0,40,,2122,190,,,0,80,,2126,190,,,0,80,,2127,190,,,0,40,,2128,190,,,0,80,,2129,190,,,0,81,,2130,190,,,0,42,,2131,190,,,0,83,,2132,190,,,0,83,,2133,190,,,0,83,,2134,190,,,0,42,,2135,190,,,0,82,,2136,190,,,0,85,,2137,190,,,0,45,,2138,190,,,0,86,,2139,190,,,0,85,,2140,190,,,0,85,,2141,190,,,0,42,,2142,190,,,0,82,,2143,190,,,0,79,,2144,190,,,0,40,,2145,190,,,0,80,,2146,190,,,0,80,,2147,190,,,0,40,,2148,190,,,0,80,,2149,190,,,0,20,,2150,190,,,0,70,,2151,190,,,0,82,,2152,190,,,0
