100,'Dimanche-01',605,,12,160,,,0,200,,1,160,,,0,125,,2,160,,,0,170,,3,160,,,0,125,,4,160,,,0,124,,5,160,,,0,160,,6,160,,,0,120,,7,160,,,0,124,,8,160,,,0,175,,9,160,,,0,115,,10,160,,,0,115,,11,160,,,0
100,'Fête-1-01',605,,2637,160,,,0,200,,2626,160,,,0,125,,2627,160,,,0,170,,2628,160,,,0,125,,2629,160,,,0,124,,2630,160,,,0,160,,2631,160,,,0,120,,2632,160,,,0,124,,2633,160,,,0,175,,2634,160,,,0,115,,2635,160,,,0,115,,2636,160,,,0
100,'Samedi-01',605,,54,160,,,0,200,,43,160,,,0,125,,44,160,,,0,170,,45,160,,,0,125,,46,160,,,0,124,,47,160,,,0,160,,48,160,,,0,120,,49,160,,,0,124,,50,160,,,0,175,,51,160,,,0,115,,52,160,,,0,115,,53,160,,,0
100,'Semaine-01',449,,55,160,,,0,103,,56,160,,,0,65,,57,160,,,0,41,,58,160,,,0,159,,59,160,,,0,105,,62,160,,,0,94,,71,160,,,0,101,,63,160,,,0,100,,72,160,,,0,38,,64,160,,,0,102,,65,160,,,0,100,,69,160,,,0,150,,66,160,,,0,35,,67,160,,,0,108,,60,160,,,0,95,,61,160,,,0,173,,70,160,,,0,185,,68,160,,,0
100,'Semaine-02',447,,2638,160,,,0,100,,2639,160,,,0,70,,2640,160,,,0,41,,2641,160,,,0,169,,2642,160,,,0,99,,2645,160,,,0,30,,2654,160,,,0,100,,2646,160,,,0,146,,2655,160,,,0,55,,2647,160,,,0,100,,2648,160,,,0,100,,2652,160,,,0,150,,2649,160,,,0,49,,2650,160,,,0,154,,2643,160,,,0,90,,2644,160,,,0,103,,2653,160,,,0,197,,2651,160,,,0
100,'Semaine-03',449,,2656,160,,,0,103,,2657,160,,,0,65,,2658,160,,,0,41,,2659,160,,,0,159,,2660,160,,,0,105,,2663,160,,,0,94,,2672,160,,,0,101,,2664,160,,,0,100,,2673,160,,,0,38,,2665,160,,,0,102,,2666,160,,,0,100,,2670,160,,,0,150,,2667,160,,,0,35,,2668,160,,,0,108,,2661,160,,,0,95,,2662,160,,,0,173,,2671,160,,,0,185,,2669,160,,,0
2000,'Dimanche-01',702,,146,210,,,0,124,,147,210,,,0,126,,148,210,,,0,165,,149,210,,,0,125,,150,210,,,0,164,,151,210,,,0,125,,152,210,,,0,125,,153,210,,,0
2000,'Fête-1-01',702,,2722,210,,,0,124,,2723,210,,,0,126,,2724,210,,,0,165,,2725,210,,,0,125,,2726,210,,,0,164,,2727,210,,,0,125,,2728,210,,,0,125,,2729,210,,,0
2000,'Samedi-01',702,,171,210,,,0,124,,172,210,,,0,126,,173,210,,,0,165,,174,210,,,0,125,,175,210,,,0,164,,176,210,,,0,125,,177,210,,,0,125,,178,210,,,0
2000,'Semaine-01',644,,179,200,,,0,165,,180,200,,,0,125,,181,200,,,0,166,,182,200,,,0,126,,183,200,,,0,125,,184,200,,,0,166,,185,200,,,0,126,,186,200,,,0,166,,187,200,,,0
2000,'Semaine-01-0001100',1935,,189,200,,,0,124,,188,200,,,0
2000,'Semaine-02',644,,2730,200,,,0,165,,2731,200,,,0,125,,2732,200,,,0,166,,2733,200,,,0,126,,2734,200,,,0,125,,2735,200,,,0,166,,2736,200,,,0,126,,2737,200,,,0,166,,2738,200,,,0
2000,'Semaine-02-0001100',1935,,2740,200,,,0,124,,2739,200,,,0
2000,'Semaine-03',644,,2741,200,,,0,165,,2742,200,,,0,125,,2743,200,,,0,166,,2744,200,,,0,126,,2745,200,,,0,125,,2746,200,,,0,166,,2747,200,,,0,126,,2748,200,,,0,166,,2749,200,,,0
2000,'Semaine-03-0001100',1935,,2751,200,,,0,124,,2750,200,,,0
