100,'Dimanche-01',659,,12,760,4,,0,200,,1,760,4,,0,169,,2,760,4,,0,131,,3,760,4,,0,165,,4,760,4,,0,123,,5,760,4,,0,158,,6,760,4,,0,120,,7,760,4,,0,122,,8,760,4,,0,175,,9,760,4,,0,115,,10,760,4,,0,115,,11,760,4,,0
100,'Samedi-01',659,,54,760,4,,0,200,,43,760,4,,0,169,,44,760,4,,0,131,,45,760,4,,0,165,,46,760,4,,0,123,,47,760,4,,0,158,,48,760,4,,0,120,,49,760,4,,0,122,,50,760,4,,0,175,,51,760,4,,0,115,,52,760,4,,0,115,,53,760,4,,0
100,'Semaine-01',547,,55,760,4,,0,106,,56,760,4,,0,68,,57,760,4,,0,83,,58,760,4,,0,116,,59,760,4,,0,103,,62,760,4,,0,92,,71,760,4,,0,103,,63,760,4,,0,104,,72,760,4,,0,78,,64,760,4,,0,101,,65,760,4,,0,100,,69,760,4,,0,110,,66,760,4,,0,34,,67,760,4,,0,103,,60,760,4,,0,92,,61,760,4,,0,171,,70,760,4,,0,143,,68,760,4,,0
2100,'Semaine-01',605,,240,400,4,,0,30,,241,400,4,,0,73,,242,400,4,,0,37,,243,400,4,,0,70,,244,400,4,,0,36,,245,400,4,,0
2300,'Semaine-01',606,,295,440,4,,0,26,,296,440,4,,0,17,,297,440,4,,0,75,,298,440,4,,0,26,,299,440,4,,0,61,,300,440,4,,0,21,,301,440,4,,0,20,,302,440,4,,0
2500,'Semaine-01',622,,346,420,4,,0,34,,343,440,4,,0,61,,347,420,4,,0,29,,344,440,4,,0,66,,348,420,4,,0,29,,345,440,4,,0
2600,'Semaine-01',519,,363,390,4,,0,16,,364,400,4,,0
3100,'Dimanche-01',739,,492,480,4,,0,220,,493,480,4,,0,278,,491,480,4,,0,163,,484,480,4,,0,120,,485,480,4,,0,118,,486,480,4,,0,118,,487,480,4,,0,159,,488,480,4,,0,127,,489,480,4,,0,260,,483,480,4,,0,213,,490,480,4,,0
3100,'Samedi-01',628,,537,480,4,,0,83,,548,480,4,,0,206,,549,480,4,,0,125,,546,480,4,,0,164,,536,480,4,,0,124,,547,480,4,,0,124,,538,480,4,,0,164,,539,480,4,,0,124,,540,480,4,,0,164,,541,480,4,,0,124,,542,480,4,,0,26,,543,480,4,,0,256,,544,480,4,,0,213,,545,480,4,,0
3100,'Semaine-01',642,,574,480,4,,0,80,,550,480,4,,0,82,,560,480,4,,0,41,,575,480,4,,0,80,,569,480,4,,0,80,,570,480,4,,0,37,,571,480,4,,0,79,,577,480,4,,0,84,,572,480,4,,0,43,,573,480,4,,0,83,,551,480,4,,0,83,,552,480,4,,0,42,,553,480,4,,0,84,,554,480,4,,0,84,,555,480,4,,0,85,,556,480,4,,0,46,,557,480,4,,0,82,,558,480,4,,0,84,,559,480,4,,0,82,,561,480,4,,0,42,,562,480,4,,0,79,,563,480,4,,0,80,,564,480,4,,0,37,,565,480,4,,0,80,,566,480,4,,0,80,,567,480,4,,0,40,,568,480,4,,0
3200,'Dimanche-01',635,,578,490,4,,0,214,,583,490,4,,0,263,,586,490,4,,0,192,,587,490,4,,0,119,,579,490,4,,0,122,,589,490,4,,0,160,,580,490,4,,0,119,,582,490,4,,0,118,,581,490,4,,0,212,,584,490,4,,0,256,,585,490,4,,0
3200,'Samedi-01',606,,635,370,4,,0,141,,641,490,4,,0,77,,636,490,4,,0,120,,644,490,4,,0,163,,645,490,4,,0,124,,646,490,4,,0,124,,637,490,4,,0,164,,648,490,4,,0,124,,638,490,4,,0,168,,639,490,4,,0,120,,640,490,4,,0,273,,642,490,4,,0,216,,643,490,4,,0
3200,'Semaine-01',706,,674,490,4,,0,42,,649,490,4,,0,80,,677,490,4,,0,80,,660,490,4,,0,40,,668,490,4,,0,77,,669,490,4,,0,81,,670,490,4,,0,41,,671,490,4,,0,83,,672,490,4,,0,83,,673,490,4,,0,43,,650,490,4,,0,82,,651,490,4,,0,83,,652,490,4,,0,86,,676,490,4,,0,18,,653,140,4,,0,27,,654,490,4,,0,59,,678,140,4,,0,24,,655,490,4,,0,20,,679,140,4,,0,65,,656,490,4,,0,84,,657,490,4,,0,40,,658,490,4,,0,83,,659,490,4,,0,80,,661,490,4,,0,40,,662,490,4,,0,80,,663,490,4,,0,80,,664,490,4,,0,40,,665,490,4,,0,80,,666,490,4,,0,80,,667,490,4,,0
9800,'Semaine-01',707,,855,280,4,,0,102,,843,380,4,,0,104,,847,380,4,,0,105,,848,380,4,,0,506,,849,380,4,,0,105,,850,380,4,,0,105,,851,380,4,,0,105,,852,380,4,,0,101,,853,380,4,,0,97,,854,380,4,,0,95,,844,380,4,,0,90,,845,380,4,,0
11100,'Dimanche-01',845,,857,510,4,,0,187,,856,510,4,,0,291,,858,510,4,,0,290,,859,510,4,,0,305,,860,510,4,,0
11100,'Samedi-01',845,,887,510,4,,0,187,,886,510,4,,0,291,,888,510,4,,0,290,,889,510,4,,0,305,,890,510,4,,0
11100,'Semaine-01',610,,896,510,4,,0,97,,897,510,4,,0,111,,898,510,4,,0,95,,899,510,4,,0,114,,912,510,4,,0,75,,894,510,4,,0,225,,895,510,4,,0,380,,906,510,4,,0,99,,908,510,4,,0,394,,910,440,4,,0
