100,'Dimanche-01',646,,12,680,,,0,200,,1,680,,,0,167,,2,680,,,0,131,,3,680,,,0,165,,4,680,,,0,123,,5,680,,,0,118,,6,680,,,0,160,,7,680,,,0,123,,8,680,,,0,175,,9,680,,,0,115,,10,680,,,0,115,,11,680,,,0
100,'Samedi-01',646,,54,680,,,0,200,,43,680,,,0,167,,44,680,,,0,131,,45,680,,,0,165,,46,680,,,0,123,,47,680,,,0,118,,48,680,,,0,160,,49,680,,,0,123,,50,680,,,0,175,,51,680,,,0,115,,52,680,,,0,115,,53,680,,,0
100,'Semaine-01',534,,55,680,,,0,105,,56,680,,,0,66,,57,680,,,0,43,,58,680,,,0,157,,59,680,,,0,103,,62,680,,,0,93,,71,680,,,0,102,,63,680,,,0,103,,72,680,,,0,38,,64,680,,,0,101,,65,680,,,0,100,,69,680,,,0,110,,66,680,,,0,75,,67,680,,,0,104,,60,680,,,0,92,,61,680,,,0,131,,70,680,,,0,184,,68,680,,,0
2100,'Semaine-01',552,,240,320,,,0,70,,241,320,,,0,32,,242,320,,,0,75,,243,320,,,0,30,,244,320,,,0,76,,245,320,,,0
2300,'Semaine-01',552,,295,360,,,0,66,,296,360,,,0,16,,297,360,,,0,75,,298,360,,,0,26,,299,360,,,0,20,,300,360,,,0,60,,301,360,,,0,20,,302,360,,,0
2500,'Semaine-01',610,,346,340,,,0,34,,343,360,,,0,61,,347,340,,,0,29,,344,360,,,0,66,,348,340,,,0,29,,345,360,,,0
2600,'Semaine-01',508,,363,310,,,0,17,,364,320,,,0
2800,'Semaine-01',527,,417,210,,,0,20,,416,210,,,0,60,,414,450,,,0,10,,428,210,,,0,10,,424,210,,,0,10,,425,210,,,0,10,,413,470,,,0,8,,426,210,,,0,48,,415,450,,,0,8,,429,210,,,0,9,,427,210,,,0,8,,418,210,,,0,10,,419,210,,,0,10,,420,210,,,0,11,,421,210,,,0,50,,422,210,,,0,20,,423,210,,,0
3100,'Dimanche-01',730,,492,400,,,0,218,,493,400,,,0,278,,491,400,,,0,123,,484,400,,,0,160,,485,400,,,0,118,,486,400,,,0,118,,487,400,,,0,159,,488,400,,,0,127,,489,400,,,0,221,,483,400,,,0,254,,490,400,,,0
3100,'Samedi-01',619,,537,400,,,0,83,,548,400,,,0,204,,549,400,,,0,125,,546,400,,,0,124,,536,400,,,0,164,,547,400,,,0,124,,538,400,,,0,164,,539,400,,,0,124,,540,400,,,0,124,,541,400,,,0,164,,542,400,,,0,27,,543,400,,,0,256,,544,400,,,0,214,,545,400,,,0
3100,'Semaine-01',628,,574,400,,,0,80,,550,400,,,0,41,,560,400,,,0,80,,575,400,,,0,80,,569,400,,,0,40,,570,400,,,0,79,,571,400,,,0,80,,577,400,,,0,43,,572,400,,,0,83,,573,400,,,0,83,,551,400,,,0,83,,552,400,,,0,42,,553,400,,,0,83,,554,400,,,0,84,,555,400,,,0,45,,556,400,,,0,86,,557,400,,,0,85,,558,400,,,0,84,,559,400,,,0,42,,561,400,,,0,82,,562,400,,,0,79,,563,400,,,0,40,,564,400,,,0,79,,565,400,,,0,80,,566,400,,,0,40,,567,400,,,0,80,,568,400,,,0
3200,'Dimanche-01',623,,578,410,,,0,214,,583,410,,,0,263,,586,410,,,0,152,,587,410,,,0,159,,579,410,,,0,122,,589,410,,,0,120,,580,410,,,0,159,,582,410,,,0,118,,581,410,,,0,214,,584,410,,,0,256,,585,410,,,0
3200,'Samedi-01',554,,635,290,,,0,181,,641,410,,,0,77,,636,410,,,0,120,,644,410,,,0,123,,645,410,,,0,164,,646,410,,,0,124,,637,410,,,0,164,,648,410,,,0,124,,638,410,,,0,128,,639,410,,,0,160,,640,410,,,0,235,,642,410,,,0,256,,643,410,,,0
3200,'Semaine-01',651,,674,410,,,0,80,,649,410,,,0,80,,677,410,,,0,40,,660,410,,,0,80,,668,410,,,0,79,,669,410,,,0,41,,670,410,,,0,81,,671,410,,,0,83,,672,410,,,0,43,,673,410,,,0,83,,650,410,,,0,82,,651,410,,,0,82,,652,410,,,0,46,,676,410,,,0,59,,653,60,,,0,26,,654,410,,,0,20,,678,60,,,0,64,,655,410,,,0,20,,679,60,,,0,65,,656,410,,,0,45,,657,410,,,0,82,,658,410,,,0,83,,659,410,,,0,40,,661,410,,,0,80,,662,410,,,0,80,,663,410,,,0,40,,664,410,,,0,80,,665,410,,,0,80,,666,410,,,0,40,,667,410,,,0
9000,'Semaine-01',701,,825,220,,,0,24,,826,220,,,0
9800,'Semaine-01',651,,855,200,0,21 10,0,102,,843,300,,,0,104,,847,300,,,0,145,,848,300,,,0,507,,849,300,,,0,105,,850,300,,,0,105,,851,300,,,0,105,,852,300,,,0,102,,853,300,,,0,97,,854,300,,,0,98,,844,300,,,0,90,,845,300,,,0
11100,'Dimanche-01',831,,857,430,0,5 10,0,188,,856,430,0,5 10,0,290,,858,430,0,5 10,0,249,,859,430,0,5 10,0,345,,860,430,0,5 10,0
11100,'Samedi-01',831,,887,430,0,5 10,0,188,,886,430,0,5 10,0,290,,888,430,0,5 10,0,249,,889,430,0,5 10,0,345,,890,430,0,5 10,0
11100,'Semaine-01',544,,902,430,0,5 15,0,14,,896,430,0,5 10,0,61,,900,430,0,5 15,0,27,,903,430,0,5 15,0,5,,897,430,0,5 10,0,55,,901,430,0,5 15,0,11,,915,430,0,16 17,0,20,,909,430,0,5 15,0,20,,904,430,0,5 15,0,44,,898,430,0,16 17,0,16,,911,430,0,5 15,0,39,,899,430,0,16 17,0,157,,912,430,0,16 17,0,36,,894,430,0,16 17,0,265,,895,430,0,5 10,0,340,,906,430,0,5 10,0,46,,905,360,0,5 15,0,53,,908,430,0,5 10,0,59,,907,360,0,5 15,0,335,,910,360,0,5 10,0
