2501,'Fête-2-02',1605,,349,290,,,0,40,,350,290,,,0,74,,351,290,,,0,39,,352,290,,,0,80,,353,290,,,0,68,,354,290,,,0
2501,'Semaine-01',1605,,355,290,,,0,40,,356,290,,,0,74,,357,290,,,0,39,,358,290,,,0,80,,359,290,,,0,68,,360,290,,,0
2701,'Fête-2-02',617,,385,180,,,0,40,,386,180,,,0,81,,387,180,,,0,80,,388,180,,,0,785,,392,180,,,0,41,,389,180,,,0,84,,393,180,,,0,86,,390,180,,,0,45,,391,180,,,0
2701,'Semaine-01',617,,394,180,,,0,40,,395,180,,,0,81,,396,180,,,0,80,,397,180,,,0,785,,401,180,,,0,41,,398,180,,,0,84,,402,180,,,0,86,,399,180,,,0,45,,400,180,,,0
2000002500,'Dimanche-01',531,,1991,120,,,0,87,,1993,170,,,0,38,,1994,170,,,0,75,,1995,170,,,0,28,,1996,170,,,0,74,,1997,170,,,0,78,,1998,170,,,0,37,,1999,170,,,0,76,,2000,170,,,0,32,,2001,170,,,0,85,,2002,170,,,0,85,,2003,170,,,0,95,,2004,170,,,0,23,,2005,170,,,0,62,,2006,170,,,0,45,,2007,170,,,0,80,,2008,170,,,0,80,,2009,170,,,0,40,,2010,170,,,0,75,,2011,170,,,0,81,,2012,170,,,0,39,,2013,170,,,0,80,,2014,170,,,0,30,,2015,170,,,0,75,,2016,170,,,0,75,,2017,170,,,0,35,,2018,170,,,0,75,,2019,170,,,0,35,,2020,170,,,0,70,,2021,170,,,0,35,,2022,170,,,0,75,,2023,170,,,0,76,,2024,170,,,0,102,,1992,170,,,0
2000002500,'Fête-1-01',518,,2057,120,,,0,26,,2026,170,,,0,76,,2042,170,,,0,83,,2027,170,,,0,27,,2043,170,,,0,77,,2028,170,,,0,40,,2044,170,,,0,80,,2029,170,,,0,30,,2045,170,,,0,80,,2030,170,,,0,80,,2046,170,,,0,37,,2031,170,,,0,70,,2025,170,,,0,33,,2032,170,,,0,81,,2047,170,,,0,78,,2033,170,,,0,86,,2048,170,,,0,45,,2034,170,,,0,79,,2049,170,,,0,31,,2035,170,,,0,74,,2050,170,,,0,84,,2036,170,,,0,40,,2051,170,,,0,84,,2037,170,,,0,80,,2052,170,,,0,90,,2038,170,,,0,41,,2053,170,,,0,76,,2039,170,,,0,76,,2054,170,,,0,32,,2040,170,,,0,72,,2055,170,,,0,111,,2041,170,,,0,96,,2056,170,,,0
2000002500,'Fête-2-02',551,,2059,120,,,0,76,,2060,170,,,0,80,,2061,170,,,0,40,,2058,170,,,0,80,,2062,170,,,0,80,,2063,170,,,0,40,,2064,170,,,0,80,,2065,170,,,0,81,,2066,170,,,0,42,,2067,170,,,0,83,,2068,170,,,0,83,,2069,170,,,0,43,,2070,170,,,0,82,,2071,170,,,0,82,,2072,170,,,0,85,,2073,170,,,0,45,,2074,170,,,0,86,,2075,170,,,0,85,,2076,170,,,0,85,,2077,170,,,0,42,,2078,170,,,0,82,,2079,170,,,0,79,,2080,170,,,0,40,,2081,170,,,0,80,,2082,170,,,0,80,,2083,170,,,0,40,,2084,170,,,0,80,,2085,170,,,0,20,,2086,170,,,0,70,,2087,170,,,0,82,,2088,170,,,0
2000002500,'Samedi-01',518,,2121,120,,,0,26,,2090,170,,,0,76,,2106,170,,,0,83,,2091,170,,,0,27,,2107,170,,,0,77,,2092,170,,,0,40,,2108,170,,,0,80,,2093,170,,,0,30,,2109,170,,,0,80,,2094,170,,,0,80,,2110,170,,,0,37,,2095,170,,,0,70,,2089,170,,,0,33,,2096,170,,,0,81,,2111,170,,,0,78,,2097,170,,,0,86,,2112,170,,,0,45,,2098,170,,,0,79,,2113,170,,,0,31,,2099,170,,,0,74,,2114,170,,,0,84,,2100,170,,,0,40,,2115,170,,,0,84,,2101,170,,,0,80,,2116,170,,,0,90,,2102,170,,,0,41,,2117,170,,,0,76,,2103,170,,,0,76,,2118,170,,,0,32,,2104,170,,,0,72,,2119,170,,,0,111,,2105,170,,,0,96,,2120,170,,,0
2000002500,'Semaine-01',551,,2123,120,,,0,76,,2124,170,,,0,80,,2125,170,,,0,40,,2122,170,,,0,80,,2126,170,,,0,80,,2127,170,,,0,40,,2128,170,,,0,80,,2129,170,,,0,81,,2130,170,,,0,42,,2131,170,,,0,83,,2132,170,,,0,83,,2133,170,,,0,43,,2134,170,,,0,82,,2135,170,,,0,82,,2136,170,,,0,85,,2137,170,,,0,45,,2138,170,,,0,86,,2139,170,,,0,85,,2140,170,,,0,85,,2141,170,,,0,42,,2142,170,,,0,82,,2143,170,,,0,79,,2144,170,,,0,40,,2145,170,,,0,80,,2146,170,,,0,80,,2147,170,,,0,40,,2148,170,,,0,80,,2149,170,,,0,20,,2150,170,,,0,70,,2151,170,,,0,82,,2152,170,,,0
2000002700,'Dimanche-01',632,,2153,130,,,0,90,,2157,130,,,0,81,,2154,130,,,0,43,,2158,130,,,0,93,,2159,130,,,0,83,,2160,130,,,0,85,,2161,130,,,0,35,,2162,130,,,0,74,,2163,130,,,0,85,,2164,130,,,0,39,,2165,130,,,0,80,,2166,130,,,0,80,,2167,130,,,0,42,,2168,130,,,0,76,,2169,130,,,0,83,,2170,130,,,0,35,,2171,130,,,0,84,,2172,130,,,0,35,,2173,130,,,0,84,,2174,130,,,0,84,,2175,130,,,0,86,,2176,130,,,0,44,,2155,130,,,0,90,,2177,130,,,0,82,,2178,130,,,0,84,,2179,130,,,0,49,,2180,130,,,0,84,,2181,130,,,0,82,,2156,130,,,0
2000002700,'Fête-1-01',611,,2182,130,,,0,43,,2186,130,,,0,90,,2183,130,,,0,77,,2187,130,,,0,36,,2188,130,,,0,84,,2189,130,,,0,81,,2190,130,,,0,82,,2191,130,,,0,42,,2192,130,,,0,82,,2193,130,,,0,82,,2194,130,,,0,42,,2195,130,,,0,82,,2196,130,,,0,82,,2197,130,,,0,42,,2198,130,,,0,82,,2199,130,,,0,82,,2200,130,,,0,86,,2201,130,,,0,38,,2202,130,,,0,82,,2203,130,,,0,82,,2204,130,,,0,42,,2205,130,,,0,74,,2184,130,,,0,77,,2206,130,,,0,50,,2207,130,,,0,86,,2208,130,,,0,80,,2209,130,,,0,89,,2210,130,,,0,39,,2185,130,,,0,76,,2211,130,,,0
2000002700,'Fête-2-02',618,,2231,130,,,0,241,,2212,130,,,0,80,,2214,130,,,0,80,,2230,130,,,0,81,,2229,130,,,0,41,,2228,130,,,0,83,,2227,130,,,0,83,,2226,130,,,0,43,,2225,130,,,0,82,,2224,130,,,0,82,,2232,130,,,0,45,,2233,130,,,0,382,,2223,130,,,0,83,,2222,130,,,0,80,,2221,130,,,0,40,,2220,130,,,0,80,,2219,130,,,0,80,,2218,130,,,0,40,,2217,130,,,0,80,,2216,130,,,0,80,,2215,130,,,0,40,,2213,130,,,0
2000002700,'Samedi-01',611,,2234,130,,,0,43,,2238,130,,,0,90,,2235,130,,,0,77,,2239,130,,,0,36,,2240,130,,,0,84,,2241,130,,,0,81,,2242,130,,,0,82,,2243,130,,,0,42,,2244,130,,,0,82,,2245,130,,,0,82,,2246,130,,,0,42,,2247,130,,,0,82,,2248,130,,,0,82,,2249,130,,,0,42,,2250,130,,,0,82,,2251,130,,,0,82,,2252,130,,,0,86,,2253,130,,,0,38,,2254,130,,,0,82,,2255,130,,,0,82,,2256,130,,,0,42,,2257,130,,,0,74,,2236,130,,,0,77,,2258,130,,,0,50,,2259,130,,,0,86,,2260,130,,,0,80,,2261,130,,,0,89,,2262,130,,,0,39,,2237,130,,,0,76,,2263,130,,,0
2000002700,'Semaine-01',618,,2283,130,,,0,241,,2264,130,,,0,80,,2266,130,,,0,80,,2282,130,,,0,81,,2281,130,,,0,41,,2280,130,,,0,83,,2279,130,,,0,83,,2278,130,,,0,43,,2277,130,,,0,82,,2276,130,,,0,82,,2284,130,,,0,45,,2285,130,,,0,382,,2275,130,,,0,83,,2274,130,,,0,80,,2273,130,,,0,40,,2272,130,,,0,80,,2271,130,,,0,80,,2270,130,,,0,40,,2269,130,,,0,80,,2268,130,,,0,80,,2267,130,,,0,40,,2265,130,,,0
