101,'Dimanche-01',739,,73,250,,,0,205,,74,250,,,0,171,,75,250,,,0,133,,76,250,,,0,167,,77,250,,,0,120,,78,250,,,0,120,,79,250,,,0,160,,80,250,,,0,117,,81,250,,,0,174,,82,250,,,0,114,,83,250,,,0,114,,84,250,,,0
101,'Samedi-01',739,,115,250,,,0,205,,116,250,,,0,171,,117,250,,,0,133,,118,250,,,0,167,,119,250,,,0,120,,120,250,,,0,120,,121,250,,,0,160,,122,250,,,0,117,,123,250,,,0,174,,124,250,,,0,114,,125,250,,,0,114,,126,250,,,0
101,'Semaine-01',638,,127,250,,,0,6,,145,120,,,0,94,,136,250,,,0,70,,138,250,,,0,50,,139,250,,,0,151,,140,250,,,0,105,,141,250,,,0,95,,143,250,,,0,103,,142,250,,,0,106,,144,250,,,0,41,,128,250,,,0,143,,129,250,,,0,56,,130,250,,,0,147,,131,250,,,0,34,,132,250,,,0,103,,133,250,,,0,84,,134,250,,,0,174,,135,250,,,0,135,,137,250,,,0
2301,'Semaine-01',1559,,310,260,,,0,65,,311,260,,,0,30,,312,260,,,0,70,,313,260,,,0,28,,314,260,,,0,69,,315,260,,,0,30,,316,260,,,0
2401,'Semaine-01',1646,,332,160,,,0,85,,333,160,,,0,85,,336,160,,,0,21,,335,160,,,0,64,,334,160,,,0
2801,'Semaine-01',1403,,445,190,0,6,0,150,,451,190,0,6,0,61,,454,190,0,6,0,10,,458,190,0,6,0,12,,455,190,0,6,0,15,,443,190,0,7,0,5,,456,190,0,6,0,50,,457,190,0,6,0,10,,446,190,0,6,0,9,,447,190,0,6,0,10,,442,190,,,0,10,,448,190,0,6,0,8,,449,190,0,6,0,50,,444,190,0,7,0,14,,450,190,0,6,0,10,,452,190,0,6,0,25,,453,190,0,6,0
3300,'Dimanche-01',545,,682,130,,,0,82,,680,130,,,0,90,,691,130,,,0,41,,701,130,,,0,83,,703,130,,,0,93,,704,130,,,0,80,,705,130,,,0,40,,706,130,,,0,80,,707,130,,,0,80,,683,130,,,0,40,,684,130,,,0,79,,685,130,,,0,80,,686,130,,,0,40,,687,130,,,0,79,,688,130,,,0,79,,689,130,,,0,39,,690,130,,,0,79,,692,130,,,0,79,,693,130,,,0,40,,694,130,,,0,87,,695,130,,,0,85,,696,130,,,0,86,,697,130,,,0,47,,698,130,,,0,86,,699,130,,,0,83,,700,130,,,0,88,,681,130,,,0,43,,702,130,,,0,159,,708,130,0,8 6,0
3300,'Samedi-01',605,,769,130,,,0,41,,767,130,,,0,81,,778,130,,,0,82,,788,130,,,0,42,,790,130,,,0,84,,791,130,,,0,81,,792,130,,,0,42,,793,130,,,0,82,,794,130,,,0,82,,770,130,,,0,82,,771,130,,,0,42,,772,130,,,0,82,,773,130,,,0,82,,774,130,,,0,42,,775,130,,,0,82,,776,130,,,0,82,,777,130,,,0,85,,779,130,,,0,39,,780,130,,,0,82,,781,130,,,0,82,,782,130,,,0,39,,783,130,,,0,82,,784,130,,,0,81,,785,130,,,0,42,,786,130,,,0,83,,787,130,,,0,86,,789,130,,,0,86,,768,130,,,0,113,,795,130,0,8 6,0
3300,'Semaine-01',612,,796,130,,,0,40,,824,130,,,0,81,,805,130,,,0,80,,815,130,,,0,40,,818,130,,,0,79,,819,130,,,0,80,,820,130,,,0,42,,821,130,,,0,81,,822,130,,,0,83,,797,130,,,0,83,,798,130,,,0,43,,799,130,,,0,82,,800,130,,,0,83,,801,130,,,0,46,,802,130,,,0,85,,803,130,,,0,85,,804,130,,,0,84,,806,130,,,0,43,,807,130,,,0,83,,808,130,,,0,82,,809,130,,,0,40,,810,130,,,0,80,,811,130,,,0,80,,812,130,,,0,40,,813,130,,,0,80,,814,130,,,0,80,,816,130,,,0,40,,817,130,,,0,96,,823,80,0,8 6,0
9001,'Semaine-01',1845,,828,160,,,0
