101,'Dimanche-01',717,,73,60,,,0,205,,74,60,,,0,130,,75,60,,,0,170,,76,60,,,0,125,,77,60,,,0,160,,78,60,,,0,120,,79,60,,,0,120,,80,60,,,0,160,,81,60,,,0,135,,82,60,,,0,115,,83,60,,,0,155,,84,60,,,0
101,'Samedi-01',717,,115,60,,,0,205,,116,60,,,0,130,,117,60,,,0,170,,118,60,,,0,125,,119,60,,,0,160,,120,60,,,0,120,,121,60,,,0,120,,122,60,,,0,160,,123,60,,,0,135,,124,60,,,0,115,,125,60,,,0,155,,126,60,,,0
101,'Semaine-01',612,,127,60,,,0,100,,136,60,,,0,30,,138,60,,,0,90,,139,60,,,0,111,,140,60,,,0,105,,141,60,,,0,95,,143,60,,,0,100,,142,60,,,0,106,,144,60,,,0,80,,128,60,,,0,100,,129,60,,,0,100,,130,60,,,0,109,,131,60,,,0,75,,132,60,,,0,104,,133,60,,,0,85,,134,60,,,0,135,,135,60,,,0,175,,137,60,,,0
2101,'Semaine-01',645,,260,60,0,5 6,0,79,,261,60,0,5 6,0,81,,262,60,0,5 6,0,795,,254,60,,,0,23,,255,60,,,0,26,,256,60,,,0,65,,257,60,,,0,25,,258,60,,,0,68,,259,60,,,0
2301,'Semaine-01',1533,,310,60,,,0,25,,311,60,,,0,70,,312,60,,,0,30,,313,60,,,0,70,,314,60,,,0,29,,315,60,,,0,70,,316,60,,,0
2501,'Semaine-01',1538,,355,60,,,0,80,,356,60,,,0,34,,357,60,,,0,80,,358,60,,,0,80,,359,60,,,0,30,,360,60,,,0
3100,'Dimanche-01',651,,492,60,,,0,255,,493,60,,,0,238,,491,60,,,0,163,,484,60,,,0,120,,485,60,,,0,118,,486,60,,,0,158,,487,60,,,0,119,,488,60,,,0,127,,489,60,,,0,262,,483,60,,,0,215,,490,60,,,0
3100,'Samedi-01',540,,537,60,,,0,83,,548,60,,,0,201,,549,60,,,0,125,,546,60,,,0,164,,536,60,,,0,124,,547,60,,,0,164,,538,60,,,0,124,,539,60,,,0,124,,540,60,,,0,164,,541,60,,,0,124,,542,60,,,0,68,,543,60,,,0,216,,544,60,,,0,215,,545,60,,,0
3100,'Semaine-01',546,,574,60,,,0,80,,550,60,,,0,80,,560,60,,,0,40,,575,60,,,0,80,,569,60,,,0,80,,570,60,,,0,40,,571,60,,,0,81,,577,60,,,0,81,,572,60,,,0,43,,573,60,,,0,83,,551,60,,,0,83,,552,60,,,0,42,,553,60,,,0,81,,554,60,,,0,84,,555,60,,,0,85,,556,60,,,0,45,,557,60,,,0,86,,558,60,,,0,86,,559,60,,,0,84,,561,60,,,0,42,,562,60,,,0,80,,563,60,,,0,80,,564,60,,,0,40,,565,60,,,0,80,,566,60,,,0,80,,567,60,,,0,40,,568,60,,,0,161,,576,60,0,5 6,0
3200,'Dimanche-01',541,,578,60,,,0,214,,583,60,,,0,262,,586,60,,,0,192,,587,60,,,0,119,,579,60,,,0,122,,589,60,,,0,160,,580,60,,,0,119,,582,60,,,0,118,,581,60,,,0,256,,584,60,,,0,216,,585,60,,,0,213,,588,60,0,6,0
3200,'Samedi-01',653,,641,60,,,0,77,,636,60,,,0,120,,644,60,,,0,162,,645,60,,,0,124,,646,60,,,0,164,,637,60,,,0,124,,648,60,,,0,124,,638,60,,,0,168,,639,60,,,0,120,,640,60,,,0,277,,642,60,,,0,216,,643,60,,,0,211,,647,60,0,6,0
3200,'Semaine-01',610,,674,60,,,0,39,,649,60,,,0,79,,677,60,,,0,79,,660,60,,,0,40,,668,60,,,0,82,,669,60,,,0,81,,670,60,,,0,41,,671,60,,,0,83,,672,60,,,0,83,,673,60,,,0,83,,650,60,,,0,42,,651,60,,,0,81,,652,60,,,0,84,,676,60,,,0,45,,654,60,,,0,84,,655,60,,,0,86,,656,60,,,0,87,,657,60,,,0,42,,658,60,,,0,84,,659,60,,,0,81,,661,60,,,0,40,,662,60,,,0,80,,663,60,,,0,80,,664,60,,,0,40,,665,60,,,0,82,,666,60,,,0,80,,667,60,,,0,112,,675,60,0,6,0
9800,'Semaine-01',723,,843,60,,,0,103,,847,60,,,0,105,,848,60,,,0,505,,849,60,,,0,105,,850,60,,,0,105,,851,60,,,0,105,,852,60,,,0,105,,853,60,,,0,98,,854,60,,,0,100,,844,60,,,0,90,,845,60,,,0,90,,846,60,,,0
11101,'Dimanche-01',900,,917,60,,,0,147,,916,60,,,0,295,,918,60,,,0,288,,919,60,,,0,304,,920,60,,,0
11101,'Samedi-01',900,,949,60,,,0,147,,948,60,,,0,295,,950,60,,,0,288,,951,60,,,0,304,,952,60,,,0
11101,'Semaine-01',631,,965,60,,,0,95,,972,60,,,0,130,,973,60,,,0,95,,970,60,,,0,191,,975,60,,,0,265,,956,70,,,0,120,,959,70,,,0,110,,967,70,,,0,110,,968,70,,,0,95,,969,70,,,0,75,,958,70,,,0,305,,971,60,,,0
