100,'Dimanche-01',647,,12,690,,,0,200,,1,690,,,0,167,,2,690,,,0,131,,3,690,,,0,165,,4,690,,,0,123,,5,690,,,0,118,,6,690,,,0,160,,7,690,,,0,123,,8,690,,,0,175,,9,690,,,0,115,,10,690,,,0,115,,11,690,,,0
100,'Samedi-01',647,,54,690,,,0,200,,43,690,,,0,167,,44,690,,,0,131,,45,690,,,0,165,,46,690,,,0,123,,47,690,,,0,118,,48,690,,,0,160,,49,690,,,0,123,,50,690,,,0,175,,51,690,,,0,115,,52,690,,,0,115,,53,690,,,0
100,'Semaine-01',535,,55,690,,,0,105,,56,690,,,0,67,,57,690,,,0,42,,58,690,,,0,157,,59,690,,,0,103,,62,690,,,0,93,,71,690,,,0,102,,63,690,,,0,103,,72,690,,,0,38,,64,690,,,0,102,,65,690,,,0,100,,69,690,,,0,110,,66,690,,,0,74,,67,690,,,0,104,,60,690,,,0,92,,61,690,,,0,131,,70,690,,,0,184,,68,690,,,0
2100,'Semaine-01',553,,240,330,,,0,70,,241,330,,,0,32,,242,330,,,0,76,,243,330,,,0,70,,244,330,,,0,35,,245,330,,,0
2300,'Semaine-01',554,,295,370,,,0,66,,296,370,,,0,16,,297,370,,,0,75,,298,370,,,0,25,,299,370,,,0,21,,300,370,,,0,60,,301,370,,,0,20,,302,370,,,0
2500,'Semaine-01',611,,346,350,,,0,34,,343,370,,,0,61,,347,350,,,0,29,,344,370,,,0,66,,348,350,,,0,29,,345,370,,,0
2600,'Semaine-01',509,,363,320,,,0,17,,364,330,,,0
2800,'Semaine-01',529,,417,220,,,0,20,,416,220,,,0,60,,414,460,,,0,10,,428,220,,,0,10,,424,220,,,0,10,,425,220,,,0,10,,413,480,,,0,8,,426,220,,,0,48,,415,460,,,0,8,,429,220,,,0,9,,427,220,,,0,8,,418,220,,,0,10,,419,220,,,0,10,,420,220,,,0,51,,421,220,,,0,10,,422,220,,,0,20,,423,220,,,0
3100,'Dimanche-01',731,,492,410,,,0,218,,493,410,,,0,278,,491,410,,,0,123,,484,410,,,0,160,,485,410,,,0,118,,486,410,,,0,118,,487,410,,,0,159,,488,410,,,0,127,,489,410,,,0,221,,483,410,,,0,254,,490,410,,,0
3100,'Samedi-01',620,,537,410,,,0,83,,548,410,,,0,204,,549,410,,,0,125,,546,410,,,0,124,,536,410,,,0,164,,547,410,,,0,124,,538,410,,,0,164,,539,410,,,0,124,,540,410,,,0,124,,541,410,,,0,164,,542,410,,,0,27,,543,410,,,0,256,,544,410,,,0,214,,545,410,,,0
3100,'Semaine-01',630,,574,410,,,0,80,,550,410,,,0,41,,560,410,,,0,80,,575,410,,,0,80,,569,410,,,0,40,,570,410,,,0,79,,571,410,,,0,80,,577,410,,,0,43,,572,410,,,0,83,,573,410,,,0,83,,551,410,,,0,83,,552,410,,,0,42,,553,410,,,0,83,,554,410,,,0,84,,555,410,,,0,45,,556,410,,,0,86,,557,410,,,0,85,,558,410,,,0,84,,559,410,,,0,42,,561,410,,,0,82,,562,410,,,0,79,,563,410,,,0,40,,564,410,,,0,79,,565,410,,,0,80,,566,410,,,0,40,,567,410,,,0,80,,568,410,,,0
3200,'Dimanche-01',625,,578,420,,,0,214,,583,420,,,0,263,,586,420,,,0,152,,587,420,,,0,159,,579,420,,,0,122,,589,420,,,0,120,,580,420,,,0,159,,582,420,,,0,118,,581,420,,,0,214,,584,420,,,0,256,,585,420,,,0
3200,'Samedi-01',556,,635,300,,,0,181,,641,420,,,0,77,,636,420,,,0,120,,644,420,,,0,123,,645,420,,,0,164,,646,420,,,0,124,,637,420,,,0,164,,648,420,,,0,124,,638,420,,,0,168,,639,420,,,0,120,,640,420,,,0,235,,642,420,,,0,256,,643,420,,,0
3200,'Semaine-01',653,,674,420,,,0,80,,649,420,,,0,80,,677,420,,,0,40,,660,420,,,0,80,,668,420,,,0,78,,669,420,,,0,41,,670,420,,,0,81,,671,420,,,0,83,,672,420,,,0,43,,673,420,,,0,83,,650,420,,,0,82,,651,420,,,0,83,,652,420,,,0,46,,676,420,,,0,59,,653,70,,,0,26,,654,420,,,0,20,,678,70,,,0,64,,655,420,,,0,20,,679,70,,,0,65,,656,420,,,0,44,,657,420,,,0,82,,658,420,,,0,83,,659,420,,,0,40,,661,420,,,0,80,,662,420,,,0,80,,663,420,,,0,40,,664,420,,,0,80,,665,420,,,0,80,,666,420,,,0,40,,667,420,,,0
9000,'Semaine-01',703,,825,230,,,0,24,,826,230,,,0
9800,'Semaine-01',653,,855,210,0,21 10,0,102,,843,310,,,0,104,,847,310,,,0,145,,848,310,,,0,507,,849,310,,,0,105,,850,310,,,0,105,,851,310,,,0,104,,852,310,,,0,103,,853,310,,,0,97,,854,310,,,0,97,,844,310,,,0,90,,845,310,,,0
11100,'Dimanche-01',833,,857,440,0,5 10,0,188,,856,440,0,5 10,0,290,,858,440,0,5 10,0,289,,859,440,0,5 10,0,305,,860,440,0,5 10,0
11100,'Samedi-01',833,,887,440,0,5 10,0,188,,886,440,0,5 10,0,290,,888,440,0,5 10,0,289,,889,440,0,5 10,0,305,,890,440,0,5 10,0
11100,'Semaine-01',546,,902,440,0,5 15,0,54,,896,440,0,5 10,0,21,,900,440,0,5 15,0,27,,903,440,0,5 15,0,5,,897,440,0,5 10,0,55,,901,440,0,5 15,0,11,,915,440,0,16 17,0,20,,909,440,0,5 15,0,20,,904,440,0,5 15,0,44,,898,440,0,16 17,0,16,,911,440,0,5 15,0,39,,899,440,0,16 17,0,157,,912,440,0,16 17,0,36,,894,440,0,16 17,0,265,,895,440,0,5 10,0,340,,906,440,0,5 10,0,46,,905,370,0,5 15,0,53,,908,440,0,5 10,0,59,,907,370,0,5 15,0,335,,910,370,0,5 10,0
