100,'Dimanche-01',628,,12,490,,,0,200,,1,490,,,0,125,,2,490,,,0,170,,3,490,,,0,125,,4,490,,,0,164,,5,490,,,0,119,,6,490,,,0,120,,7,490,,,0,164,,8,490,,,0,135,,9,490,,,0,155,,10,490,,,0,115,,11,490,,,0
100,'Fête-1-01',628,,2637,490,,,0,200,,2626,490,,,0,125,,2627,490,,,0,170,,2628,490,,,0,125,,2629,490,,,0,164,,2630,490,,,0,119,,2631,490,,,0,120,,2632,490,,,0,164,,2633,490,,,0,135,,2634,490,,,0,155,,2635,490,,,0,115,,2636,490,,,0
100,'Samedi-01',628,,54,490,,,0,200,,43,490,,,0,125,,44,490,,,0,170,,45,490,,,0,125,,46,490,,,0,164,,47,490,,,0,119,,48,490,,,0,120,,49,490,,,0,164,,50,490,,,0,135,,51,490,,,0,155,,52,490,,,0,115,,53,490,,,0
100,'Semaine-01',513,,55,490,,,0,104,,56,490,,,0,26,,57,490,,,0,81,,58,490,,,0,119,,59,490,,,0,104,,62,490,,,0,94,,71,490,,,0,101,,63,490,,,0,100,,72,490,,,0,78,,64,490,,,0,102,,65,490,,,0,100,,69,490,,,0,110,,66,490,,,0,75,,67,490,,,0,107,,60,490,,,0,93,,61,490,,,0,133,,70,490,,,0,185,,68,490,,,0
100,'Semaine-02',511,,2638,490,,,0,102,,2639,490,,,0,30,,2640,490,,,0,81,,2641,490,,,0,129,,2642,490,,,0,98,,2645,490,,,0,70,,2654,490,,,0,100,,2646,490,,,0,106,,2655,490,,,0,95,,2647,490,,,0,100,,2648,490,,,0,100,,2652,490,,,0,110,,2649,490,,,0,89,,2650,490,,,0,113,,2643,490,,,0,88,,2644,490,,,0,103,,2653,490,,,0,197,,2651,490,,,0
100,'Semaine-03',513,,2656,490,,,0,104,,2657,490,,,0,26,,2658,490,,,0,81,,2659,490,,,0,119,,2660,490,,,0,104,,2663,490,,,0,94,,2672,490,,,0,101,,2664,490,,,0,100,,2673,490,,,0,78,,2665,490,,,0,102,,2666,490,,,0,100,,2670,490,,,0,110,,2667,490,,,0,75,,2668,490,,,0,107,,2661,490,,,0,93,,2662,490,,,0,133,,2671,490,,,0,185,,2669,490,,,0
2300,'Semaine-01',534,,295,160,,,0,25,,296,160,,,0,55,,297,160,,,0,35,,298,160,,,0,65,,299,160,,,0,20,,300,160,,,0,20,,301,160,,,0,60,,302,160,,,0
2300,'Semaine-02',534,,2836,160,,,0,25,,2837,160,,,0,55,,2838,160,,,0,35,,2839,160,,,0,65,,2840,160,,,0,15,,2841,160,,,0,25,,2842,160,,,0,60,,2843,160,,,0
2300,'Semaine-03',534,,2844,160,,,0,25,,2845,160,,,0,55,,2846,160,,,0,35,,2847,160,,,0,65,,2848,160,,,0,20,,2849,160,,,0,20,,2850,160,,,0,60,,2851,160,,,0
2800,'Semaine-01',505,,417,20,,,0,20,,416,20,,,0,15,,414,260,,,0,15,,428,20,,,0,55,,425,20,,,0,15,,413,300,,,0,10,,426,20,,,0,10,,415,260,,,0,10,,427,20,,,0,50,,418,20,,,0,10,,419,20,,,0,15,,420,20,,,0,15,,422,20,,,0,60,,423,20,,,0
2800,'Semaine-02',505,,2957,20,,,0,20,,2956,20,,,0,15,,2954,260,,,0,15,,2963,20,,,0,55,,2964,20,,,0,15,,2953,300,,,0,15,,2955,260,,,0,15,,2958,20,,,0,55,,2959,20,,,0,15,,2960,20,,,0,20,,2961,20,,,0,60,,2962,20,,,0
2800,'Semaine-03',505,,2969,20,,,0,20,,2968,20,,,0,15,,2966,260,,,0,15,,2978,20,,,0,55,,2975,20,,,0,15,,2965,300,,,0,10,,2976,20,,,0,10,,2967,260,,,0,10,,2977,20,,,0,50,,2970,20,,,0,10,,2971,20,,,0,15,,2972,20,,,0,15,,2973,20,,,0,60,,2974,20,,,0
