101,'Dimanche-01',809,,73,720,,,0,206,,74,720,,,0,131,,75,720,,,0,173,,76,720,,,0,127,,77,720,,,0,160,,78,720,,,0,120,,79,720,,,0,120,,80,720,,,0,157,,81,720,,,0,134,,82,720,,,0,114,,83,720,,,0,153,,84,720,,,0
101,'Fête-1-01',809,,2674,720,,,0,206,,2675,720,,,0,131,,2676,720,,,0,173,,2677,720,,,0,127,,2678,720,,,0,160,,2679,720,,,0,120,,2680,720,,,0,120,,2681,720,,,0,157,,2682,720,,,0,134,,2683,720,,,0,114,,2684,720,,,0,153,,2685,720,,,0
101,'Samedi-01',809,,115,720,,,0,206,,116,720,,,0,131,,117,720,,,0,173,,118,720,,,0,127,,119,720,,,0,160,,120,720,,,0,120,,121,720,,,0,120,,122,720,,,0,157,,123,720,,,0,134,,124,720,,,0,114,,125,720,,,0,153,,126,720,,,0
101,'Semaine-01',709,,127,720,,,0,101,,136,720,,,0,30,,138,720,,,0,90,,139,720,,,0,110,,140,720,,,0,105,,141,720,,,0,95,,143,720,,,0,105,,142,720,,,0,106,,144,720,,,0,81,,128,720,,,0,105,,129,720,,,0,96,,130,720,,,0,105,,131,720,,,0,74,,132,720,,,0,103,,133,720,,,0,43,,134,720,,,0,173,,135,720,,,0,173,,137,720,,,0
101,'Semaine-02',704,,2686,720,,,0,101,,2695,720,,,0,30,,2697,720,,,0,100,,2698,720,,,0,105,,2699,720,,,0,95,,2700,720,,,0,100,,2702,720,,,0,100,,2701,720,,,0,111,,2703,720,,,0,86,,2687,720,,,0,110,,2688,720,,,0,91,,2689,720,,,0,105,,2690,720,,,0,69,,2691,720,,,0,29,,2692,720,,,0,108,,2693,720,,,0,182,,2694,720,,,0,188,,2696,720,,,0
101,'Semaine-03',709,,2704,720,,,0,101,,2713,720,,,0,30,,2715,720,,,0,90,,2716,720,,,0,110,,2717,720,,,0,105,,2718,720,,,0,95,,2720,720,,,0,105,,2719,720,,,0,106,,2721,720,,,0,81,,2705,720,,,0,105,,2706,720,,,0,96,,2707,720,,,0,105,,2708,720,,,0,74,,2709,720,,,0,103,,2710,720,,,0,43,,2711,720,,,0,173,,2712,720,,,0,173,,2714,720,,,0
2001,'Dimanche-01',802,,190,550,,,0,124,,191,550,,,0,126,,192,550,,,0,165,,193,550,,,0,125,,194,550,,,0,165,,195,550,,,0,125,,196,550,,,0,125,,197,550,,,0
2001,'Fête-1-01',802,,2752,550,,,0,124,,2753,550,,,0,126,,2754,550,,,0,165,,2755,550,,,0,125,,2756,550,,,0,165,,2757,550,,,0,125,,2758,550,,,0,125,,2759,550,,,0
2001,'Samedi-01',802,,215,550,,,0,124,,216,550,,,0,126,,217,550,,,0,165,,218,550,,,0,125,,219,550,,,0,165,,220,550,,,0,125,,221,550,,,0,125,,222,550,,,0
2001,'Semaine-01',747,,223,540,,,0,166,,224,540,,,0,125,,225,540,,,0,166,,226,540,,,0,126,,227,540,,,0,125,,228,540,,,0,166,,229,540,,,0,126,,230,540,,,0,164,,231,540,,,0
2001,'Semaine-01-0001100',2033,,233,540,,,0,124,,232,540,,,0
2001,'Semaine-02',747,,2760,540,,,0,166,,2761,540,,,0,125,,2762,540,,,0,166,,2763,540,,,0,126,,2764,540,,,0,125,,2765,540,,,0,166,,2766,540,,,0,126,,2767,540,,,0,164,,2768,540,,,0
2001,'Semaine-02-0001100',2033,,2770,540,,,0,124,,2769,540,,,0
2001,'Semaine-03',747,,2771,540,,,0,166,,2772,540,,,0,125,,2773,540,,,0,166,,2774,540,,,0,126,,2775,540,,,0,125,,2776,540,,,0,166,,2777,540,,,0,126,,2778,540,,,0,164,,2779,540,,,0
2001,'Semaine-03-0001100',2033,,2781,540,,,0,124,,2780,540,,,0
