2500,'Fête-2-01',619,,2770,140,,,0,90,,2771,140,,,0,95,,2772,140,,,0
2500,'Semaine-01',619,,343,140,,,0,90,,344,140,,,0,95,,345,140,,,0
2501,'Fête-2-01',1610,,2776,300,,,0,40,,2777,300,,,0,74,,2778,300,,,0,79,,2779,300,,,0,40,,2780,300,,,0,68,,2781,300,,,0
2501,'Semaine-01',1610,,355,300,,,0,40,,356,300,,,0,74,,357,300,,,0,79,,358,300,,,0,40,,359,300,,,0,68,,360,300,,,0
2600,'Fête-2-01',445,,2782,10,,,0
2600,'Semaine-01',445,,363,10,,,0
2000002500,'Dimanche-01',536,,1991,130,,,0,87,,1993,180,,,0,78,,1994,180,,,0,35,,1995,180,,,0,68,,1996,180,,,0,34,,1997,180,,,0,78,,1998,180,,,0,37,,1999,180,,,0,76,,2000,180,,,0,72,,2001,180,,,0,45,,2002,180,,,0,85,,2003,180,,,0,95,,2004,180,,,0,23,,2005,180,,,0,62,,2006,180,,,0,45,,2007,180,,,0,80,,2008,180,,,0,80,,2009,180,,,0,40,,2010,180,,,0,75,,2011,180,,,0,81,,2012,180,,,0,39,,2013,180,,,0,80,,2014,180,,,0,70,,2015,180,,,0,35,,2016,180,,,0,75,,2017,180,,,0,35,,2018,180,,,0,75,,2019,180,,,0,35,,2020,180,,,0,70,,2021,180,,,0,75,,2022,180,,,0,35,,2023,180,,,0,76,,2024,180,,,0,102,,1992,180,,,0
2000002500,'Fête-1-03',523,,3486,130,,,0,26,,3455,180,,,0,76,,3471,180,,,0,83,,3456,180,,,0,27,,3472,180,,,0,77,,3457,180,,,0,40,,3473,180,,,0,80,,3458,180,,,0,70,,3474,180,,,0,40,,3459,180,,,0,80,,3475,180,,,0,37,,3460,180,,,0,70,,3454,180,,,0,73,,3461,180,,,0,41,,3476,180,,,0,78,,3462,180,,,0,86,,3477,180,,,0,45,,3463,180,,,0,79,,3478,180,,,0,71,,3464,180,,,0,34,,3479,180,,,0,84,,3465,180,,,0,80,,3480,180,,,0,44,,3466,180,,,0,80,,3481,180,,,0,90,,3467,180,,,0,41,,3482,180,,,0,76,,3468,180,,,0,76,,3483,180,,,0,32,,3469,180,,,0,72,,3484,180,,,0,111,,3470,180,,,0,96,,3485,180,,,0
2000002500,'Fête-2-01',556,,3488,130,,,0,76,,3489,180,,,0,80,,3490,180,,,0,40,,3487,180,,,0,80,,3491,180,,,0,80,,3492,180,,,0,40,,3493,180,,,0,80,,3494,180,,,0,81,,3495,180,,,0,42,,3496,180,,,0,83,,3497,180,,,0,83,,3498,180,,,0,83,,3499,180,,,0,42,,3500,180,,,0,82,,3501,180,,,0,85,,3502,180,,,0,45,,3503,180,,,0,86,,3504,180,,,0,85,,3505,180,,,0,85,,3506,180,,,0,42,,3507,180,,,0,82,,3508,180,,,0,79,,3509,180,,,0,40,,3510,180,,,0,80,,3511,180,,,0,80,,3512,180,,,0,40,,3513,180,,,0,80,,3514,180,,,0,20,,3515,180,,,0,70,,3516,180,,,0,82,,3517,180,,,0
2000002500,'Samedi-01',523,,2121,130,,,0,26,,2090,180,,,0,76,,2106,180,,,0,83,,2091,180,,,0,27,,2107,180,,,0,77,,2092,180,,,0,40,,2108,180,,,0,80,,2093,180,,,0,70,,2109,180,,,0,40,,2094,180,,,0,80,,2110,180,,,0,37,,2095,180,,,0,70,,2089,180,,,0,73,,2096,180,,,0,41,,2111,180,,,0,78,,2097,180,,,0,86,,2112,180,,,0,45,,2098,180,,,0,79,,2113,180,,,0,71,,2099,180,,,0,34,,2114,180,,,0,84,,2100,180,,,0,80,,2115,180,,,0,44,,2101,180,,,0,80,,2116,180,,,0,90,,2102,180,,,0,41,,2117,180,,,0,76,,2103,180,,,0,76,,2118,180,,,0,32,,2104,180,,,0,72,,2119,180,,,0,111,,2105,180,,,0,96,,2120,180,,,0
2000002500,'Semaine-01',556,,2123,130,,,0,76,,2124,180,,,0,80,,2125,180,,,0,40,,2122,180,,,0,80,,2126,180,,,0,80,,2127,180,,,0,40,,2128,180,,,0,80,,2129,180,,,0,81,,2130,180,,,0,42,,2131,180,,,0,83,,2132,180,,,0,83,,2133,180,,,0,83,,2134,180,,,0,42,,2135,180,,,0,82,,2136,180,,,0,85,,2137,180,,,0,45,,2138,180,,,0,86,,2139,180,,,0,85,,2140,180,,,0,85,,2141,180,,,0,42,,2142,180,,,0,82,,2143,180,,,0,79,,2144,180,,,0,40,,2145,180,,,0,80,,2146,180,,,0,80,,2147,180,,,0,40,,2148,180,,,0,80,,2149,180,,,0,20,,2150,180,,,0,70,,2151,180,,,0,82,,2152,180,,,0
