101,'Dimanche-01',720,,73,90,,,0,205,,74,90,,,0,130,,75,90,,,0,170,,76,90,,,0,125,,77,90,,,0,160,,78,90,,,0,120,,79,90,,,0,120,,80,90,,,0,160,,81,90,,,0,135,,82,90,,,0,155,,83,90,,,0,115,,84,90,,,0
101,'Fête-1-03',720,,2656,90,,,0,205,,2657,90,,,0,130,,2658,90,,,0,170,,2659,90,,,0,125,,2660,90,,,0,160,,2661,90,,,0,120,,2662,90,,,0,120,,2663,90,,,0,160,,2664,90,,,0,135,,2665,90,,,0,155,,2666,90,,,0,115,,2667,90,,,0
101,'Fête-2-01',615,,2668,90,,,0,100,,2677,90,,,0,30,,2679,90,,,0,90,,2680,90,,,0,111,,2681,90,,,0,105,,2682,90,,,0,95,,2684,90,,,0,100,,2683,90,,,0,106,,2685,90,,,0,80,,2669,90,,,0,100,,2670,90,,,0,100,,2671,90,,,0,109,,2672,90,,,0,75,,2673,90,,,0,104,,2674,90,,,0,85,,2675,90,,,0,135,,2676,90,,,0,175,,2678,90,,,0
101,'Samedi-01',720,,115,90,,,0,205,,116,90,,,0,130,,117,90,,,0,170,,118,90,,,0,125,,119,90,,,0,160,,120,90,,,0,120,,121,90,,,0,120,,122,90,,,0,160,,123,90,,,0,135,,124,90,,,0,155,,125,90,,,0,115,,126,90,,,0
101,'Semaine-01',615,,127,90,,,0,100,,136,90,,,0,30,,138,90,,,0,90,,139,90,,,0,111,,140,90,,,0,105,,141,90,,,0,95,,143,90,,,0,100,,142,90,,,0,106,,144,90,,,0,80,,128,90,,,0,100,,129,90,,,0,100,,130,90,,,0,109,,131,90,,,0,75,,132,90,,,0,104,,133,90,,,0,85,,134,90,,,0,135,,135,90,,,0,175,,137,90,,,0
2101,'Fête-2-01',648,,2731,90,0,5 6,0,79,,2732,90,0,5 6,0,81,,2733,90,0,5 6,0,795,,2726,90,,,0,30,,2727,90,,,0,69,,2728,90,,,0,30,,2729,90,,,0,70,,2730,90,,,0
2101,'Semaine-01',648,,260,90,0,5 6,0,79,,261,90,0,5 6,0,81,,262,90,0,5 6,0,795,,254,90,,,0,23,,255,90,,,0,26,,256,90,,,0,65,,257,90,,,0,25,,258,90,,,0,68,,259,90,,,0
2301,'Fête-2-01',1536,,2754,90,,,0,65,,2755,90,,,0,30,,2756,90,,,0,70,,2757,90,,,0,30,,2758,90,,,0,69,,2759,90,,,0,30,,2760,90,,,0
2301,'Semaine-01',1536,,310,90,,,0,65,,311,90,,,0,30,,312,90,,,0,70,,313,90,,,0,30,,314,90,,,0,69,,315,90,,,0,30,,316,90,,,0
2501,'Fête-2-01',1541,,2776,90,,,0,80,,2777,90,,,0,34,,2778,90,,,0,80,,2779,90,,,0,80,,2780,90,,,0,30,,2781,90,,,0
2501,'Semaine-01',1541,,355,90,,,0,80,,356,90,,,0,34,,357,90,,,0,80,,358,90,,,0,80,,359,90,,,0,30,,360,90,,,0
3100,'Dimanche-01',654,,492,90,,,0,255,,493,90,,,0,238,,491,90,,,0,163,,484,90,,,0,120,,485,90,,,0,118,,486,90,,,0,158,,487,90,,,0,119,,488,90,,,0,127,,489,90,,,0,262,,483,90,,,0,215,,490,90,,,0
3100,'Fête-1-03',543,,2838,90,,,0,83,,2849,90,,,0,201,,2850,90,,,0,125,,2847,90,,,0,164,,2837,90,,,0,124,,2848,90,,,0,164,,2839,90,,,0,124,,2840,90,,,0,124,,2841,90,,,0,164,,2842,90,,,0,124,,2843,90,,,0,68,,2844,90,,,0,216,,2845,90,,,0,215,,2846,90,,,0
3100,'Fête-2-01',549,,2875,90,,,0,80,,2851,90,,,0,80,,2861,90,,,0,40,,2876,90,,,0,80,,2870,90,,,0,80,,2871,90,,,0,40,,2872,90,,,0,81,,2878,90,,,0,81,,2873,90,,,0,43,,2874,90,,,0,83,,2852,90,,,0,83,,2853,90,,,0,82,,2854,90,,,0,41,,2855,90,,,0,84,,2856,90,,,0,85,,2857,90,,,0,45,,2858,90,,,0,86,,2859,90,,,0,86,,2860,90,,,0,84,,2862,90,,,0,42,,2863,90,,,0,80,,2864,90,,,0,80,,2865,90,,,0,40,,2866,90,,,0,80,,2867,90,,,0,80,,2868,90,,,0,40,,2869,90,,,0,161,,2877,90,0,5 6,0
3100,'Samedi-01',543,,537,90,,,0,83,,548,90,,,0,201,,549,90,,,0,125,,546,90,,,0,164,,536,90,,,0,124,,547,90,,,0,164,,538,90,,,0,124,,539,90,,,0,124,,540,90,,,0,164,,541,90,,,0,124,,542,90,,,0,68,,543,90,,,0,216,,544,90,,,0,215,,545,90,,,0
3100,'Semaine-01',549,,574,90,,,0,80,,550,90,,,0,80,,560,90,,,0,40,,575,90,,,0,80,,569,90,,,0,80,,570,90,,,0,40,,571,90,,,0,81,,577,90,,,0,81,,572,90,,,0,43,,573,90,,,0,83,,551,90,,,0,83,,552,90,,,0,82,,553,90,,,0,41,,554,90,,,0,84,,555,90,,,0,85,,556,90,,,0,45,,557,90,,,0,86,,558,90,,,0,86,,559,90,,,0,84,,561,90,,,0,42,,562,90,,,0,80,,563,90,,,0,80,,564,90,,,0,40,,565,90,,,0,80,,566,90,,,0,80,,567,90,,,0,40,,568,90,,,0,161,,576,90,0,5 6,0
3200,'Dimanche-01',544,,578,90,,,0,214,,583,90,,,0,262,,586,90,,,0,192,,587,90,,,0,119,,579,90,,,0,122,,589,90,,,0,160,,580,90,,,0,119,,582,90,,,0,118,,581,90,,,0,256,,584,90,,,0,216,,585,90,,,0,213,,588,90,0,6,0
3200,'Fête-1-03',656,,2885,90,,,0,77,,2880,90,,,0,120,,2888,90,,,0,162,,2889,90,,,0,124,,2890,90,,,0,164,,2881,90,,,0,124,,2892,90,,,0,124,,2882,90,,,0,168,,2883,90,,,0,120,,2884,90,,,0,277,,2886,90,,,0,216,,2887,90,,,0,210,,2891,90,0,6,0
3200,'Fête-2-01',613,,2918,90,,,0,39,,2893,90,,,0,79,,2921,90,,,0,79,,2904,90,,,0,40,,2912,90,,,0,82,,2913,90,,,0,81,,2914,90,,,0,41,,2915,90,,,0,83,,2916,90,,,0,83,,2917,90,,,0,83,,2894,90,,,0,42,,2895,90,,,0,81,,2896,90,,,0,84,,2920,90,,,0,45,,2898,90,,,0,84,,2899,90,,,0,86,,2900,90,,,0,87,,2901,90,,,0,42,,2902,90,,,0,84,,2903,90,,,0,81,,2905,90,,,0,40,,2906,90,,,0,80,,2907,90,,,0,80,,2908,90,,,0,40,,2909,90,,,0,82,,2910,90,,,0,80,,2911,90,,,0,112,,2919,90,0,6,0
3200,'Samedi-01',656,,641,90,,,0,77,,636,90,,,0,120,,644,90,,,0,162,,645,90,,,0,124,,646,90,,,0,164,,637,90,,,0,124,,648,90,,,0,124,,638,90,,,0,168,,639,90,,,0,120,,640,90,,,0,277,,642,90,,,0,216,,643,90,,,0,210,,647,90,0,6,0
3200,'Semaine-01',613,,674,90,,,0,39,,649,90,,,0,79,,677,90,,,0,79,,660,90,,,0,40,,668,90,,,0,82,,669,90,,,0,81,,670,90,,,0,41,,671,90,,,0,83,,672,90,,,0,83,,673,90,,,0,83,,650,90,,,0,42,,651,90,,,0,81,,652,90,,,0,84,,676,90,,,0,45,,654,90,,,0,84,,655,90,,,0,86,,656,90,,,0,87,,657,90,,,0,42,,658,90,,,0,84,,659,90,,,0,81,,661,90,,,0,40,,662,90,,,0,80,,663,90,,,0,80,,664,90,,,0,40,,665,90,,,0,82,,666,90,,,0,80,,667,90,,,0,112,,675,90,0,6,0
9800,'Fête-2-01',725,,2982,90,,,0,103,,2986,90,,,0,105,,2987,90,,,0,506,,2988,90,,,0,105,,2989,90,,,0,105,,2990,90,,,0,104,,2991,90,,,0,105,,2992,90,,,0,98,,2993,90,,,0,100,,2983,90,,,0,90,,2984,90,,,0,90,,2985,90,,,0
9800,'Semaine-01',725,,843,90,,,0,103,,847,90,,,0,105,,848,90,,,0,506,,849,90,,,0,105,,850,90,,,0,105,,851,90,,,0,104,,852,90,,,0,105,,853,90,,,0,98,,854,90,,,0,100,,844,90,,,0,90,,845,90,,,0,90,,846,90,,,0
11101,'Dimanche-01',902,,917,90,,,0,148,,916,90,,,0,295,,918,90,,,0,288,,919,90,,,0,304,,920,90,,,0
11101,'Fête-1-03',902,,3018,90,,,0,148,,3017,90,,,0,295,,3019,90,,,0,288,,3020,90,,,0,304,,3021,90,,,0
11101,'Fête-2-01',710,,3033,100,,,0,100,,3036,100,,,0,100,,3037,100,,,0,14,,3035,90,,,0,231,,3039,90,,,0,200,,3025,90,,,0,190,,3026,100,,,0,70,,3028,100,,,0,30,,3029,100,,,0,70,,3030,100,,,0,30,,3031,100,,,0,70,,3032,100,,,0,30,,3034,100,,,0,70,,3027,100,,,0,110,,3038,90,,,0
11101,'Samedi-01',902,,949,90,,,0,148,,948,90,,,0,295,,950,90,,,0,288,,951,90,,,0,304,,952,90,,,0
11101,'Semaine-01',633,,965,90,,,0,96,,972,90,,,0,130,,973,90,,,0,95,,970,90,,,0,191,,975,90,,,0,265,,956,100,,,0,120,,959,100,,,0,110,,967,100,,,0,110,,968,100,,,0,95,,969,100,,,0,75,,958,100,,,0,305,,971,90,,,0
