2100,'Semaine-01',538,,240,200,,,0,70,,241,200,,,0,30,,242,200,,,0,75,,243,200,,,0,30,,244,200,,,0,75,,245,200,,,0
2100,'Semaine-02',533,,2782,200,,,0,70,,2783,200,,,0,30,,2784,200,,,0,75,,2785,200,,,0,30,,2786,200,,,0,75,,2787,200,,,0
2100,'Semaine-03',538,,2788,200,,,0,70,,2789,200,,,0,30,,2790,200,,,0,75,,2791,200,,,0,30,,2792,200,,,0,75,,2793,200,,,0
2101,'Semaine-01',1635,,254,350,,,0,23,,255,350,,,0,66,,256,350,,,0,24,,257,350,,,0,65,,258,350,,,0,28,,259,350,,,0
2101,'Semaine-02',1638,,2794,350,,,0,65,,2795,350,,,0,24,,2796,350,,,0,24,,2797,350,,,0,65,,2798,350,,,0,28,,2799,350,,,0
2101,'Semaine-03',1635,,2803,350,,,0,23,,2804,350,,,0,66,,2805,350,,,0,24,,2806,350,,,0,65,,2807,350,,,0,28,,2808,350,,,0
3200,'Dimanche-01',609,,578,290,,,0,214,,583,290,,,0,223,,586,290,,,0,192,,587,290,,,0,119,,579,290,,,0,162,,589,290,,,0,120,,580,290,,,0,119,,582,290,,,0,158,,581,290,,,0,215,,584,290,,,0,216,,585,290,,,0,253,,588,290,0,6,0
3200,'Fête-1-01',540,,3103,170,,,0,181,,3109,290,,,0,37,,3104,290,,,0,160,,3112,290,,,0,123,,3113,290,,,0,164,,3114,290,,,0,124,,3105,290,,,0,124,,3116,290,,,0,164,,3106,290,,,0,128,,3107,290,,,0,160,,3108,290,,,0,236,,3110,290,,,0,216,,3111,290,,,0,247,,3115,290,0,6,0
3200,'Samedi-01',540,,635,170,,,0,181,,641,290,,,0,37,,636,290,,,0,160,,644,290,,,0,123,,645,290,,,0,164,,646,290,,,0,124,,637,290,,,0,124,,648,290,,,0,164,,638,290,,,0,128,,639,290,,,0,160,,640,290,,,0,236,,642,290,,,0,216,,643,290,,,0,247,,647,290,0,6,0
3200,'Semaine-01',636,,674,290,,,0,80,,649,290,,,0,40,,677,290,,,0,80,,660,290,,,0,80,,668,290,,,0,41,,669,290,,,0,81,,670,290,,,0,81,,671,290,,,0,83,,672,290,,,0,43,,673,290,,,0,83,,650,290,,,0,82,,651,290,,,0,42,,652,290,,,0,85,,676,290,,,0,85,,654,290,,,0,85,,655,290,,,0,45,,656,290,,,0,85,,657,290,,,0,82,,658,290,,,0,83,,659,290,,,0,41,,661,290,,,0,80,,662,290,,,0,80,,663,290,,,0,40,,664,290,,,0,80,,665,290,,,0,80,,666,290,,,0,40,,667,290,,,0
3200,'Semaine-02',635,,3142,290,,,0,81,,3117,290,,,0,42,,3145,290,,,0,82,,3128,290,,,0,83,,3136,290,,,0,82,,3137,290,,,0,42,,3138,290,,,0,83,,3139,290,,,0,83,,3140,290,,,0,43,,3141,290,,,0,83,,3118,290,,,0,83,,3119,290,,,0,84,,3120,290,,,0,46,,3144,290,,,0,87,,3122,290,,,0,86,,3123,290,,,0,85,,3124,290,,,0,42,,3125,290,,,0,81,,3126,290,,,0,81,,3127,290,,,0,42,,3129,290,,,0,81,,3130,290,,,0,81,,3131,290,,,0,40,,3132,290,,,0,80,,3133,290,,,0,80,,3134,290,,,0,40,,3135,290,,,0
3200,'Semaine-03',636,,3173,290,,,0,80,,3148,290,,,0,40,,3176,290,,,0,80,,3159,290,,,0,80,,3167,290,,,0,41,,3168,290,,,0,81,,3169,290,,,0,81,,3170,290,,,0,83,,3171,290,,,0,43,,3172,290,,,0,83,,3149,290,,,0,82,,3150,290,,,0,42,,3151,290,,,0,85,,3175,290,,,0,85,,3153,290,,,0,85,,3154,290,,,0,45,,3155,290,,,0,85,,3156,290,,,0,82,,3157,290,,,0,83,,3158,290,,,0,41,,3160,290,,,0,80,,3161,290,,,0,80,,3162,290,,,0,40,,3163,290,,,0,80,,3164,290,,,0,80,,3165,290,,,0,40,,3166,290,,,0
