100,'Dimanche-01',700,,12,770,4,,0,200,,1,770,4,,0,130,,2,770,4,,0,171,,3,770,4,,0,125,,4,770,4,,0,123,,5,770,4,,0,157,,6,770,4,,0,120,,7,770,4,,0,122,,8,770,4,,0,175,,9,770,4,,0,115,,10,770,4,,0,115,,11,770,4,,0
100,'Samedi-01',700,,54,770,4,,0,200,,43,770,4,,0,130,,44,770,4,,0,171,,45,770,4,,0,125,,46,770,4,,0,123,,47,770,4,,0,157,,48,770,4,,0,120,,49,770,4,,0,122,,50,770,4,,0,175,,51,770,4,,0,115,,52,770,4,,0,115,,53,770,4,,0
100,'Semaine-01',548,,55,770,4,,0,106,,56,770,4,,0,68,,57,770,4,,0,84,,58,770,4,,0,115,,59,770,4,,0,103,,62,770,4,,0,92,,71,770,4,,0,103,,63,770,4,,0,105,,72,770,4,,0,78,,64,770,4,,0,101,,65,770,4,,0,100,,69,770,4,,0,110,,66,770,4,,0,34,,67,770,4,,0,102,,60,770,4,,0,92,,61,770,4,,0,171,,70,770,4,,0,143,,68,770,4,,0
2100,'Semaine-01',605,,240,410,4,,0,30,,241,410,4,,0,73,,242,410,4,,0,38,,243,410,4,,0,70,,244,410,4,,0,36,,245,410,4,,0
2300,'Semaine-01',606,,295,450,4,,0,27,,296,450,4,,0,17,,297,450,4,,0,75,,298,450,4,,0,26,,299,450,4,,0,61,,300,450,4,,0,21,,301,450,4,,0,20,,302,450,4,,0
2500,'Semaine-01',623,,346,430,4,,0,34,,343,450,4,,0,61,,347,430,4,,0,29,,344,450,4,,0,66,,348,430,4,,0,29,,345,450,4,,0
2600,'Semaine-01',520,,363,400,4,,0,16,,364,410,4,,0
3100,'Dimanche-01',740,,492,490,4,,0,219,,493,490,4,,0,278,,491,490,4,,0,163,,484,490,4,,0,120,,485,490,4,,0,118,,486,490,4,,0,118,,487,490,4,,0,159,,488,490,4,,0,127,,489,490,4,,0,261,,483,490,4,,0,213,,490,490,4,,0
3100,'Samedi-01',629,,537,490,4,,0,83,,548,490,4,,0,205,,549,490,4,,0,125,,546,490,4,,0,164,,536,490,4,,0,124,,547,490,4,,0,124,,538,490,4,,0,164,,539,490,4,,0,124,,540,490,4,,0,164,,541,490,4,,0,124,,542,490,4,,0,27,,543,490,4,,0,256,,544,490,4,,0,213,,545,490,4,,0
3100,'Semaine-01',643,,574,490,4,,0,80,,550,490,4,,0,82,,560,490,4,,0,40,,575,490,4,,0,80,,569,490,4,,0,80,,570,490,4,,0,37,,571,490,4,,0,79,,577,490,4,,0,84,,572,490,4,,0,43,,573,490,4,,0,83,,551,490,4,,0,83,,552,490,4,,0,42,,553,490,4,,0,84,,554,490,4,,0,84,,555,490,4,,0,85,,556,490,4,,0,46,,557,490,4,,0,83,,558,490,4,,0,84,,559,490,4,,0,82,,561,490,4,,0,42,,562,490,4,,0,79,,563,490,4,,0,80,,564,490,4,,0,37,,565,490,4,,0,80,,566,490,4,,0,80,,567,490,4,,0,40,,568,490,4,,0
3200,'Dimanche-01',635,,578,500,4,,0,214,,583,500,4,,0,263,,586,500,4,,0,192,,587,500,4,,0,119,,579,500,4,,0,122,,589,500,4,,0,160,,580,500,4,,0,119,,582,500,4,,0,118,,581,500,4,,0,213,,584,500,4,,0,256,,585,500,4,,0
3200,'Samedi-01',606,,635,380,4,,0,141,,641,500,4,,0,77,,636,500,4,,0,120,,644,500,4,,0,163,,645,500,4,,0,124,,646,500,4,,0,124,,637,500,4,,0,164,,648,500,4,,0,124,,638,500,4,,0,168,,639,500,4,,0,120,,640,500,4,,0,274,,642,500,4,,0,216,,643,500,4,,0
3200,'Semaine-01',707,,674,500,4,,0,41,,649,500,4,,0,80,,677,500,4,,0,80,,660,500,4,,0,40,,668,500,4,,0,77,,669,500,4,,0,81,,670,500,4,,0,41,,671,500,4,,0,83,,672,500,4,,0,83,,673,500,4,,0,43,,650,500,4,,0,82,,651,500,4,,0,84,,652,500,4,,0,86,,676,500,4,,0,17,,653,150,4,,0,28,,654,500,4,,0,58,,678,150,4,,0,24,,655,500,4,,0,20,,679,150,4,,0,65,,656,500,4,,0,84,,657,500,4,,0,41,,658,500,4,,0,83,,659,500,4,,0,80,,661,500,4,,0,40,,662,500,4,,0,80,,663,500,4,,0,80,,664,500,4,,0,40,,665,500,4,,0,80,,666,500,4,,0,80,,667,500,4,,0
9800,'Semaine-01',708,,855,290,4,,0,102,,843,390,4,,0,104,,847,390,4,,0,105,,848,390,4,,0,506,,849,390,4,,0,105,,850,390,4,,0,105,,851,390,4,,0,104,,852,390,4,,0,102,,853,390,4,,0,97,,854,390,4,,0,94,,844,390,4,,0,90,,845,390,4,,0
11100,'Dimanche-01',846,,857,520,4,,0,187,,856,520,4,,0,291,,858,520,4,,0,290,,859,520,4,,0,305,,860,520,4,,0
11100,'Samedi-01',846,,887,520,4,,0,187,,886,520,4,,0,291,,888,520,4,,0,290,,889,520,4,,0,305,,890,520,4,,0
11100,'Semaine-01',611,,896,520,4,,0,97,,897,520,4,,0,111,,898,520,4,,0,95,,899,520,4,,0,114,,912,520,4,,0,75,,894,520,4,,0,225,,895,520,4,,0,380,,906,520,4,,0,99,,908,520,4,,0,394,,910,450,4,,0
