11100,'Dimanche-01',716,,861,250,0,5 6,0,100,,857,250,0,5 10,0,186,,856,250,0,5 10,0,251,,858,250,0,5 10,0,289,,859,250,0,5 10,0,199,,862,250,0,5 6,0,106,,860,250,0,5 10,0,380,,863,250,0,5 6,0
11100,'Fête-1-01',716,,3297,250,0,5 6,0,100,,3293,250,0,5 10,0,186,,3292,250,0,5 10,0,251,,3294,250,0,5 10,0,289,,3295,250,0,5 10,0,199,,3298,250,0,5 6,0,106,,3296,250,0,5 10,0,380,,3299,250,0,5 6,0
11100,'Samedi-01',716,,891,250,0,5 6,0,100,,887,250,0,5 10,0,186,,886,250,0,5 10,0,251,,888,250,0,5 10,0,289,,889,250,0,5 10,0,199,,892,250,0,5 6,0,106,,890,250,0,5 10,0,380,,893,250,0,5 6,0
11100,'Semaine-01',528,,902,250,0,5 15,0,15,,896,250,0,5 10,0,60,,900,250,0,5 15,0,26,,903,250,0,5 15,0,6,,897,250,0,5 10,0,14,,901,250,0,5 15,0,71,,909,250,0,5 15,0,20,,904,250,0,5 15,0,5,,898,250,0,5 10,0,55,,911,250,0,5 15,0,40,,899,250,0,5 10,0,118,,912,250,0,5 10,0,75,,894,250,0,5 10,0,105,,914,250,0,5 6,0,120,,895,250,0,5 10,0,380,,906,250,0,5 10,0,100,,908,250,0,5 10,0
11100,'Semaine-02',528,,3304,250,0,5 14,0,30,,3302,250,0,5 14,0,72,,3305,250,0,5 14,0,70,,3303,250,0,5 14,0,30,,3309,250,0,5 14,0,70,,3310,250,0,5 14,0,30,,3301,250,0,5 10,0,106,,3311,250,0,5 10,0,97,,3315,250,0,5 10,0,105,,3313,250,0,5 6,0,168,,3300,250,0,5 10,0,400,,3306,250,0,5 14,0,24,,3308,250,0,5 14,0,71,,3307,250,0,5 14,0
11100,'Semaine-03',528,,3324,250,0,5 15,0,15,,3318,250,0,5 10,0,60,,3322,250,0,5 15,0,26,,3325,250,0,5 15,0,6,,3319,250,0,5 10,0,14,,3323,250,0,5 15,0,71,,3331,250,0,5 15,0,20,,3326,250,0,5 15,0,5,,3320,250,0,5 10,0,55,,3333,250,0,5 15,0,40,,3321,250,0,5 10,0,118,,3334,250,0,5 10,0,75,,3316,250,0,5 10,0,105,,3336,250,0,5 6,0,120,,3317,250,0,5 10,0,380,,3328,250,0,5 10,0,100,,3330,250,0,5 10,0
14001,'Dimanche-01',759,,977,370,,,0,152,,979,520,,,0,115,,980,520,,,0,116,,981,520,,,0,116,,982,520,,,0,155,,983,520,,,0,115,,984,520,,,0,120,,985,520,,,0
14001,'Fête-1-01',759,,3383,370,,,0,152,,3385,520,,,0,115,,3386,520,,,0,116,,3387,520,,,0,116,,3388,520,,,0,155,,3389,520,,,0,115,,3390,520,,,0,120,,3391,520,,,0
14001,'Samedi-01',759,,1008,370,,,0,152,,1010,520,,,0,115,,1011,520,,,0,116,,1012,520,,,0,116,,1013,520,,,0,155,,1014,520,,,0,115,,1015,520,,,0,120,,1016,520,,,0
14001,'Semaine-01',624,,1018,370,,,0,97,,1029,390,,,0,103,,1017,470,,,0,121,,1019,520,,,0,160,,1020,520,,,0,123,,1021,520,,,0,125,,1022,520,,,0,165,,1023,520,,,0,125,,1024,520,,,0,164,,1025,520,,,0,125,,1026,520,,,0,119,,1027,520,,,0
14001,'Semaine-02',624,,3393,370,,,0,97,,3404,390,,,0,103,,3392,470,,,0,121,,3394,520,,,0,160,,3395,520,,,0,123,,3396,520,,,0,125,,3397,520,,,0,165,,3398,520,,,0,125,,3399,520,,,0,164,,3400,520,,,0,125,,3401,520,,,0,119,,3402,520,,,0
14001,'Semaine-03',624,,3406,370,,,0,97,,3417,390,,,0,103,,3405,470,,,0,121,,3407,520,,,0,160,,3408,520,,,0,123,,3409,520,,,0,125,,3410,520,,,0,165,,3411,520,,,0,125,,3412,520,,,0,164,,3413,520,,,0,125,,3414,520,,,0,119,,3415,520,,,0
