101,'Dimanche-01',745,,73,360,,,0,206,,74,360,,,0,171,,75,360,,,0,133,,76,360,,,0,167,,77,360,,,0,120,,78,360,,,0,160,,79,360,,,0,120,,80,360,,,0,117,,81,360,,,0,174,,82,360,,,0,114,,83,360,,,0,113,,84,360,,,0
101,'Fête-1-01',745,,2674,360,,,0,206,,2675,360,,,0,171,,2676,360,,,0,133,,2677,360,,,0,167,,2678,360,,,0,120,,2679,360,,,0,160,,2680,360,,,0,120,,2681,360,,,0,117,,2682,360,,,0,174,,2683,360,,,0,114,,2684,360,,,0,113,,2685,360,,,0
101,'Samedi-01',745,,115,360,,,0,206,,116,360,,,0,171,,117,360,,,0,133,,118,360,,,0,167,,119,360,,,0,120,,120,360,,,0,160,,121,360,,,0,120,,122,360,,,0,117,,123,360,,,0,174,,124,360,,,0,114,,125,360,,,0,113,,126,360,,,0
101,'Semaine-01',644,,127,360,,,0,101,,136,360,,,0,70,,138,360,,,0,90,,139,360,,,0,111,,140,360,,,0,105,,141,360,,,0,95,,143,360,,,0,104,,142,360,,,0,106,,144,360,,,0,81,,128,360,,,0,103,,129,360,,,0,96,,130,360,,,0,107,,131,360,,,0,34,,132,360,,,0,103,,133,360,,,0,83,,134,360,,,0,173,,135,360,,,0,135,,137,360,,,0
101,'Semaine-02',639,,2686,360,,,0,101,,2695,360,,,0,70,,2697,360,,,0,100,,2698,360,,,0,106,,2699,360,,,0,95,,2700,360,,,0,100,,2702,360,,,0,99,,2701,360,,,0,111,,2703,360,,,0,86,,2687,360,,,0,108,,2688,360,,,0,91,,2689,360,,,0,107,,2690,360,,,0,29,,2691,360,,,0,69,,2692,360,,,0,108,,2693,360,,,0,182,,2694,360,,,0,150,,2696,360,,,0
101,'Semaine-03',644,,2704,360,,,0,101,,2713,360,,,0,70,,2715,360,,,0,90,,2716,360,,,0,111,,2717,360,,,0,105,,2718,360,,,0,95,,2720,360,,,0,104,,2719,360,,,0,106,,2721,360,,,0,81,,2705,360,,,0,103,,2706,360,,,0,96,,2707,360,,,0,107,,2708,360,,,0,34,,2709,360,,,0,103,,2710,360,,,0,83,,2711,360,,,0,173,,2712,360,,,0,135,,2714,360,,,0
3300,'Dimanche-01',555,,682,270,,,0,82,,680,270,,,0,91,,691,270,,,0,81,,701,270,,,0,43,,703,270,,,0,93,,704,270,,,0,80,,705,270,,,0,80,,706,270,,,0,40,,707,270,,,0,80,,683,270,,,0,80,,684,270,,,0,39,,685,270,,,0,80,,686,270,,,0,80,,687,270,,,0,39,,688,270,,,0,79,,689,270,,,0,79,,690,270,,,0,39,,692,270,,,0,79,,693,270,,,0,40,,694,270,,,0,87,,695,270,,,0,85,,696,270,,,0,85,,697,270,,,0,87,,698,270,,,0,46,,699,270,,,0,83,,700,270,,,0,88,,681,270,,,0,83,,702,270,,,0,119,,708,270,0,8 6,0
3300,'Fête-1-01',615,,3181,270,,,0,41,,3179,270,,,0,82,,3190,270,,,0,82,,3200,270,,,0,82,,3202,270,,,0,44,,3203,270,,,0,81,,3204,270,,,0,82,,3205,270,,,0,42,,3206,270,,,0,82,,3182,270,,,0,82,,3183,270,,,0,42,,3184,270,,,0,82,,3185,270,,,0,82,,3186,270,,,0,82,,3187,270,,,0,42,,3188,270,,,0,82,,3189,270,,,0,85,,3191,270,,,0,39,,3192,270,,,0,82,,3193,270,,,0,82,,3194,270,,,0,39,,3195,270,,,0,81,,3196,270,,,0,81,,3197,270,,,0,42,,3198,270,,,0,83,,3199,270,,,0,86,,3201,270,,,0,86,,3180,270,,,0,113,,3207,270,0,8 6,0
3300,'Samedi-01',615,,769,270,,,0,41,,767,270,,,0,82,,778,270,,,0,82,,788,270,,,0,82,,790,270,,,0,44,,791,270,,,0,81,,792,270,,,0,82,,793,270,,,0,42,,794,270,,,0,82,,770,270,,,0,82,,771,270,,,0,42,,772,270,,,0,82,,773,270,,,0,82,,774,270,,,0,82,,775,270,,,0,42,,776,270,,,0,82,,777,270,,,0,85,,779,270,,,0,39,,780,270,,,0,82,,781,270,,,0,82,,782,270,,,0,39,,783,270,,,0,81,,784,270,,,0,81,,785,270,,,0,42,,786,270,,,0,83,,787,270,,,0,86,,789,270,,,0,86,,768,270,,,0,113,,795,270,0,8 6,0
3300,'Semaine-01',623,,796,270,,,0,80,,824,270,,,0,41,,805,270,,,0,80,,815,270,,,0,80,,818,270,,,0,40,,819,270,,,0,80,,820,270,,,0,82,,821,270,,,0,41,,822,270,,,0,83,,797,270,,,0,83,,798,270,,,0,43,,799,270,,,0,82,,800,270,,,0,83,,801,270,,,0,86,,802,270,,,0,45,,803,270,,,0,85,,804,270,,,0,84,,806,270,,,0,82,,807,270,,,0,43,,808,270,,,0,82,,809,270,,,0,80,,810,270,,,0,40,,811,270,,,0,79,,812,270,,,0,80,,813,270,,,0,40,,814,270,,,0,80,,816,270,,,0,80,,817,270,,,0,96,,823,220,0,8 6,0
3300,'Semaine-02',618,,3208,270,,,0,41,,3236,270,,,0,82,,3217,270,,,0,82,,3227,270,,,0,82,,3230,270,,,0,42,,3231,270,,,0,82,,3232,270,,,0,83,,3233,270,,,0,43,,3234,270,,,0,83,,3209,270,,,0,83,,3210,270,,,0,83,,3211,270,,,0,43,,3212,270,,,0,85,,3213,270,,,0,87,,3214,270,,,0,87,,3215,270,,,0,45,,3216,270,,,0,83,,3218,270,,,0,81,,3219,270,,,0,41,,3220,270,,,0,81,,3221,270,,,0,81,,3222,270,,,0,41,,3223,270,,,0,80,,3224,270,,,0,80,,3225,270,,,0,40,,3226,270,,,0,80,,3228,270,,,0,80,,3229,270,,,0,85,,3235,220,0,8 6,0
3300,'Semaine-03',623,,3237,270,,,0,80,,3265,270,,,0,41,,3246,270,,,0,80,,3256,270,,,0,80,,3259,270,,,0,40,,3260,270,,,0,80,,3261,270,,,0,82,,3262,270,,,0,41,,3263,270,,,0,83,,3238,270,,,0,83,,3239,270,,,0,43,,3240,270,,,0,82,,3241,270,,,0,83,,3242,270,,,0,86,,3243,270,,,0,45,,3244,270,,,0,85,,3245,270,,,0,84,,3247,270,,,0,82,,3248,270,,,0,43,,3249,270,,,0,82,,3250,270,,,0,80,,3251,270,,,0,40,,3252,270,,,0,79,,3253,270,,,0,80,,3254,270,,,0,40,,3255,270,,,0,80,,3257,270,,,0,80,,3258,270,,,0,96,,3264,220,0,8 6,0
14001,'Dimanche-01',827,,979,60,,,0,114,,980,60,,,0,115,,981,60,,,0,155,,982,60,,,0,115,,983,60,,,0,115,,984,60,,,0,160,,985,60,,,0,120,,978,60,,,0
14001,'Fête-1-01',827,,3385,60,,,0,114,,3386,60,,,0,115,,3387,60,,,0,155,,3388,60,,,0,115,,3389,60,,,0,115,,3390,60,,,0,160,,3391,60,,,0,120,,3384,60,,,0
14001,'Samedi-01',827,,1010,60,,,0,114,,1011,60,,,0,115,,1012,60,,,0,155,,1013,60,,,0,115,,1014,60,,,0,115,,1015,60,,,0,160,,1016,60,,,0,120,,1009,60,,,0
14001,'Semaine-01',737,,1029,520,4,,0,3,,1017,10,,,0,161,,1019,60,,,0,120,,1020,60,,,0,121,,1021,60,,,0,165,,1022,60,,,0,125,,1023,60,,,0,125,,1024,60,,,0,165,,1025,60,,,0,125,,1026,60,,,0,160,,1027,60,,,0,114,,1028,60,,,0
14001,'Semaine-02',737,,3404,520,4,,0,3,,3392,10,,,0,161,,3394,60,,,0,120,,3395,60,,,0,121,,3396,60,,,0,165,,3397,60,,,0,125,,3398,60,,,0,125,,3399,60,,,0,165,,3400,60,,,0,125,,3401,60,,,0,160,,3402,60,,,0,114,,3403,60,,,0
14001,'Semaine-03',737,,3417,520,4,,0,3,,3405,10,,,0,161,,3407,60,,,0,120,,3408,60,,,0,121,,3409,60,,,0,165,,3410,60,,,0,125,,3411,60,,,0,125,,3412,60,,,0,165,,3413,60,,,0,125,,3414,60,,,0,160,,3415,60,,,0,114,,3416,60,,,0
