2000002300,'Dimanche-01',550,,1719,70,,,0,79,,1721,70,,,0,74,,1722,70,,,0,101,,1723,70,,,0,41,,1724,70,,,0,75,,1725,70,,,0,107,,1726,70,,,0,97,,1727,70,,,0,95,,1728,70,,,0,82,,1729,70,,,0,37,,1730,70,,,0,83,,1731,70,,,0,79,,1732,70,,,0,42,,1733,70,,,0,78,,1734,70,,,0,80,,1735,70,,,0,39,,1736,70,,,0,82,,1737,70,,,0,36,,1738,70,,,0,146,,1739,70,,,0,109,,1740,70,,,0,112,,1741,70,,,0,104,,1742,70,,,0,111,,1743,70,,,0,102,,1720,70,,,0
2000002300,'Fête-1-01',552,,1744,70,,,0,83,,1746,70,,,0,81,,1747,70,,,0,35,,1748,70,,,0,87,,1749,70,,,0,84,,1750,70,,,0,81,,1751,70,,,0,53,,1752,70,,,0,90,,1753,70,,,0,85,,1754,70,,,0,79,,1755,70,,,0,41,,1756,70,,,0,83,,1757,70,,,0,85,,1758,70,,,0,39,,1759,70,,,0,85,,1760,70,,,0,83,,1761,70,,,0,80,,1762,70,,,0,40,,1763,70,,,0,85,,1764,70,,,0,87,,1765,70,,,0,104,,1766,70,,,0,80,,1767,70,,,0,32,,1768,70,,,0,104,,1769,70,,,0,111,,1770,70,,,0,96,,1745,70,,,0
2000002300,'Fête-2-02',559,,1771,70,,,0,80,,1772,70,,,0,80,,1796,70,,,0,81,,1797,70,,,0,39,,1773,70,,,0,80,,1795,70,,,0,40,,1793,70,,,0,81,,1792,70,,,0,82,,1794,70,,,0,83,,1791,70,,,0,43,,1788,70,,,0,83,,1790,70,,,0,82,,1789,70,,,0,42,,1787,70,,,0,85,,1786,70,,,0,85,,1785,70,,,0,86,,1784,70,,,0,45,,1783,70,,,0,85,,1782,70,,,0,82,,1781,70,,,0,82,,1780,70,,,0,39,,1779,70,,,0,80,,1778,70,,,0,80,,1777,70,,,0,40,,1776,70,,,0,80,,1775,70,,,0,80,,1774,70,,,0,121,,1798,70,,,0
2000002300,'Samedi-01',552,,1799,70,,,0,83,,1801,70,,,0,81,,1802,70,,,0,35,,1803,70,,,0,87,,1804,70,,,0,84,,1805,70,,,0,81,,1806,70,,,0,53,,1807,70,,,0,90,,1808,70,,,0,85,,1809,70,,,0,79,,1810,70,,,0,41,,1811,70,,,0,83,,1812,70,,,0,85,,1813,70,,,0,39,,1814,70,,,0,85,,1815,70,,,0,83,,1816,70,,,0,80,,1817,70,,,0,40,,1818,70,,,0,85,,1819,70,,,0,87,,1820,70,,,0,104,,1821,70,,,0,80,,1822,70,,,0,32,,1823,70,,,0,104,,1824,70,,,0,111,,1825,70,,,0,96,,1800,70,,,0
2000002300,'Semaine-01',559,,1826,70,,,0,80,,1827,70,,,0,80,,1851,70,,,0,81,,1852,70,,,0,39,,1828,70,,,0,80,,1850,70,,,0,40,,1848,70,,,0,81,,1847,70,,,0,82,,1849,70,,,0,83,,1846,70,,,0,43,,1843,70,,,0,83,,1845,70,,,0,82,,1844,70,,,0,42,,1842,70,,,0,85,,1841,70,,,0,85,,1840,70,,,0,86,,1839,70,,,0,45,,1838,70,,,0,85,,1837,70,,,0,82,,1836,70,,,0,82,,1835,70,,,0,39,,1834,70,,,0,80,,1833,70,,,0,80,,1832,70,,,0,40,,1831,70,,,0,80,,1830,70,,,0,80,,1829,70,,,0,121,,1853,70,,,0
2000002301,'Dimanche-01',613,,1854,70,,,0,34,,1864,70,,,0,80,,1859,70,,,0,101,,1869,70,,,0,76,,1865,70,,,0,40,,1858,70,,,0,107,,1860,70,,,0,97,,1861,70,,,0,95,,1868,70,,,0,75,,1862,70,,,0,84,,1857,70,,,0,38,,1870,70,,,0,84,,1863,70,,,0,77,,1867,70,,,0,43,,1866,70,,,0,79,,1856,70,,,0,80,,1871,70,,,0,37,,1872,70,,,0,81,,1877,70,,,0,106,,1874,70,,,0,109,,1873,70,,,0,112,,1878,70,,,0,104,,1876,70,,,0,151,,1875,70,,,0,102,,1855,70,,,0
2000002301,'Fête-1-01',616,,1879,70,,,0,43,,1889,70,,,0,76,,1884,70,,,0,75,,1895,70,,,0,92,,1890,70,,,0,40,,1883,70,,,0,85,,1892,70,,,0,88,,1885,70,,,0,95,,1886,70,,,0,40,,1894,70,,,0,84,,1887,70,,,0,76,,1882,70,,,0,48,,1896,70,,,0,80,,1888,70,,,0,84,,1893,70,,,0,80,,1891,70,,,0,48,,1881,70,,,0,75,,1897,70,,,0,85,,1898,70,,,0,40,,1903,70,,,0,92,,1900,70,,,0,104,,1899,70,,,0,72,,1904,70,,,0,40,,1905,70,,,0,144,,1902,70,,,0,111,,1901,70,,,0,96,,1880,70,,,0
2000002301,'Fête-2-02',623,,1934,70,,,0,80,,1931,70,,,0,40,,1932,70,,,0,80,,1933,70,,,0,80,,1929,70,,,0,40,,1930,70,,,0,80,,1927,70,,,0,81,,1926,70,,,0,42,,1928,70,,,0,83,,1924,70,,,0,83,,1921,70,,,0,43,,1925,70,,,0,82,,1923,70,,,0,82,,1922,70,,,0,85,,1920,70,,,0,45,,1919,70,,,0,86,,1918,70,,,0,85,,1917,70,,,0,85,,1916,70,,,0,42,,1915,70,,,0,82,,1914,70,,,0,79,,1913,70,,,0,40,,1912,70,,,0,80,,1911,70,,,0,80,,1910,70,,,0,40,,1909,70,,,0,80,,1908,70,,,0,74,,1907,70,,,0,98,,1906,70,,,0
2000002301,'Samedi-01',616,,1935,70,,,0,43,,1945,70,,,0,76,,1940,70,,,0,75,,1951,70,,,0,92,,1946,70,,,0,40,,1939,70,,,0,85,,1948,70,,,0,88,,1941,70,,,0,95,,1942,70,,,0,40,,1950,70,,,0,84,,1943,70,,,0,76,,1938,70,,,0,48,,1952,70,,,0,80,,1944,70,,,0,84,,1949,70,,,0,80,,1947,70,,,0,48,,1937,70,,,0,75,,1953,70,,,0,85,,1954,70,,,0,40,,1959,70,,,0,92,,1956,70,,,0,104,,1955,70,,,0,72,,1960,70,,,0,40,,1961,70,,,0,144,,1958,70,,,0,111,,1957,70,,,0,96,,1936,70,,,0
2000002301,'Semaine-01',623,,1990,70,,,0,80,,1987,70,,,0,40,,1988,70,,,0,80,,1989,70,,,0,80,,1985,70,,,0,40,,1986,70,,,0,80,,1983,70,,,0,81,,1982,70,,,0,42,,1984,70,,,0,83,,1980,70,,,0,83,,1977,70,,,0,43,,1981,70,,,0,82,,1979,70,,,0,82,,1978,70,,,0,85,,1976,70,,,0,45,,1975,70,,,0,86,,1974,70,,,0,85,,1973,70,,,0,85,,1972,70,,,0,42,,1971,70,,,0,82,,1970,70,,,0,79,,1969,70,,,0,40,,1968,70,,,0,80,,1967,70,,,0,80,,1966,70,,,0,40,,1965,70,,,0,80,,1964,70,,,0,74,,1963,70,,,0,98,,1962,70,,,0
