100,'Dimanche-01',629,,12,500,,,0,200,,1,500,,,0,125,,2,500,,,0,170,,3,500,,,0,125,,4,500,,,0,164,,5,500,,,0,119,,6,500,,,0,120,,7,500,,,0,163,,8,500,,,0,135,,9,500,,,0,155,,10,500,,,0,115,,11,500,,,0
100,'Fête-1-01',629,,2637,500,,,0,200,,2626,500,,,0,125,,2627,500,,,0,170,,2628,500,,,0,125,,2629,500,,,0,164,,2630,500,,,0,119,,2631,500,,,0,120,,2632,500,,,0,163,,2633,500,,,0,135,,2634,500,,,0,155,,2635,500,,,0,115,,2636,500,,,0
100,'Samedi-01',629,,54,500,,,0,200,,43,500,,,0,125,,44,500,,,0,170,,45,500,,,0,125,,46,500,,,0,164,,47,500,,,0,119,,48,500,,,0,120,,49,500,,,0,163,,50,500,,,0,135,,51,500,,,0,155,,52,500,,,0,115,,53,500,,,0
100,'Semaine-01',514,,55,500,,,0,104,,56,500,,,0,26,,57,500,,,0,81,,58,500,,,0,119,,59,500,,,0,104,,62,500,,,0,94,,71,500,,,0,101,,63,500,,,0,100,,72,500,,,0,78,,64,500,,,0,102,,65,500,,,0,100,,69,500,,,0,110,,66,500,,,0,75,,67,500,,,0,107,,60,500,,,0,93,,61,500,,,0,133,,70,500,,,0,184,,68,500,,,0
100,'Semaine-02',512,,2638,500,,,0,102,,2639,500,,,0,30,,2640,500,,,0,81,,2641,500,,,0,129,,2642,500,,,0,98,,2645,500,,,0,70,,2654,500,,,0,100,,2646,500,,,0,106,,2655,500,,,0,95,,2647,500,,,0,100,,2648,500,,,0,100,,2652,500,,,0,110,,2649,500,,,0,89,,2650,500,,,0,113,,2643,500,,,0,88,,2644,500,,,0,103,,2653,500,,,0,196,,2651,500,,,0
100,'Semaine-03',514,,2656,500,,,0,104,,2657,500,,,0,26,,2658,500,,,0,81,,2659,500,,,0,119,,2660,500,,,0,104,,2663,500,,,0,94,,2672,500,,,0,101,,2664,500,,,0,100,,2673,500,,,0,78,,2665,500,,,0,102,,2666,500,,,0,100,,2670,500,,,0,110,,2667,500,,,0,75,,2668,500,,,0,107,,2661,500,,,0,93,,2662,500,,,0,133,,2671,500,,,0,184,,2669,500,,,0
2300,'Semaine-01',534,,295,170,,,0,25,,296,170,,,0,55,,297,170,,,0,35,,298,170,,,0,65,,299,170,,,0,20,,300,170,,,0,20,,301,170,,,0,60,,302,170,,,0
2300,'Semaine-02',534,,2836,170,,,0,25,,2837,170,,,0,55,,2838,170,,,0,35,,2839,170,,,0,65,,2840,170,,,0,15,,2841,170,,,0,25,,2842,170,,,0,60,,2843,170,,,0
2300,'Semaine-03',534,,2844,170,,,0,25,,2845,170,,,0,55,,2846,170,,,0,35,,2847,170,,,0,65,,2848,170,,,0,20,,2849,170,,,0,20,,2850,170,,,0,60,,2851,170,,,0
2800,'Semaine-01',506,,417,30,,,0,20,,416,30,,,0,15,,414,270,,,0,15,,428,30,,,0,55,,425,30,,,0,15,,413,310,,,0,10,,426,30,,,0,10,,415,270,,,0,10,,427,30,,,0,50,,418,30,,,0,10,,419,30,,,0,15,,420,30,,,0,15,,422,30,,,0,60,,423,30,,,0
2800,'Semaine-02',506,,2957,30,,,0,20,,2956,30,,,0,15,,2954,270,,,0,15,,2963,30,,,0,55,,2964,30,,,0,15,,2953,310,,,0,15,,2955,270,,,0,15,,2958,30,,,0,55,,2959,30,,,0,15,,2960,30,,,0,20,,2961,30,,,0,60,,2962,30,,,0
2800,'Semaine-03',506,,2969,30,,,0,20,,2968,30,,,0,15,,2966,270,,,0,15,,2978,30,,,0,55,,2975,30,,,0,15,,2965,310,,,0,10,,2976,30,,,0,10,,2967,270,,,0,10,,2977,30,,,0,50,,2970,30,,,0,10,,2971,30,,,0,15,,2972,30,,,0,15,,2973,30,,,0,60,,2974,30,,,0
