2401,'Semaine-01',1639,,332,50,,,0,85,,333,50,,,0,85,,336,50,,,0,21,,335,50,,,0,24,,334,50,,,0
2401,'Semaine-02',1604,,2877,50,,,0,47,,2878,50,,,0,86,,2881,50,,,0,85,,2880,50,,,0,82,,2879,50,,,0
2401,'Semaine-03',1639,,2882,50,,,0,85,,2883,50,,,0,85,,2886,50,,,0,21,,2885,50,,,0,24,,2884,50,,,0
2501,'Semaine-01',1556,,355,160,,,0,80,,356,160,,,0,74,,357,160,,,0,39,,358,160,,,0,80,,359,160,,,0,28,,360,160,,,0
2501,'Semaine-02',1556,,2899,160,,,0,80,,2900,160,,,0,74,,2901,160,,,0,39,,2902,160,,,0,75,,2903,160,,,0,33,,2904,160,,,0
2501,'Semaine-03',1556,,2905,160,,,0,80,,2906,160,,,0,74,,2907,160,,,0,39,,2908,160,,,0,80,,2909,160,,,0,28,,2910,160,,,0
2701,'Semaine-01',609,,394,50,,,0,40,,395,50,,,0,81,,396,50,,,0,80,,397,50,,,0,744,,401,50,,,0,81,,398,50,,,0,84,,402,50,,,0,86,,399,50,,,0,45,,400,50,,,0
2701,'Semaine-02',603,,2935,50,,,0,41,,2936,50,,,0,83,,2937,50,,,0,82,,2938,50,,,0,799,,2942,50,,,0,44,,2939,50,,,0,86,,2943,50,,,0,80,,2940,50,,,0,84,,2941,50,,,0
2701,'Semaine-03',609,,2944,50,,,0,40,,2945,50,,,0,81,,2946,50,,,0,80,,2947,50,,,0,744,,2951,50,,,0,81,,2948,50,,,0,84,,2952,50,,,0,86,,2949,50,,,0,45,,2950,50,,,0
3200,'Dimanche-01',557,,578,160,,,0,254,,583,160,,,0,223,,586,160,,,0,192,,587,160,,,0,119,,579,160,,,0,162,,589,160,,,0,120,,580,160,,,0,119,,582,160,,,0,158,,581,160,,,0,215,,584,160,,,0,216,,585,160,,,0,213,,588,160,0,6,0
3200,'Fête-1-01',528,,3103,40,,,0,181,,3109,160,,,0,37,,3104,160,,,0,160,,3112,160,,,0,123,,3113,160,,,0,124,,3114,160,,,0,164,,3105,160,,,0,124,,3116,160,,,0,164,,3106,160,,,0,128,,3107,160,,,0,120,,3108,160,,,0,276,,3110,160,,,0,216,,3111,160,,,0,208,,3115,160,0,6,0
3200,'Samedi-01',528,,635,40,,,0,181,,641,160,,,0,37,,636,160,,,0,160,,644,160,,,0,123,,645,160,,,0,124,,646,160,,,0,164,,637,160,,,0,124,,648,160,,,0,164,,638,160,,,0,128,,639,160,,,0,120,,640,160,,,0,276,,642,160,,,0,216,,643,160,,,0,208,,647,160,0,6,0
3200,'Semaine-01',625,,674,160,,,0,80,,649,160,,,0,39,,677,160,,,0,79,,660,160,,,0,80,,668,160,,,0,42,,669,160,,,0,81,,670,160,,,0,81,,671,160,,,0,43,,672,160,,,0,83,,673,160,,,0,83,,650,160,,,0,42,,651,160,,,0,82,,652,160,,,0,85,,676,160,,,0,85,,654,160,,,0,44,,655,160,,,0,86,,656,160,,,0,85,,657,160,,,0,82,,658,160,,,0,43,,659,160,,,0,81,,661,160,,,0,80,,662,160,,,0,40,,663,160,,,0,80,,664,160,,,0,80,,665,160,,,0,41,,666,160,,,0,80,,667,160,,,0,112,,675,160,0,6,0
3200,'Semaine-02',624,,3142,160,,,0,81,,3117,160,,,0,41,,3145,160,,,0,81,,3128,160,,,0,84,,3136,160,,,0,42,,3137,160,,,0,82,,3138,160,,,0,83,,3139,160,,,0,83,,3140,160,,,0,43,,3141,160,,,0,83,,3118,160,,,0,83,,3119,160,,,0,44,,3120,160,,,0,86,,3144,160,,,0,87,,3122,160,,,0,86,,3123,160,,,0,45,,3124,160,,,0,82,,3125,160,,,0,81,,3126,160,,,0,81,,3127,160,,,0,42,,3129,160,,,0,81,,3130,160,,,0,81,,3131,160,,,0,40,,3132,160,,,0,81,,3133,160,,,0,80,,3134,160,,,0,40,,3135,160,,,0,98,,3143,160,0,6,0
3200,'Semaine-03',625,,3173,160,,,0,80,,3148,160,,,0,39,,3176,160,,,0,79,,3159,160,,,0,80,,3167,160,,,0,42,,3168,160,,,0,81,,3169,160,,,0,81,,3170,160,,,0,43,,3171,160,,,0,83,,3172,160,,,0,83,,3149,160,,,0,42,,3150,160,,,0,82,,3151,160,,,0,85,,3175,160,,,0,85,,3153,160,,,0,44,,3154,160,,,0,86,,3155,160,,,0,85,,3156,160,,,0,82,,3157,160,,,0,43,,3158,160,,,0,81,,3160,160,,,0,80,,3161,160,,,0,40,,3162,160,,,0,80,,3163,160,,,0,80,,3164,160,,,0,41,,3165,160,,,0,80,,3166,160,,,0,112,,3174,160,0,6,0
