11100,'Dimanche-01',713,,861,240,0,5 6,0,100,,857,240,0,5 10,0,146,,856,240,0,5 10,0,290,,858,240,0,5 10,0,289,,859,240,0,5 10,0,200,,862,240,0,5 6,0,106,,860,240,0,5 10,0,380,,863,240,0,5 6,0
11100,'Fête-1-03',713,,3000,240,0,5 6,0,100,,2996,240,0,5 10,0,146,,2995,240,0,5 10,0,290,,2997,240,0,5 10,0,289,,2998,240,0,5 10,0,200,,3001,240,0,5 6,0,106,,2999,240,0,5 10,0,380,,3002,240,0,5 6,0
11100,'Fête-2-01',525,,3007,240,0,5 14,0,30,,3005,240,0,5 14,0,70,,3008,240,0,5 14,0,30,,3006,240,0,5 14,0,70,,3012,240,0,5 14,0,30,,3013,240,0,5 14,0,71,,3004,240,0,5 10,0,100,,3014,240,0,5 10,0,208,,3016,240,0,5 6,0,125,,3003,240,0,5 10,0,441,,3009,240,0,5 14,0,30,,3011,240,0,5 14,0,70,,3010,240,0,5 14,0,130,,3015,240,0,5 10,0
11100,'Samedi-01',713,,891,240,0,5 6,0,100,,887,240,0,5 10,0,146,,886,240,0,5 10,0,290,,888,240,0,5 10,0,289,,889,240,0,5 10,0,200,,892,240,0,5 6,0,106,,890,240,0,5 10,0,380,,893,240,0,5 6,0
11100,'Semaine-01',524,,902,240,,,0,15,,896,240,0,5 10,0,20,,900,240,,,0,66,,903,240,,,0,6,,897,240,0,5 10,0,14,,901,240,,,0,11,,915,240,0,16 17,0,60,,909,240,,,0,20,,904,240,,,0,5,,898,240,0,16 17,0,15,,911,240,,,0,80,,899,240,0,16 17,0,118,,912,240,0,16 17,0,75,,894,240,0,16 17,0,105,,914,240,0,5 6,0,120,,895,240,0,5 10,0,380,,906,240,0,5 10,0,12,,905,240,,,0,89,,908,240,0,5 10,0,22,,907,240,,,0,273,,913,240,0,5 6,0,103,,910,240,0,5 10,0
14001,'Dimanche-01',755,,977,370,,,0,153,,979,520,,,0,115,,980,520,,,0,115,,981,520,,,0,115,,982,520,,,0,157,,983,520,,,0,115,,984,520,,,0,120,,985,520,,,0,160,,978,520,4,,0
14001,'Fête-1-03',755,,3041,370,,,0,153,,3043,520,,,0,115,,3044,520,,,0,115,,3045,520,,,0,115,,3046,520,,,0,157,,3047,520,,,0,115,,3048,520,,,0,120,,3049,520,,,0,160,,3042,520,4,,0
14001,'Fête-2-01',623,,3051,370,,,0,95,,3062,390,,,0,103,,3050,470,,,0,118,,3052,520,,,0,161,,3053,520,,,0,121,,3054,520,,,0,126,,3055,520,,,0,164,,3056,520,,,0,126,,3057,520,,,0,168,,3058,520,,,0,125,,3059,520,,,0,118,,3060,520,,,0,155,,3061,520,4,,0
14001,'Samedi-01',755,,1008,370,,,0,153,,1010,520,,,0,115,,1011,520,,,0,115,,1012,520,,,0,115,,1013,520,,,0,157,,1014,520,,,0,115,,1015,520,,,0,120,,1016,520,,,0,160,,1009,520,4,,0
14001,'Semaine-01',623,,1018,370,,,0,95,,1029,390,,,0,103,,1017,470,,,0,118,,1019,520,,,0,161,,1020,520,,,0,121,,1021,520,,,0,126,,1022,520,,,0,164,,1023,520,,,0,126,,1024,520,,,0,168,,1025,520,,,0,125,,1026,520,,,0,118,,1027,520,,,0,155,,1028,520,4,,0
