2000001900,'Dimanche-01',539,,1174,10,0,19,0,170,,1175,10,0,19,0,130,,1176,10,0,19,0,170,,1177,10,0,19,0,130,,1178,10,0,19,0,170,,1179,10,0,19,0,130,,1180,10,0,19,0,170,,1181,10,0,19,0,130,,1182,10,0,19,0,170,,1183,10,0,19,0,130,,1184,10,0,19,0,170,,1185,10,0,19,0
2000001900,'Fête-1-01',539,,3514,10,0,19,0,170,,3515,10,0,19,0,130,,3516,10,0,19,0,170,,3517,10,0,19,0,130,,3518,10,0,19,0,170,,3519,10,0,19,0,130,,3520,10,0,19,0,170,,3521,10,0,19,0,130,,3522,10,0,19,0,170,,3523,10,0,19,0,130,,3524,10,0,19,0,170,,3525,10,0,19,0
2000001900,'Samedi-01',539,,1216,10,0,19,0,170,,1217,10,0,19,0,130,,1218,10,0,19,0,170,,1219,10,0,19,0,130,,1220,10,0,19,0,170,,1221,10,0,19,0,130,,1222,10,0,19,0,170,,1223,10,0,19,0,130,,1224,10,0,19,0,170,,1225,10,0,19,0,130,,1226,10,0,19,0,170,,1227,10,0,19,0
2000001900,'Semaine-01',444,,1228,10,0,19,0,100,,1229,10,0,19,0,70,,1230,10,0,19,0,100,,1231,10,0,19,0,100,,1232,10,0,19,0,100,,1233,10,0,19,0,96,,1234,10,0,19,0,100,,1235,10,0,19,0,100,,1236,10,0,19,0,100,,1237,10,0,19,0,100,,1238,10,0,19,0,100,,1239,10,0,19,0,100,,1240,10,0,19,0,34,,1241,10,0,19,0,100,,1242,10,0,19,0,96,,1243,10,0,19,0,165,,1244,10,0,19,0,149,,1245,10,0,19,0
2000001900,'Semaine-02',444,,3526,10,0,19,0,100,,3527,10,0,19,0,70,,3528,10,0,19,0,100,,3529,10,0,19,0,100,,3530,10,0,19,0,100,,3531,10,0,19,0,96,,3532,10,0,19,0,100,,3533,10,0,19,0,100,,3534,10,0,19,0,100,,3535,10,0,19,0,100,,3536,10,0,19,0,100,,3537,10,0,19,0,100,,3538,10,0,19,0,34,,3539,10,0,19,0,100,,3540,10,0,19,0,96,,3541,10,0,19,0,165,,3542,10,0,19,0,149,,3543,10,0,19,0
2000001900,'Semaine-03',444,,3544,10,0,19,0,100,,3545,10,0,19,0,70,,3546,10,0,19,0,100,,3547,10,0,19,0,100,,3548,10,0,19,0,100,,3549,10,0,19,0,96,,3550,10,0,19,0,100,,3551,10,0,19,0,100,,3552,10,0,19,0,100,,3553,10,0,19,0,100,,3554,10,0,19,0,100,,3555,10,0,19,0,100,,3556,10,0,19,0,34,,3557,10,0,19,0,100,,3558,10,0,19,0,96,,3559,10,0,19,0,165,,3560,10,0,19,0,149,,3561,10,0,19,0
2000001901,'Dimanche-01',747,,1246,70,4,,0,170,,1247,70,4,,0,131,,1248,70,4,,0,171,,1249,70,4,,0,130,,1250,70,4,,0,170,,1251,70,4,,0,130,,1252,70,4,,0,170,,1253,70,4,,0,129,,1254,70,4,,0,170,,1255,70,4,,0,130,,1256,70,4,,0,170,,1257,70,4,,0
2000001901,'Fête-1-01',747,,3562,70,4,,0,170,,3563,70,4,,0,131,,3564,70,4,,0,171,,3565,70,4,,0,130,,3566,70,4,,0,170,,3567,70,4,,0,130,,3568,70,4,,0,170,,3569,70,4,,0,129,,3570,70,4,,0,170,,3571,70,4,,0,130,,3572,70,4,,0,170,,3573,70,4,,0
2000001901,'Samedi-01',747,,1288,70,4,,0,170,,1289,70,4,,0,131,,1290,70,4,,0,171,,1291,70,4,,0,130,,1292,70,4,,0,170,,1293,70,4,,0,130,,1294,70,4,,0,170,,1295,70,4,,0,129,,1296,70,4,,0,170,,1297,70,4,,0,130,,1298,70,4,,0,170,,1299,70,4,,0
2000001901,'Semaine-01',703,,1300,70,4,,0,100,,1301,70,4,,0,30,,1302,70,4,,0,101,,1303,70,4,,0,100,,1304,70,4,,0,95,,1305,70,4,,0,100,,1306,70,4,,0,100,,1307,70,4,,0,100,,1308,70,4,,0,100,,1309,70,4,,0,103,,1310,70,4,,0,101,,1311,70,4,,0,100,,1312,70,4,,0,70,,1313,70,4,,0,56,,1314,70,4,,0,99,,1315,70,4,,0,160,,1316,70,4,,0,139,,1317,70,4,,0
2000001901,'Semaine-02',703,,3574,70,4,,0,100,,3575,70,4,,0,30,,3576,70,4,,0,101,,3577,70,4,,0,100,,3578,70,4,,0,95,,3579,70,4,,0,100,,3580,70,4,,0,100,,3581,70,4,,0,100,,3582,70,4,,0,100,,3583,70,4,,0,103,,3584,70,4,,0,101,,3585,70,4,,0,100,,3586,70,4,,0,70,,3587,70,4,,0,56,,3588,70,4,,0,99,,3589,70,4,,0,160,,3590,70,4,,0,139,,3591,70,4,,0
2000001901,'Semaine-03',703,,3592,70,4,,0,100,,3593,70,4,,0,30,,3594,70,4,,0,101,,3595,70,4,,0,100,,3596,70,4,,0,95,,3597,70,4,,0,100,,3598,70,4,,0,100,,3599,70,4,,0,100,,3600,70,4,,0,100,,3601,70,4,,0,103,,3602,70,4,,0,101,,3603,70,4,,0,100,,3604,70,4,,0,70,,3605,70,4,,0,56,,3606,70,4,,0,99,,3607,70,4,,0,160,,3608,70,4,,0,139,,3609,70,4,,0
