100,'Dimanche-01',637,,12,610,,,0,200,,1,610,,,0,167,,2,610,,,0,130,,3,610,,,0,125,,4,610,,,0,163,,5,610,,,0,118,,6,610,,,0,160,,7,610,,,0,123,,8,610,,,0,135,,9,610,,,0,155,,10,610,,,0,115,,11,610,,,0
100,'Samedi-01',637,,54,610,,,0,200,,43,610,,,0,167,,44,610,,,0,130,,45,610,,,0,125,,46,610,,,0,163,,47,610,,,0,118,,48,610,,,0,160,,49,610,,,0,123,,50,610,,,0,135,,51,610,,,0,155,,52,610,,,0,115,,53,610,,,0
100,'Semaine-01',524,,55,610,,,0,104,,56,610,,,0,26,,57,610,,,0,82,,58,610,,,0,118,,59,610,,,0,104,,62,610,,,0,94,,71,610,,,0,101,,63,610,,,0,101,,72,610,,,0,78,,64,610,,,0,102,,65,610,,,0,100,,69,610,,,0,110,,66,610,,,0,75,,67,610,,,0,105,,60,610,,,0,92,,61,610,,,0,132,,70,610,,,0,184,,68,610,,,0
2100,'Semaine-01',542,,240,250,,,0,70,,241,250,,,0,30,,242,250,,,0,75,,243,250,,,0,30,,244,250,,,0,75,,245,250,,,0
2101,'Semaine-01',1638,,254,400,,,0,63,,255,400,,,0,26,,256,400,,,0,24,,257,400,,,0,65,,258,400,,,0,28,,259,400,,,0
2201,'Semaine-01',1642,,281,260,,,0,65,,285,260,,,0,25,,282,260,,,0,25,,286,260,,,0,65,,284,260,,,0,23,,283,260,,,0
2600,'Semaine-01',502,,363,240,,,0,17,,364,250,,,0
2800,'Semaine-01',514,,417,140,,,0,20,,416,140,,,0,20,,414,380,,,0,50,,428,140,,,0,10,,424,140,,,0,10,,425,140,,,0,10,,413,400,,,0,8,,426,140,,,0,8,,415,380,,,0,8,,429,140,,,0,49,,427,140,,,0,8,,418,140,,,0,10,,419,140,,,0,10,,420,140,,,0,11,,421,140,,,0,10,,422,140,,,0,60,,423,140,,,0
3200,'Dimanche-01',612,,578,340,,,0,214,,583,340,,,0,223,,586,340,,,0,192,,587,340,,,0,159,,579,340,,,0,122,,589,340,,,0,120,,580,340,,,0,159,,582,340,,,0,118,,581,340,,,0,214,,584,340,,,0,216,,585,340,,,0,253,,588,340,0,6,0
3200,'Samedi-01',543,,635,220,,,0,181,,641,340,,,0,77,,636,340,,,0,120,,644,340,,,0,123,,645,340,,,0,164,,646,340,,,0,124,,637,340,,,0,124,,648,340,,,0,164,,638,340,,,0,128,,639,340,,,0,160,,640,340,,,0,235,,642,340,,,0,216,,643,340,,,0,247,,647,340,0,6,0
3200,'Semaine-01',639,,674,340,,,0,80,,649,340,,,0,40,,677,340,,,0,80,,660,340,,,0,80,,668,340,,,0,40,,669,340,,,0,81,,670,340,,,0,81,,671,340,,,0,83,,672,340,,,0,43,,673,340,,,0,83,,650,340,,,0,82,,651,340,,,0,42,,652,340,,,0,85,,676,340,,,0,85,,654,340,,,0,85,,655,340,,,0,45,,656,340,,,0,85,,657,340,,,0,82,,658,340,,,0,83,,659,340,,,0,41,,661,340,,,0,80,,662,340,,,0,80,,663,340,,,0,40,,664,340,,,0,80,,665,340,,,0,80,,666,340,,,0,40,,667,340,,,0
3300,'Dimanche-01',611,,682,520,,,0,42,,680,520,,,0,91,,691,520,,,0,81,,701,520,,,0,83,,703,520,,,0,93,,704,520,,,0,40,,705,520,,,0,80,,706,520,,,0,80,,707,520,,,0,40,,683,520,,,0,80,,684,520,,,0,79,,685,520,,,0,40,,686,520,,,0,80,,687,520,,,0,39,,688,520,,,0,79,,689,520,,,0,79,,690,520,,,0,39,,692,520,,,0,79,,693,520,,,0,80,,694,520,,,0,87,,695,520,,,0,45,,696,520,,,0,85,,697,520,,,0,87,,698,520,,,0,86,,699,520,,,0,43,,700,520,,,0,88,,681,520,,,0,83,,702,520,,,0
3300,'Samedi-01',631,,769,520,,,0,81,,767,520,,,0,42,,778,520,,,0,82,,788,520,,,0,82,,790,520,,,0,84,,791,520,,,0,41,,792,520,,,0,82,,793,520,,,0,82,,794,520,,,0,42,,770,520,,,0,82,,771,520,,,0,82,,772,520,,,0,42,,773,520,,,0,82,,774,520,,,0,82,,775,520,,,0,82,,776,520,,,0,42,,777,520,,,0,85,,779,520,,,0,79,,780,520,,,0,42,,781,520,,,0,82,,782,520,,,0,79,,783,520,,,0,41,,784,520,,,0,81,,785,520,,,0,82,,786,520,,,0,43,,787,520,,,0,86,,789,520,,,0,86,,768,520,,,0
3300,'Semaine-01',638,,796,520,,,0,80,,824,520,,,0,41,,805,520,,,0,80,,815,520,,,0,80,,818,520,,,0,40,,819,520,,,0,80,,820,520,,,0,82,,821,520,,,0,81,,822,520,,,0,43,,797,520,,,0,83,,798,520,,,0,83,,799,520,,,0,43,,800,520,,,0,84,,801,520,,,0,86,,802,520,,,0,84,,803,520,,,0,45,,804,520,,,0,84,,806,520,,,0,81,,807,520,,,0,83,,808,520,,,0,42,,809,520,,,0,80,,810,520,,,0,80,,811,520,,,0,39,,812,520,,,0,80,,813,520,,,0,80,,814,520,,,0,40,,816,520,,,0,80,,817,520,,,0
9000,'Semaine-01',647,,825,150,,,0,63,,826,150,,,0
11100,'Dimanche-01',723,,861,360,0,5 6,0,100,,857,360,0,5 10,0,187,,856,360,0,5 10,0,291,,858,360,0,5 10,0,249,,859,360,0,5 10,0,198,,862,360,0,5 6,0,107,,860,360,0,5 10,0,378,,863,360,0,5 6,0
11100,'Samedi-01',723,,891,360,0,5 6,0,100,,887,360,0,5 10,0,187,,886,360,0,5 10,0,291,,888,360,0,5 10,0,249,,889,360,0,5 10,0,198,,892,360,0,5 6,0,107,,890,360,0,5 10,0,378,,893,360,0,5 6,0
11100,'Semaine-01',535,,902,360,0,5 15,0,15,,896,360,0,5 10,0,60,,900,360,0,5 15,0,27,,903,360,0,5 15,0,6,,897,360,0,5 10,0,14,,901,360,0,5 15,0,51,,915,360,0,16 17,0,20,,909,360,0,5 15,0,20,,904,360,0,5 15,0,5,,898,360,0,16 17,0,55,,911,360,0,5 15,0,40,,899,360,0,16 17,0,157,,912,360,0,16 17,0,35,,894,360,0,16 17,0,105,,914,360,0,5 6,0,160,,895,360,0,5 10,0,341,,906,360,0,5 10,0,5,,905,290,0,5 15,0,94,,908,360,0,5 10,0,58,,907,290,0,5 15,0,233,,913,290,0,5 6,0,103,,910,290,0,5 10,0
