2000002300,'Dimanche-01',549,,1719,40,,,0,79,,1721,40,,,0,74,,1722,40,,,0,101,,1723,40,,,0,41,,1724,40,,,0,75,,1725,40,,,0,107,,1726,40,,,0,97,,1727,40,,,0,95,,1728,40,,,0,82,,1729,40,,,0,37,,1730,40,,,0,83,,1731,40,,,0,39,,1732,40,,,0,82,,1733,40,,,0,78,,1734,40,,,0,40,,1735,40,,,0,79,,1736,40,,,0,82,,1737,40,,,0,36,,1738,40,,,0,146,,1739,40,,,0,109,,1740,40,,,0,112,,1741,40,,,0,104,,1742,40,,,0,111,,1743,40,,,0,102,,1720,40,,,0
2000002300,'Fête-1-01',551,,1744,40,,,0,83,,1746,40,,,0,81,,1747,40,,,0,35,,1748,40,,,0,87,,1749,40,,,0,84,,1750,40,,,0,81,,1751,40,,,0,53,,1752,40,,,0,90,,1753,40,,,0,85,,1754,40,,,0,79,,1755,40,,,0,41,,1756,40,,,0,83,,1757,40,,,0,85,,1758,40,,,0,39,,1759,40,,,0,85,,1760,40,,,0,83,,1761,40,,,0,80,,1762,40,,,0,40,,1763,40,,,0,85,,1764,40,,,0,87,,1765,40,,,0,104,,1766,40,,,0,80,,1767,40,,,0,32,,1768,40,,,0,104,,1769,40,,,0,111,,1770,40,,,0,96,,1745,40,,,0
2000002300,'Fête-2-02',558,,1771,40,,,0,80,,1772,40,,,0,80,,1796,40,,,0,41,,1797,40,,,0,79,,1773,40,,,0,80,,1795,40,,,0,40,,1793,40,,,0,81,,1792,40,,,0,82,,1794,40,,,0,83,,1791,40,,,0,43,,1788,40,,,0,83,,1790,40,,,0,82,,1789,40,,,0,42,,1787,40,,,0,85,,1786,40,,,0,85,,1785,40,,,0,86,,1784,40,,,0,45,,1783,40,,,0,85,,1782,40,,,0,82,,1781,40,,,0,82,,1780,40,,,0,39,,1779,40,,,0,80,,1778,40,,,0,80,,1777,40,,,0,40,,1776,40,,,0,80,,1775,40,,,0,80,,1774,40,,,0,121,,1798,40,,,0
2000002300,'Samedi-01',551,,1799,40,,,0,83,,1801,40,,,0,81,,1802,40,,,0,35,,1803,40,,,0,87,,1804,40,,,0,84,,1805,40,,,0,81,,1806,40,,,0,53,,1807,40,,,0,90,,1808,40,,,0,85,,1809,40,,,0,79,,1810,40,,,0,41,,1811,40,,,0,83,,1812,40,,,0,85,,1813,40,,,0,39,,1814,40,,,0,85,,1815,40,,,0,83,,1816,40,,,0,80,,1817,40,,,0,40,,1818,40,,,0,85,,1819,40,,,0,87,,1820,40,,,0,104,,1821,40,,,0,80,,1822,40,,,0,32,,1823,40,,,0,104,,1824,40,,,0,111,,1825,40,,,0,96,,1800,40,,,0
2000002300,'Semaine-01',558,,1826,40,,,0,80,,1827,40,,,0,80,,1851,40,,,0,41,,1852,40,,,0,79,,1828,40,,,0,80,,1850,40,,,0,40,,1848,40,,,0,81,,1847,40,,,0,82,,1849,40,,,0,83,,1846,40,,,0,43,,1843,40,,,0,83,,1845,40,,,0,82,,1844,40,,,0,42,,1842,40,,,0,85,,1841,40,,,0,85,,1840,40,,,0,86,,1839,40,,,0,45,,1838,40,,,0,85,,1837,40,,,0,82,,1836,40,,,0,82,,1835,40,,,0,39,,1834,40,,,0,80,,1833,40,,,0,80,,1832,40,,,0,40,,1831,40,,,0,80,,1830,40,,,0,80,,1829,40,,,0,121,,1853,40,,,0
2000002301,'Dimanche-01',612,,1854,40,,,0,34,,1864,40,,,0,80,,1859,40,,,0,101,,1869,40,,,0,76,,1865,40,,,0,40,,1858,40,,,0,107,,1860,40,,,0,97,,1861,40,,,0,95,,1868,40,,,0,75,,1862,40,,,0,84,,1857,40,,,0,38,,1870,40,,,0,84,,1863,40,,,0,77,,1867,40,,,0,43,,1866,40,,,0,79,,1856,40,,,0,80,,1871,40,,,0,37,,1872,40,,,0,81,,1877,40,,,0,106,,1874,40,,,0,109,,1873,40,,,0,112,,1878,40,,,0,104,,1876,40,,,0,151,,1875,40,,,0,102,,1855,40,,,0
2000002301,'Fête-1-01',615,,1879,40,,,0,43,,1889,40,,,0,76,,1884,40,,,0,75,,1895,40,,,0,92,,1890,40,,,0,40,,1883,40,,,0,85,,1892,40,,,0,88,,1885,40,,,0,95,,1886,40,,,0,40,,1894,40,,,0,84,,1887,40,,,0,76,,1882,40,,,0,48,,1896,40,,,0,80,,1888,40,,,0,84,,1893,40,,,0,80,,1891,40,,,0,48,,1881,40,,,0,75,,1897,40,,,0,85,,1898,40,,,0,40,,1903,40,,,0,92,,1900,40,,,0,104,,1899,40,,,0,72,,1904,40,,,0,40,,1905,40,,,0,144,,1902,40,,,0,111,,1901,40,,,0,96,,1880,40,,,0
2000002301,'Fête-2-02',622,,1934,40,,,0,80,,1931,40,,,0,40,,1932,40,,,0,80,,1933,40,,,0,80,,1929,40,,,0,40,,1930,40,,,0,80,,1927,40,,,0,81,,1926,40,,,0,42,,1928,40,,,0,83,,1924,40,,,0,83,,1921,40,,,0,43,,1925,40,,,0,82,,1923,40,,,0,82,,1922,40,,,0,85,,1920,40,,,0,45,,1919,40,,,0,86,,1918,40,,,0,85,,1917,40,,,0,85,,1916,40,,,0,42,,1915,40,,,0,82,,1914,40,,,0,79,,1913,40,,,0,40,,1912,40,,,0,80,,1911,40,,,0,80,,1910,40,,,0,40,,1909,40,,,0,80,,1908,40,,,0,74,,1907,40,,,0,58,,1906,40,,,0
2000002301,'Samedi-01',615,,1935,40,,,0,43,,1945,40,,,0,76,,1940,40,,,0,75,,1951,40,,,0,92,,1946,40,,,0,40,,1939,40,,,0,85,,1948,40,,,0,88,,1941,40,,,0,95,,1942,40,,,0,40,,1950,40,,,0,84,,1943,40,,,0,76,,1938,40,,,0,48,,1952,40,,,0,80,,1944,40,,,0,84,,1949,40,,,0,80,,1947,40,,,0,48,,1937,40,,,0,75,,1953,40,,,0,85,,1954,40,,,0,40,,1959,40,,,0,92,,1956,40,,,0,104,,1955,40,,,0,72,,1960,40,,,0,40,,1961,40,,,0,144,,1958,40,,,0,111,,1957,40,,,0,96,,1936,40,,,0
2000002301,'Semaine-01',622,,1990,40,,,0,80,,1987,40,,,0,40,,1988,40,,,0,80,,1989,40,,,0,80,,1985,40,,,0,40,,1986,40,,,0,80,,1983,40,,,0,81,,1982,40,,,0,42,,1984,40,,,0,83,,1980,40,,,0,83,,1977,40,,,0,43,,1981,40,,,0,82,,1979,40,,,0,82,,1978,40,,,0,85,,1976,40,,,0,45,,1975,40,,,0,86,,1974,40,,,0,85,,1973,40,,,0,85,,1972,40,,,0,42,,1971,40,,,0,82,,1970,40,,,0,79,,1969,40,,,0,40,,1968,40,,,0,80,,1967,40,,,0,80,,1966,40,,,0,40,,1965,40,,,0,80,,1964,40,,,0,74,,1963,40,,,0,58,,1962,40,,,0
