100,'Dimanche-01',637,,12,620,,,0,200,,1,620,,,0,167,,2,620,,,0,131,,3,620,,,0,165,,4,620,,,0,123,,5,620,,,0,118,,6,620,,,0,160,,7,620,,,0,123,,8,620,,,0,135,,9,620,,,0,155,,10,620,,,0,115,,11,620,,,0
100,'Fête-1-03',637,,2637,620,,,0,200,,2626,620,,,0,167,,2627,620,,,0,131,,2628,620,,,0,165,,2629,620,,,0,123,,2630,620,,,0,118,,2631,620,,,0,160,,2632,620,,,0,123,,2633,620,,,0,135,,2634,620,,,0,155,,2635,620,,,0,115,,2636,620,,,0
100,'Fête-2-01',525,,2638,620,,,0,104,,2639,620,,,0,26,,2640,620,,,0,82,,2641,620,,,0,118,,2642,620,,,0,103,,2645,620,,,0,95,,2654,620,,,0,100,,2646,620,,,0,102,,2655,620,,,0,80,,2647,620,,,0,100,,2648,620,,,0,100,,2652,620,,,0,110,,2649,620,,,0,75,,2650,620,,,0,105,,2643,620,,,0,92,,2644,620,,,0,131,,2653,620,,,0,184,,2651,620,,,0
100,'Samedi-01',637,,54,620,,,0,200,,43,620,,,0,167,,44,620,,,0,131,,45,620,,,0,165,,46,620,,,0,123,,47,620,,,0,118,,48,620,,,0,160,,49,620,,,0,123,,50,620,,,0,135,,51,620,,,0,155,,52,620,,,0,115,,53,620,,,0
100,'Semaine-01',525,,55,620,,,0,104,,56,620,,,0,26,,57,620,,,0,82,,58,620,,,0,118,,59,620,,,0,104,,62,620,,,0,94,,71,620,,,0,101,,63,620,,,0,101,,72,620,,,0,78,,64,620,,,0,102,,65,620,,,0,100,,69,620,,,0,110,,66,620,,,0,75,,67,620,,,0,105,,60,620,,,0,92,,61,620,,,0,131,,70,620,,,0,184,,68,620,,,0
2100,'Fête-2-01',542,,2720,260,,,0,70,,2721,260,,,0,30,,2722,260,,,0,75,,2723,260,,,0,30,,2724,260,,,0,75,,2725,260,,,0
2100,'Semaine-01',542,,240,260,,,0,70,,241,260,,,0,30,,242,260,,,0,75,,243,260,,,0,30,,244,260,,,0,75,,245,260,,,0
2101,'Fête-2-01',1640,,2726,410,,,0,70,,2727,410,,,0,29,,2728,410,,,0,69,,2729,410,,,0,29,,2730,410,,,0
2101,'Semaine-01',1640,,254,410,,,0,63,,255,410,,,0,26,,256,410,,,0,24,,257,410,,,0,64,,258,410,,,0,28,,259,410,,,0
2201,'Fête-2-01',1643,,2740,270,,,0,65,,2744,270,,,0,25,,2741,270,,,0,25,,2745,270,,,0,65,,2743,270,,,0,23,,2742,270,,,0
2201,'Semaine-01',1643,,281,270,,,0,65,,285,270,,,0,25,,282,270,,,0,25,,286,270,,,0,65,,284,270,,,0,23,,283,270,,,0
2600,'Fête-2-01',502,,2782,250,,,0,17,,2783,260,,,0
2600,'Semaine-01',502,,363,250,,,0,17,,364,260,,,0
2800,'Fête-2-01',515,,2807,150,,,0,20,,2806,150,,,0,20,,2804,390,,,0,60,,2812,150,,,0,20,,2803,410,,,0,20,,2805,390,,,0,61,,2808,150,,,0,20,,2809,150,,,0,21,,2810,150,,,0,60,,2811,150,,,0
2800,'Semaine-01',515,,417,150,,,0,20,,416,150,,,0,20,,414,390,,,0,50,,428,150,,,0,10,,424,150,,,0,10,,425,150,,,0,10,,413,410,,,0,8,,426,150,,,0,8,,415,390,,,0,8,,429,150,,,0,49,,427,150,,,0,8,,418,150,,,0,10,,419,150,,,0,10,,420,150,,,0,11,,421,150,,,0,10,,422,150,,,0,60,,423,150,,,0
3200,'Dimanche-01',613,,578,350,,,0,214,,583,350,,,0,223,,586,350,,,0,192,,587,350,,,0,159,,579,350,,,0,122,,589,350,,,0,120,,580,350,,,0,159,,582,350,,,0,118,,581,350,,,0,214,,584,350,,,0,216,,585,350,,,0,253,,588,350,0,6,0
3200,'Fête-1-03',544,,2879,230,,,0,181,,2885,350,,,0,77,,2880,350,,,0,120,,2888,350,,,0,123,,2889,350,,,0,164,,2890,350,,,0,124,,2881,350,,,0,124,,2892,350,,,0,164,,2882,350,,,0,128,,2883,350,,,0,160,,2884,350,,,0,235,,2886,350,,,0,256,,2887,350,,,0,207,,2891,350,0,6,0
3200,'Fête-2-01',640,,2918,350,,,0,80,,2893,350,,,0,80,,2921,350,,,0,40,,2904,350,,,0,80,,2912,350,,,0,80,,2913,350,,,0,41,,2914,350,,,0,81,,2915,350,,,0,83,,2916,350,,,0,43,,2917,350,,,0,83,,2894,350,,,0,82,,2895,350,,,0,42,,2896,350,,,0,85,,2920,350,,,0,85,,2898,350,,,0,85,,2899,350,,,0,45,,2900,350,,,0,85,,2901,350,,,0,82,,2902,350,,,0,83,,2903,350,,,0,41,,2905,350,,,0,80,,2906,350,,,0,80,,2907,350,,,0,40,,2908,350,,,0,80,,2909,350,,,0,80,,2910,350,,,0,40,,2911,350,,,0
3200,'Samedi-01',544,,635,230,,,0,181,,641,350,,,0,77,,636,350,,,0,120,,644,350,,,0,123,,645,350,,,0,164,,646,350,,,0,124,,637,350,,,0,124,,648,350,,,0,164,,638,350,,,0,128,,639,350,,,0,160,,640,350,,,0,235,,642,350,,,0,256,,643,350,,,0,207,,647,350,0,6,0
3200,'Semaine-01',640,,674,350,,,0,80,,649,350,,,0,80,,677,350,,,0,40,,660,350,,,0,80,,668,350,,,0,80,,669,350,,,0,41,,670,350,,,0,81,,671,350,,,0,83,,672,350,,,0,43,,673,350,,,0,83,,650,350,,,0,82,,651,350,,,0,42,,652,350,,,0,85,,676,350,,,0,85,,654,350,,,0,85,,655,350,,,0,45,,656,350,,,0,85,,657,350,,,0,82,,658,350,,,0,83,,659,350,,,0,41,,661,350,,,0,80,,662,350,,,0,80,,663,350,,,0,40,,664,350,,,0,80,,665,350,,,0,80,,666,350,,,0,40,,667,350,,,0
3300,'Dimanche-01',612,,682,530,,,0,42,,680,530,,,0,91,,691,530,,,0,81,,701,530,,,0,83,,703,530,,,0,93,,704,530,,,0,40,,705,530,,,0,80,,706,530,,,0,80,,707,530,,,0,40,,683,530,,,0,80,,684,530,,,0,79,,685,530,,,0,40,,686,530,,,0,80,,687,530,,,0,79,,688,530,,,0,39,,689,530,,,0,79,,690,530,,,0,39,,692,530,,,0,79,,693,530,,,0,80,,694,530,,,0,87,,695,530,,,0,45,,696,530,,,0,85,,697,530,,,0,87,,698,530,,,0,86,,699,530,,,0,43,,700,530,,,0,88,,681,530,,,0,83,,702,530,,,0
3300,'Fête-1-03',632,,2926,530,,,0,81,,2924,530,,,0,42,,2935,530,,,0,82,,2945,530,,,0,82,,2947,530,,,0,84,,2948,530,,,0,41,,2949,530,,,0,82,,2950,530,,,0,82,,2951,530,,,0,42,,2927,530,,,0,82,,2928,530,,,0,82,,2929,530,,,0,42,,2930,530,,,0,82,,2931,530,,,0,82,,2932,530,,,0,82,,2933,530,,,0,42,,2934,530,,,0,85,,2936,530,,,0,79,,2937,530,,,0,42,,2938,530,,,0,82,,2939,530,,,0,79,,2940,530,,,0,41,,2941,530,,,0,81,,2942,530,,,0,82,,2943,530,,,0,43,,2944,530,,,0,86,,2946,530,,,0,86,,2925,530,,,0
3300,'Fête-2-01',639,,2953,530,,,0,80,,2981,530,,,0,81,,2962,530,,,0,40,,2972,530,,,0,80,,2975,530,,,0,80,,2976,530,,,0,40,,2977,530,,,0,82,,2978,530,,,0,81,,2979,530,,,0,43,,2954,530,,,0,83,,2955,530,,,0,83,,2956,530,,,0,43,,2957,530,,,0,84,,2958,530,,,0,86,,2959,530,,,0,84,,2960,530,,,0,45,,2961,530,,,0,84,,2963,530,,,0,81,,2964,530,,,0,83,,2965,530,,,0,42,,2966,530,,,0,80,,2967,530,,,0,80,,2968,530,,,0,39,,2969,530,,,0,80,,2970,530,,,0,80,,2971,530,,,0,40,,2973,530,,,0,80,,2974,530,,,0
3300,'Samedi-01',632,,769,530,,,0,81,,767,530,,,0,42,,778,530,,,0,82,,788,530,,,0,82,,790,530,,,0,84,,791,530,,,0,41,,792,530,,,0,82,,793,530,,,0,82,,794,530,,,0,42,,770,530,,,0,82,,771,530,,,0,82,,772,530,,,0,42,,773,530,,,0,82,,774,530,,,0,82,,775,530,,,0,82,,776,530,,,0,42,,777,530,,,0,85,,779,530,,,0,79,,780,530,,,0,42,,781,530,,,0,82,,782,530,,,0,79,,783,530,,,0,41,,784,530,,,0,81,,785,530,,,0,82,,786,530,,,0,43,,787,530,,,0,86,,789,530,,,0,86,,768,530,,,0
3300,'Semaine-01',639,,796,530,,,0,80,,824,530,,,0,81,,805,530,,,0,40,,815,530,,,0,80,,818,530,,,0,80,,819,530,,,0,40,,820,530,,,0,82,,821,530,,,0,81,,822,530,,,0,43,,797,530,,,0,83,,798,530,,,0,83,,799,530,,,0,43,,800,530,,,0,84,,801,530,,,0,86,,802,530,,,0,84,,803,530,,,0,45,,804,530,,,0,84,,806,530,,,0,81,,807,530,,,0,83,,808,530,,,0,42,,809,530,,,0,80,,810,530,,,0,80,,811,530,,,0,39,,812,530,,,0,80,,813,530,,,0,80,,814,530,,,0,40,,816,530,,,0,80,,817,530,,,0
9000,'Semaine-01',648,,825,160,,,0,63,,826,160,,,0
11100,'Dimanche-01',724,,861,370,0,5 6,0,100,,857,370,0,5 10,0,187,,856,370,0,5 10,0,291,,858,370,0,5 10,0,249,,859,370,0,5 10,0,198,,862,370,0,5 6,0,107,,860,370,0,5 10,0,378,,863,370,0,5 6,0
11100,'Fête-1-03',724,,3000,370,0,5 6,0,100,,2996,370,0,5 10,0,187,,2995,370,0,5 10,0,291,,2997,370,0,5 10,0,249,,2998,370,0,5 10,0,198,,3001,370,0,5 6,0,107,,2999,370,0,5 10,0,378,,3002,370,0,5 6,0
11100,'Fête-2-01',536,,3007,370,0,5 14,0,70,,3005,370,0,5 14,0,30,,3008,370,0,5 14,0,70,,3006,370,0,5 14,0,30,,3012,370,0,5 14,0,70,,3013,370,0,5 14,0,33,,3004,370,0,5 10,0,100,,3014,370,0,5 10,0,207,,3016,370,0,5 6,0,165,,3003,370,0,5 10,0,400,,3009,370,0,5 14,0,30,,3011,370,0,5 14,0,70,,3010,370,0,5 14,0,130,,3015,370,0,5 10,0
11100,'Samedi-01',724,,891,370,0,5 6,0,100,,887,370,0,5 10,0,187,,886,370,0,5 10,0,291,,888,370,0,5 10,0,249,,889,370,0,5 10,0,198,,892,370,0,5 6,0,107,,890,370,0,5 10,0,378,,893,370,0,5 6,0
11100,'Semaine-01',536,,902,370,,,0,15,,896,370,0,5 10,0,60,,900,370,,,0,27,,903,370,,,0,6,,897,370,0,5 10,0,14,,901,370,,,0,51,,915,370,0,16 17,0,20,,909,370,,,0,20,,904,370,,,0,5,,898,370,0,16 17,0,55,,911,370,,,0,40,,899,370,0,16 17,0,157,,912,370,0,16 17,0,35,,894,370,0,16 17,0,105,,914,370,0,5 6,0,160,,895,370,0,5 10,0,341,,906,370,0,5 10,0,5,,905,300,,,0,94,,908,370,0,5 10,0,58,,907,300,,,0,233,,913,300,0,5 6,0,103,,910,300,0,5 10,0
