101,'Dimanche-01',734,,73,170,,,0,205,,74,170,,,0,170,,75,170,,,0,133,,76,170,,,0,167,,77,170,,,0,120,,78,170,,,0,120,,79,170,,,0,160,,80,170,,,0,118,,81,170,,,0,174,,82,170,,,0,114,,83,170,,,0,114,,84,170,,,0
101,'Samedi-01',734,,115,170,,,0,205,,116,170,,,0,170,,117,170,,,0,133,,118,170,,,0,167,,119,170,,,0,120,,120,170,,,0,120,,121,170,,,0,160,,122,170,,,0,118,,123,170,,,0,174,,124,170,,,0,114,,125,170,,,0,114,,126,170,,,0
101,'Semaine-01',633,,127,170,,,0,6,,145,40,,,0,94,,136,170,,,0,70,,138,170,,,0,50,,139,170,,,0,151,,140,170,,,0,105,,141,170,,,0,95,,143,170,,,0,102,,142,170,,,0,106,,144,170,,,0,41,,128,170,,,0,102,,129,170,,,0,96,,130,170,,,0,149,,131,170,,,0,34,,132,170,,,0,103,,133,170,,,0,84,,134,170,,,0,134,,135,170,,,0,175,,137,170,,,0
2100,'Semaine-01',525,,240,20,,,0,30,,241,20,,,0,70,,242,20,,,0,75,,243,20,,,0,30,,244,20,,,0,75,,245,20,,,0
2101,'Semaine-01',1622,,254,170,,,0,23,,255,170,,,0,66,,256,170,,,0,25,,257,170,,,0,65,,258,170,,,0,28,,259,170,,,0
2801,'Semaine-01',1357,,445,110,0,6,0,188,,451,110,0,6,0,62,,454,110,0,6,0,10,,458,110,0,6,0,12,,455,110,0,6,0,15,,443,110,0,7,0,5,,456,110,0,6,0,10,,457,110,0,6,0,50,,446,110,0,6,0,9,,447,110,0,6,0,10,,442,110,,,0,10,,448,110,0,6,0,8,,449,110,0,6,0,10,,444,110,0,7,0,54,,450,110,0,6,0,11,,452,110,0,6,0,25,,453,110,0,6,0
3300,'Dimanche-01',540,,682,40,,,0,82,,680,40,,,0,90,,691,40,,,0,41,,701,40,,,0,83,,703,40,,,0,93,,704,40,,,0,80,,705,40,,,0,40,,706,40,,,0,80,,707,40,,,0,80,,683,40,,,0,40,,684,40,,,0,79,,685,40,,,0,80,,686,40,,,0,40,,687,40,,,0,79,,688,40,,,0,79,,689,40,,,0,39,,690,40,,,0,79,,692,40,,,0,79,,693,40,,,0,40,,694,40,,,0,87,,695,40,,,0,85,,696,40,,,0,86,,697,40,,,0,47,,698,40,,,0,86,,699,40,,,0,83,,700,40,,,0,88,,681,40,,,0,43,,702,40,,,0,159,,708,40,0,8 6,0
3300,'Samedi-01',600,,769,40,,,0,41,,767,40,,,0,81,,778,40,,,0,82,,788,40,,,0,42,,790,40,,,0,84,,791,40,,,0,81,,792,40,,,0,42,,793,40,,,0,82,,794,40,,,0,82,,770,40,,,0,42,,771,40,,,0,82,,772,40,,,0,82,,773,40,,,0,82,,774,40,,,0,42,,775,40,,,0,82,,776,40,,,0,82,,777,40,,,0,45,,779,40,,,0,79,,780,40,,,0,82,,781,40,,,0,42,,782,40,,,0,79,,783,40,,,0,82,,784,40,,,0,81,,785,40,,,0,42,,786,40,,,0,83,,787,40,,,0,86,,789,40,,,0,46,,768,40,,,0,153,,795,40,0,8 6,0
3300,'Semaine-01',607,,796,40,,,0,40,,824,40,,,0,80,,805,40,,,0,80,,815,40,,,0,40,,818,40,,,0,80,,819,40,,,0,80,,820,40,,,0,41,,821,40,,,0,81,,822,40,,,0,83,,797,40,,,0,43,,798,40,,,0,83,,799,40,,,0,82,,800,40,,,0,82,,801,40,,,0,45,,802,40,,,0,85,,803,40,,,0,85,,804,40,,,0,85,,806,40,,,0,45,,807,40,,,0,83,,808,40,,,0,82,,809,40,,,0,40,,810,40,,,0,80,,811,40,,,0,80,,812,40,,,0,40,,813,40,,,0,80,,814,40,,,0,80,,816,40,,,0,40,,817,40,,,0
9001,'Semaine-01',1839,,828,80,,,0
