101,'Dimanche-01',759,,73,540,,,0,246,,74,540,,,0,131,,75,540,,,0,173,,76,540,,,0,127,,77,540,,,0,120,,78,540,,,0,160,,79,540,,,0,120,,80,540,,,0,117,,81,540,,,0,174,,82,540,,,0,114,,83,540,,,0,113,,84,540,,,0
101,'Fête-1-03',759,,2656,540,,,0,246,,2657,540,,,0,131,,2658,540,,,0,173,,2659,540,,,0,127,,2660,540,,,0,120,,2661,540,,,0,160,,2662,540,,,0,120,,2663,540,,,0,117,,2664,540,,,0,174,,2665,540,,,0,114,,2666,540,,,0,113,,2667,540,,,0
101,'Fête-2-01',659,,2668,540,,,0,141,,2677,540,,,0,30,,2679,540,,,0,90,,2680,540,,,0,110,,2681,540,,,0,105,,2682,540,,,0,95,,2684,540,,,0,105,,2683,540,,,0,106,,2685,540,,,0,81,,2669,540,,,0,104,,2670,540,,,0,96,,2671,540,,,0,106,,2672,540,,,0,74,,2673,540,,,0,103,,2674,540,,,0,43,,2675,540,,,0,173,,2676,540,,,0,134,,2678,540,,,0
101,'Samedi-01',759,,115,540,,,0,246,,116,540,,,0,131,,117,540,,,0,173,,118,540,,,0,127,,119,540,,,0,120,,120,540,,,0,160,,121,540,,,0,120,,122,540,,,0,117,,123,540,,,0,174,,124,540,,,0,114,,125,540,,,0,113,,126,540,,,0
101,'Semaine-01',659,,127,540,,,0,46,,145,410,,,0,95,,136,540,,,0,30,,138,540,,,0,90,,139,540,,,0,110,,140,540,,,0,105,,141,540,,,0,95,,143,540,,,0,105,,142,540,,,0,106,,144,540,,,0,81,,128,540,,,0,104,,129,540,,,0,96,,130,540,,,0,106,,131,540,,,0,74,,132,540,,,0,103,,133,540,,,0,43,,134,540,,,0,173,,135,540,,,0,134,,137,540,,,0
2001,'Dimanche-01',731,,190,40,,,0,124,,191,40,,,0,166,,192,40,,,0,125,,193,40,,,0,165,,194,40,,,0,125,,195,40,,,0,165,,196,40,,,0,125,,197,40,,,0
2001,'Fête-1-03',731,,2703,40,,,0,124,,2704,40,,,0,166,,2705,40,,,0,125,,2706,40,,,0,165,,2707,40,,,0,125,,2708,40,,,0,165,,2709,40,,,0,125,,2710,40,,,0
2001,'Fête-2-01',716,,2711,40,,,0,125,,2712,40,,,0,165,,2713,40,,,0,126,,2714,40,,,0,126,,2715,40,,,0,165,,2716,40,,,0,126,,2717,40,,,0,166,,2718,40,,,0,126,,2719,40,,,0
2001,'Samedi-01',731,,215,40,,,0,124,,216,40,,,0,166,,217,40,,,0,125,,218,40,,,0,165,,219,40,,,0,125,,220,40,,,0,165,,221,40,,,0,125,,222,40,,,0
2001,'Semaine-01',716,,223,40,,,0,125,,224,40,,,0,165,,225,40,,,0,126,,226,40,,,0,126,,227,40,,,0,165,,228,40,,,0,126,,229,40,,,0,166,,230,40,,,0,126,,231,40,,,0
2001,'Semaine-01-0001100',2004,,233,40,,,0,124,,232,40,,,0
2801,'Fête-2-01',1705,,2814,430,0,7,0,44,,2813,430,,,0,68,,2815,430,0,7,0
2801,'Semaine-01',1705,,443,430,0,7,0,44,,442,430,,,0,68,,444,430,0,7,0
