101,'Dimanche-01',733,,73,150,,,0,205,,74,150,,,0,170,,75,150,,,0,133,,76,150,,,0,166,,77,150,,,0,120,,78,150,,,0,120,,79,150,,,0,160,,80,150,,,0,119,,81,150,,,0,174,,82,150,,,0,114,,83,150,,,0,114,,84,150,,,0
101,'Samedi-01',733,,115,150,,,0,205,,116,150,,,0,170,,117,150,,,0,133,,118,150,,,0,166,,119,150,,,0,120,,120,150,,,0,120,,121,150,,,0,160,,122,150,,,0,119,,123,150,,,0,174,,124,150,,,0,114,,125,150,,,0,114,,126,150,,,0
101,'Semaine-01',632,,127,150,,,0,6,,145,20,,,0,94,,136,150,,,0,70,,138,150,,,0,50,,139,150,,,0,151,,140,150,,,0,105,,141,150,,,0,95,,143,150,,,0,101,,142,150,,,0,106,,144,150,,,0,41,,128,150,,,0,102,,129,150,,,0,96,,130,150,,,0,109,,131,150,,,0,74,,132,150,,,0,104,,133,150,,,0,84,,134,150,,,0,134,,135,150,,,0,175,,137,150,,,0
2101,'Semaine-01',1621,,254,150,,,0,23,,255,150,,,0,66,,256,150,,,0,25,,257,150,,,0,65,,258,150,,,0,28,,259,150,,,0
2200,'Semaine-01',551,,269,20,,,0,70,,270,20,,,0,30,,271,20,,,0,73,,274,20,,,0,32,,272,20,,,0,72,,273,20,,,0
2201,'Semaine-01',1626,,281,20,,,0,25,,285,20,,,0,65,,282,20,,,0,25,,286,20,,,0,65,,284,20,,,0,23,,283,20,,,0
2801,'Semaine-01',1356,,445,90,0,6,0,188,,451,90,0,6,0,62,,454,90,0,6,0,10,,458,90,0,6,0,12,,455,90,0,6,0,15,,443,90,0,7,0,5,,456,90,0,6,0,10,,457,90,0,6,0,50,,446,90,0,6,0,9,,447,90,0,6,0,10,,442,90,,,0,10,,448,90,0,6,0,8,,449,90,0,6,0,10,,444,90,0,7,0,54,,450,90,0,6,0,11,,452,90,0,6,0,25,,453,90,0,6,0
3100,'Dimanche-01',709,,492,150,,,0,217,,493,150,,,0,278,,491,150,,,0,123,,484,150,,,0,120,,485,150,,,0,158,,486,150,,,0,118,,487,150,,,0,119,,488,150,,,0,167,,489,150,,,0,221,,483,150,,,0,215,,490,150,,,0
3100,'Samedi-01',558,,537,150,,,0,83,,548,150,,,0,203,,549,150,,,0,165,,546,150,,,0,124,,536,150,,,0,124,,547,150,,,0,164,,538,150,,,0,124,,539,150,,,0,164,,540,150,,,0,124,,541,150,,,0,124,,542,150,,,0,67,,543,150,,,0,216,,544,150,,,0,215,,545,150,,,0
3100,'Semaine-01',605,,574,150,,,0,40,,550,150,,,0,80,,560,150,,,0,80,,575,150,,,0,40,,569,150,,,0,80,,570,150,,,0,80,,571,150,,,0,41,,577,150,,,0,81,,572,150,,,0,83,,573,150,,,0,43,,551,150,,,0,83,,552,150,,,0,82,,553,150,,,0,82,,554,150,,,0,45,,555,150,,,0,85,,556,150,,,0,85,,557,150,,,0,85,,558,150,,,0,45,,559,150,,,0,83,,561,150,,,0,82,,562,150,,,0,40,,563,150,,,0,80,,564,150,,,0,80,,565,150,,,0,40,,566,150,,,0,80,,567,150,,,0,80,,568,150,,,0,121,,576,150,0,5 6,0
3300,'Dimanche-01',539,,682,20,,,0,82,,680,20,,,0,90,,691,20,,,0,41,,701,20,,,0,83,,703,20,,,0,93,,704,20,,,0,80,,705,20,,,0,40,,706,20,,,0,80,,707,20,,,0,80,,683,20,,,0,40,,684,20,,,0,79,,685,20,,,0,80,,686,20,,,0,40,,687,20,,,0,79,,688,20,,,0,79,,689,20,,,0,39,,690,20,,,0,79,,692,20,,,0,79,,693,20,,,0,40,,694,20,,,0,87,,695,20,,,0,85,,696,20,,,0,86,,697,20,,,0,47,,698,20,,,0,86,,699,20,,,0,83,,700,20,,,0,88,,681,20,,,0,43,,702,20,,,0,159,,708,20,0,8 6,0
3300,'Samedi-01',559,,769,20,,,0,81,,767,20,,,0,81,,778,20,,,0,82,,788,20,,,0,42,,790,20,,,0,84,,791,20,,,0,81,,792,20,,,0,42,,793,20,,,0,82,,794,20,,,0,82,,770,20,,,0,42,,771,20,,,0,82,,772,20,,,0,82,,773,20,,,0,82,,774,20,,,0,42,,775,20,,,0,82,,776,20,,,0,82,,777,20,,,0,45,,779,20,,,0,79,,780,20,,,0,82,,781,20,,,0,42,,782,20,,,0,79,,783,20,,,0,82,,784,20,,,0,81,,785,20,,,0,42,,786,20,,,0,83,,787,20,,,0,86,,789,20,,,0,46,,768,20,,,0,153,,795,20,0,8 6,0
3300,'Semaine-01',606,,796,20,,,0,40,,824,20,,,0,80,,805,20,,,0,80,,815,20,,,0,40,,818,20,,,0,80,,819,20,,,0,80,,820,20,,,0,41,,821,20,,,0,81,,822,20,,,0,83,,797,20,,,0,43,,798,20,,,0,83,,799,20,,,0,82,,800,20,,,0,82,,801,20,,,0,45,,802,20,,,0,85,,803,20,,,0,85,,804,20,,,0,85,,806,20,,,0,45,,807,20,,,0,83,,808,20,,,0,82,,809,20,,,0,40,,810,20,,,0,80,,811,20,,,0,80,,812,20,,,0,40,,813,20,,,0,80,,814,20,,,0,80,,816,20,,,0,40,,817,20,,,0
9001,'Semaine-01',1838,,828,60,,,0
11101,'Dimanche-01',733,,921,20,,,0,183,,917,150,,,0,188,,916,150,,,0,297,,918,150,,,0,249,,919,150,,,0,154,,922,20,,,0,148,,920,150,,,0,293,,923,20,,,0
11101,'Samedi-01',733,,953,20,,,0,183,,949,150,,,0,188,,948,150,,,0,297,,950,150,,,0,249,,951,150,,,0,154,,954,20,,,0,148,,952,150,,,0,293,,955,20,,,0
11101,'Semaine-01',645,,966,100,,,0,2,,965,150,,,0,96,,972,150,,,0,168,,973,160,,,0,95,,970,160,,,0,148,,976,20,,,0,47,,975,150,,,0,226,,956,160,,,0,110,,957,90,,,0,10,,959,160,,,0,91,,960,90,,,0,19,,967,160,,,0,56,,962,90,,,0,30,,963,90,,,0,13,,961,90,,,0,51,,968,160,,,0,9,,964,90,,,0,84,,969,160,,,0,37,,958,160,,,0,108,,974,20,,,0,194,,971,150,,,0
