101,'Dimanche-01',740,,73,280,,,0,206,,74,280,,,0,171,,75,280,,,0,133,,76,280,,,0,167,,77,280,,,0,120,,78,280,,,0,120,,79,280,,,0,160,,80,280,,,0,117,,81,280,,,0,174,,82,280,,,0,114,,83,280,,,0,113,,84,280,,,0
101,'Fête-1-01',740,,2674,280,,,0,206,,2675,280,,,0,171,,2676,280,,,0,133,,2677,280,,,0,167,,2678,280,,,0,120,,2679,280,,,0,120,,2680,280,,,0,160,,2681,280,,,0,117,,2682,280,,,0,174,,2683,280,,,0,114,,2684,280,,,0,113,,2685,280,,,0
101,'Samedi-01',740,,115,280,,,0,206,,116,280,,,0,171,,117,280,,,0,133,,118,280,,,0,167,,119,280,,,0,120,,120,280,,,0,120,,121,280,,,0,160,,122,280,,,0,117,,123,280,,,0,174,,124,280,,,0,114,,125,280,,,0,113,,126,280,,,0
101,'Semaine-01',639,,127,280,,,0,101,,136,280,,,0,70,,138,280,,,0,90,,139,280,,,0,111,,140,280,,,0,105,,141,280,,,0,95,,143,280,,,0,103,,142,280,,,0,106,,144,280,,,0,81,,128,280,,,0,103,,129,280,,,0,96,,130,280,,,0,107,,131,280,,,0,34,,132,280,,,0,103,,133,280,,,0,84,,134,280,,,0,173,,135,280,,,0,135,,137,280,,,0
101,'Semaine-02',634,,2686,280,,,0,101,,2695,280,,,0,70,,2697,280,,,0,100,,2698,280,,,0,106,,2699,280,,,0,95,,2700,280,,,0,100,,2702,280,,,0,98,,2701,280,,,0,111,,2703,280,,,0,86,,2687,280,,,0,108,,2688,280,,,0,91,,2689,280,,,0,107,,2690,280,,,0,29,,2691,280,,,0,69,,2692,280,,,0,108,,2693,280,,,0,143,,2694,280,,,0,190,,2696,280,,,0
101,'Semaine-03',639,,2704,280,,,0,101,,2713,280,,,0,70,,2715,280,,,0,90,,2716,280,,,0,111,,2717,280,,,0,105,,2718,280,,,0,95,,2720,280,,,0,103,,2719,280,,,0,106,,2721,280,,,0,81,,2705,280,,,0,103,,2706,280,,,0,96,,2707,280,,,0,107,,2708,280,,,0,34,,2709,280,,,0,103,,2710,280,,,0,84,,2711,280,,,0,173,,2712,280,,,0,135,,2714,280,,,0
2301,'Semaine-01',1601,,310,290,,,0,25,,311,290,,,0,30,,312,290,,,0,70,,313,290,,,0,28,,314,290,,,0,69,,315,290,,,0,29,,316,290,,,0
2301,'Semaine-02',1601,,2852,290,,,0,25,,2853,290,,,0,30,,2854,290,,,0,70,,2855,290,,,0,23,,2856,290,,,0,74,,2857,290,,,0,29,,2858,290,,,0
2301,'Semaine-03',1601,,2859,290,,,0,25,,2860,290,,,0,30,,2861,290,,,0,70,,2862,290,,,0,28,,2863,290,,,0,69,,2864,290,,,0,29,,2865,290,,,0
2801,'Semaine-01',1405,,445,220,0,6,0,150,,451,220,0,6,0,56,,454,220,0,6,0,15,,458,220,0,6,0,17,,455,220,0,6,0,15,,443,220,0,7,0,50,,457,220,0,6,0,10,,446,220,0,6,0,9,,447,220,0,6,0,10,,442,220,,,0,10,,448,220,0,6,0,8,,449,220,0,6,0,50,,444,220,0,7,0,14,,450,220,0,6,0,10,,452,220,0,6,0,25,,453,220,0,6,0
2801,'Semaine-02',1408,,2982,220,0,6,0,150,,2986,220,0,6,0,56,,2989,220,0,6,0,15,,2992,220,0,6,0,14,,2980,220,0,7,0,58,,2990,220,0,6,0,15,,2991,220,0,6,0,14,,2983,220,0,6,0,12,,2979,220,,,0,16,,2984,220,0,6,0,51,,2981,220,0,7,0,18,,2985,220,0,6,0,10,,2987,220,0,6,0,20,,2988,220,0,6,0
2801,'Semaine-03',1405,,2996,220,0,6,0,150,,3002,220,0,6,0,56,,3005,220,0,6,0,15,,3008,220,0,6,0,17,,3006,220,0,6,0,15,,2994,220,0,7,0,50,,3007,220,0,6,0,10,,2997,220,0,6,0,9,,2998,220,0,6,0,10,,2993,220,,,0,10,,2999,220,0,6,0,8,,3000,220,0,6,0,50,,2995,220,0,7,0,14,,3001,220,0,6,0,10,,3003,220,0,6,0,25,,3004,220,0,6,0
3300,'Dimanche-01',547,,682,160,,,0,82,,680,160,,,0,90,,691,160,,,0,81,,701,160,,,0,43,,703,160,,,0,93,,704,160,,,0,80,,705,160,,,0,40,,706,160,,,0,80,,707,160,,,0,80,,683,160,,,0,40,,684,160,,,0,79,,685,160,,,0,80,,686,160,,,0,40,,687,160,,,0,79,,688,160,,,0,79,,689,160,,,0,39,,690,160,,,0,79,,692,160,,,0,79,,693,160,,,0,40,,694,160,,,0,87,,695,160,,,0,85,,696,160,,,0,86,,697,160,,,0,47,,698,160,,,0,86,,699,160,,,0,83,,700,160,,,0,88,,681,160,,,0,43,,702,160,,,0,159,,708,160,0,8 6,0
3300,'Fête-1-01',607,,3181,160,,,0,41,,3179,160,,,0,81,,3190,160,,,0,82,,3200,160,,,0,42,,3202,160,,,0,84,,3203,160,,,0,81,,3204,160,,,0,82,,3205,160,,,0,42,,3206,160,,,0,82,,3182,160,,,0,82,,3183,160,,,0,42,,3184,160,,,0,82,,3185,160,,,0,82,,3186,160,,,0,42,,3187,160,,,0,82,,3188,160,,,0,82,,3189,160,,,0,85,,3191,160,,,0,39,,3192,160,,,0,82,,3193,160,,,0,82,,3194,160,,,0,39,,3195,160,,,0,82,,3196,160,,,0,81,,3197,160,,,0,42,,3198,160,,,0,83,,3199,160,,,0,86,,3201,160,,,0,86,,3180,160,,,0,113,,3207,160,0,8 6,0
3300,'Samedi-01',607,,769,160,,,0,41,,767,160,,,0,81,,778,160,,,0,82,,788,160,,,0,42,,790,160,,,0,84,,791,160,,,0,81,,792,160,,,0,82,,793,160,,,0,42,,794,160,,,0,82,,770,160,,,0,82,,771,160,,,0,42,,772,160,,,0,82,,773,160,,,0,82,,774,160,,,0,42,,775,160,,,0,82,,776,160,,,0,82,,777,160,,,0,85,,779,160,,,0,39,,780,160,,,0,82,,781,160,,,0,82,,782,160,,,0,39,,783,160,,,0,82,,784,160,,,0,81,,785,160,,,0,42,,786,160,,,0,83,,787,160,,,0,86,,789,160,,,0,86,,768,160,,,0,113,,795,160,0,8 6,0
3300,'Semaine-01',613,,796,160,,,0,40,,824,160,,,0,81,,805,160,,,0,80,,815,160,,,0,40,,818,160,,,0,80,,819,160,,,0,80,,820,160,,,0,42,,821,160,,,0,81,,822,160,,,0,83,,797,160,,,0,83,,798,160,,,0,43,,799,160,,,0,82,,800,160,,,0,82,,801,160,,,0,46,,802,160,,,0,85,,803,160,,,0,85,,804,160,,,0,84,,806,160,,,0,44,,807,160,,,0,83,,808,160,,,0,82,,809,160,,,0,40,,810,160,,,0,80,,811,160,,,0,79,,812,160,,,0,40,,813,160,,,0,80,,814,160,,,0,80,,816,160,,,0,40,,817,160,,,0,96,,823,110,0,8 6,0
3300,'Semaine-02',608,,3208,160,,,0,41,,3236,160,,,0,82,,3217,160,,,0,82,,3227,160,,,0,42,,3230,160,,,0,82,,3231,160,,,0,82,,3232,160,,,0,83,,3233,160,,,0,43,,3234,160,,,0,83,,3209,160,,,0,83,,3210,160,,,0,43,,3211,160,,,0,83,,3212,160,,,0,84,,3213,160,,,0,87,,3214,160,,,0,47,,3215,160,,,0,85,,3216,160,,,0,85,,3218,160,,,0,81,,3219,160,,,0,41,,3220,160,,,0,81,,3221,160,,,0,81,,3222,160,,,0,41,,3223,160,,,0,80,,3224,160,,,0,80,,3225,160,,,0,40,,3226,160,,,0,80,,3228,160,,,0,80,,3229,160,,,0,45,,3235,110,0,8 6,0
3300,'Semaine-03',613,,3237,160,,,0,40,,3265,160,,,0,81,,3246,160,,,0,80,,3256,160,,,0,40,,3259,160,,,0,80,,3260,160,,,0,80,,3261,160,,,0,42,,3262,160,,,0,81,,3263,160,,,0,83,,3238,160,,,0,83,,3239,160,,,0,43,,3240,160,,,0,82,,3241,160,,,0,82,,3242,160,,,0,46,,3243,160,,,0,85,,3244,160,,,0,85,,3245,160,,,0,84,,3247,160,,,0,44,,3248,160,,,0,83,,3249,160,,,0,82,,3250,160,,,0,40,,3251,160,,,0,80,,3252,160,,,0,79,,3253,160,,,0,40,,3254,160,,,0,80,,3255,160,,,0,80,,3257,160,,,0,40,,3258,160,,,0,96,,3264,110,0,8 6,0
