100,'Dimanche-01',655,,12,730,4,,0,200,,1,730,4,,0,168,,2,730,4,,0,131,,3,730,4,,0,165,,4,730,4,,0,123,,5,730,4,,0,158,,6,730,4,,0,120,,7,730,4,,0,123,,8,730,4,,0,175,,9,730,4,,0,115,,10,730,4,,0,115,,11,730,4,,0
100,'Fête-1-01',655,,2637,730,4,,0,200,,2626,730,4,,0,168,,2627,730,4,,0,131,,2628,730,4,,0,165,,2629,730,4,,0,123,,2630,730,4,,0,158,,2631,730,4,,0,120,,2632,730,4,,0,123,,2633,730,4,,0,175,,2634,730,4,,0,115,,2635,730,4,,0,115,,2636,730,4,,0
100,'Samedi-01',655,,54,730,4,,0,200,,43,730,4,,0,168,,44,730,4,,0,131,,45,730,4,,0,165,,46,730,4,,0,123,,47,730,4,,0,158,,48,730,4,,0,120,,49,730,4,,0,123,,50,730,4,,0,175,,51,730,4,,0,115,,52,730,4,,0,115,,53,730,4,,0
100,'Semaine-01',543,,55,730,4,,0,106,,56,730,4,,0,67,,57,730,4,,0,43,,58,730,4,,0,156,,59,730,4,,0,103,,62,730,4,,0,92,,71,730,4,,0,103,,63,730,4,,0,104,,72,730,4,,0,38,,64,730,4,,0,101,,65,730,4,,0,100,,69,730,4,,0,150,,66,730,4,,0,34,,67,730,4,,0,104,,60,730,4,,0,92,,61,730,4,,0,171,,70,730,4,,0,143,,68,730,4,,0
100,'Semaine-02',543,,2638,730,4,,0,103,,2639,730,4,,0,71,,2640,730,4,,0,84,,2641,730,4,,0,125,,2642,730,4,,0,97,,2645,730,4,,0,28,,2654,730,4,,0,102,,2646,730,4,,0,151,,2655,730,4,,0,55,,2647,730,4,,0,99,,2648,730,4,,0,100,,2652,730,4,,0,150,,2649,730,4,,0,47,,2650,730,4,,0,150,,2643,730,4,,0,46,,2644,730,4,,0,102,,2653,730,4,,0,195,,2651,730,4,,0
100,'Semaine-03',543,,2656,730,4,,0,106,,2657,730,4,,0,67,,2658,730,4,,0,43,,2659,730,4,,0,156,,2660,730,4,,0,103,,2663,730,4,,0,92,,2672,730,4,,0,103,,2664,730,4,,0,104,,2673,730,4,,0,38,,2665,730,4,,0,101,,2666,730,4,,0,100,,2670,730,4,,0,150,,2667,730,4,,0,34,,2668,730,4,,0,104,,2661,730,4,,0,92,,2662,730,4,,0,171,,2671,730,4,,0,143,,2669,730,4,,0
2100,'Semaine-01',601,,240,370,4,,0,30,,241,370,4,,0,73,,242,370,4,,0,36,,243,370,4,,0,70,,244,370,4,,0,36,,245,370,4,,0
2100,'Semaine-02',558,,2782,370,4,,0,70,,2783,370,4,,0,73,,2784,370,4,,0,37,,2785,370,4,,0,70,,2786,370,4,,0,36,,2787,370,4,,0
2100,'Semaine-03',601,,2788,370,4,,0,30,,2789,370,4,,0,73,,2790,370,4,,0,36,,2791,370,4,,0,70,,2792,370,4,,0,36,,2793,370,4,,0
2300,'Semaine-01',602,,295,410,4,,0,26,,296,410,4,,0,17,,297,410,4,,0,75,,298,410,4,,0,26,,299,410,4,,0,61,,300,410,4,,0,20,,301,410,4,,0,20,,302,410,4,,0
2300,'Semaine-02',603,,2836,410,4,,0,26,,2837,410,4,,0,17,,2838,410,4,,0,75,,2839,410,4,,0,25,,2840,410,4,,0,57,,2841,410,4,,0,24,,2842,410,4,,0,21,,2843,410,4,,0
2300,'Semaine-03',602,,2844,410,4,,0,26,,2845,410,4,,0,17,,2846,410,4,,0,75,,2847,410,4,,0,26,,2848,410,4,,0,61,,2849,410,4,,0,20,,2850,410,4,,0,20,,2851,410,4,,0
2500,'Semaine-01',619,,346,390,4,,0,34,,343,410,4,,0,61,,347,390,4,,0,29,,344,410,4,,0,66,,348,390,4,,0,29,,345,410,4,,0
2500,'Semaine-02',620,,2890,390,4,,0,34,,2887,410,4,,0,60,,2891,390,4,,0,33,,2888,410,4,,0,62,,2892,390,4,,0,29,,2889,410,4,,0
2500,'Semaine-03',619,,2896,390,4,,0,34,,2893,410,4,,0,61,,2897,390,4,,0,29,,2894,410,4,,0,66,,2898,390,4,,0,29,,2895,410,4,,0
2600,'Semaine-01',515,,363,360,4,,0,17,,364,370,4,,0
2600,'Semaine-02',516,,2911,360,4,,0,17,,2912,370,4,,0
2600,'Semaine-03',515,,2913,360,4,,0,17,,2914,370,4,,0
3100,'Dimanche-01',736,,492,450,4,,0,219,,493,450,4,,0,278,,491,450,4,,0,123,,484,450,4,,0,160,,485,450,4,,0,118,,486,450,4,,0,118,,487,450,4,,0,159,,488,450,4,,0,127,,489,450,4,,0,220,,483,450,4,,0,254,,490,450,4,,0
3100,'Fête-1-01',625,,3034,450,4,,0,83,,3045,450,4,,0,205,,3046,450,4,,0,125,,3043,450,4,,0,164,,3033,450,4,,0,124,,3044,450,4,,0,124,,3035,450,4,,0,164,,3036,450,4,,0,124,,3037,450,4,,0,164,,3038,450,4,,0,124,,3039,450,4,,0,26,,3040,450,4,,0,256,,3041,450,4,,0,214,,3042,450,4,,0
3100,'Samedi-01',625,,537,450,4,,0,83,,548,450,4,,0,205,,549,450,4,,0,125,,546,450,4,,0,164,,536,450,4,,0,124,,547,450,4,,0,124,,538,450,4,,0,164,,539,450,4,,0,124,,540,450,4,,0,164,,541,450,4,,0,124,,542,450,4,,0,26,,543,450,4,,0,256,,544,450,4,,0,214,,545,450,4,,0
3100,'Semaine-01',638,,574,450,4,,0,80,,550,450,4,,0,82,,560,450,4,,0,41,,575,450,4,,0,80,,569,450,4,,0,80,,570,450,4,,0,37,,571,450,4,,0,79,,577,450,4,,0,84,,572,450,4,,0,43,,573,450,4,,0,83,,551,450,4,,0,83,,552,450,4,,0,42,,553,450,4,,0,84,,554,450,4,,0,84,,555,450,4,,0,85,,556,450,4,,0,46,,557,450,4,,0,82,,558,450,4,,0,84,,559,450,4,,0,42,,561,450,4,,0,82,,562,450,4,,0,79,,563,450,4,,0,80,,564,450,4,,0,38,,565,450,4,,0,80,,566,450,4,,0,40,,567,450,4,,0,80,,568,450,4,,0
3100,'Semaine-02',634,,3071,450,4,,0,81,,3047,450,4,,0,43,,3057,450,4,,0,82,,3072,450,4,,0,82,,3066,450,4,,0,82,,3067,450,4,,0,40,,3068,450,4,,0,80,,3074,450,4,,0,86,,3069,450,4,,0,43,,3070,450,4,,0,83,,3048,450,4,,0,83,,3049,450,4,,0,83,,3050,450,4,,0,45,,3051,450,4,,0,85,,3052,450,4,,0,88,,3053,450,4,,0,86,,3054,450,4,,0,44,,3055,450,4,,0,81,,3056,450,4,,0,80,,3058,450,4,,0,41,,3059,450,4,,0,80,,3060,450,4,,0,81,,3061,450,4,,0,39,,3062,450,4,,0,80,,3063,450,4,,0,80,,3064,450,4,,0,40,,3065,450,4,,0
3100,'Semaine-03',638,,3099,450,4,,0,80,,3075,450,4,,0,82,,3085,450,4,,0,41,,3100,450,4,,0,80,,3094,450,4,,0,80,,3095,450,4,,0,37,,3096,450,4,,0,79,,3102,450,4,,0,84,,3097,450,4,,0,43,,3098,450,4,,0,83,,3076,450,4,,0,83,,3077,450,4,,0,42,,3078,450,4,,0,84,,3079,450,4,,0,84,,3080,450,4,,0,85,,3081,450,4,,0,46,,3082,450,4,,0,82,,3083,450,4,,0,84,,3084,450,4,,0,42,,3086,450,4,,0,82,,3087,450,4,,0,79,,3088,450,4,,0,80,,3089,450,4,,0,38,,3090,450,4,,0,80,,3091,450,4,,0,40,,3092,450,4,,0,80,,3093,450,4,,0
3200,'Dimanche-01',631,,578,460,4,,0,214,,583,460,4,,0,263,,586,460,4,,0,192,,587,460,4,,0,119,,579,460,4,,0,122,,589,460,4,,0,160,,580,460,4,,0,119,,582,460,4,,0,118,,581,460,4,,0,213,,584,460,4,,0,256,,585,460,4,,0
3200,'Fête-1-01',602,,3103,340,4,,0,141,,3109,460,4,,0,77,,3104,460,4,,0,120,,3112,460,4,,0,163,,3113,460,4,,0,124,,3114,460,4,,0,124,,3105,460,4,,0,164,,3116,460,4,,0,124,,3106,460,4,,0,168,,3107,460,4,,0,120,,3108,460,4,,0,274,,3110,460,4,,0,216,,3111,460,4,,0
3200,'Samedi-01',602,,635,340,4,,0,141,,641,460,4,,0,77,,636,460,4,,0,120,,644,460,4,,0,163,,645,460,4,,0,124,,646,460,4,,0,124,,637,460,4,,0,164,,648,460,4,,0,124,,638,460,4,,0,168,,639,460,4,,0,120,,640,460,4,,0,274,,642,460,4,,0,216,,643,460,4,,0
3200,'Semaine-01',702,,674,460,4,,0,42,,649,460,4,,0,80,,677,460,4,,0,80,,660,460,4,,0,40,,668,460,4,,0,77,,669,460,4,,0,81,,670,460,4,,0,41,,671,460,4,,0,83,,672,460,4,,0,83,,673,460,4,,0,43,,650,460,4,,0,82,,651,460,4,,0,83,,652,460,4,,0,86,,676,460,4,,0,18,,653,110,4,,0,27,,654,460,4,,0,59,,678,110,4,,0,24,,655,460,4,,0,20,,679,110,4,,0,65,,656,460,4,,0,84,,657,460,4,,0,41,,658,460,4,,0,83,,659,460,4,,0,80,,661,460,4,,0,40,,662,460,4,,0,80,,663,460,4,,0,80,,664,460,4,,0,40,,665,460,4,,0,80,,666,460,4,,0,80,,667,460,4,,0
3200,'Semaine-02',704,,3142,460,4,,0,41,,3117,460,4,,0,82,,3145,460,4,,0,82,,3128,460,4,,0,40,,3136,460,4,,0,82,,3137,460,4,,0,82,,3138,460,4,,0,43,,3139,460,4,,0,83,,3140,460,4,,0,83,,3141,460,4,,0,83,,3118,460,4,,0,43,,3119,460,4,,0,85,,3120,460,4,,0,87,,3144,460,4,,0,23,,3121,110,4,,0,64,,3122,460,4,,0,23,,3146,110,4,,0,22,,3123,460,4,,0,63,,3147,110,4,,0,22,,3124,460,4,,0,81,,3125,460,4,,0,40,,3126,460,4,,0,81,,3127,460,4,,0,81,,3129,460,4,,0,81,,3130,460,4,,0,41,,3131,460,4,,0,80,,3132,460,4,,0,80,,3133,460,4,,0,40,,3134,460,4,,0,80,,3135,460,4,,0
3200,'Semaine-03',702,,3173,460,4,,0,42,,3148,460,4,,0,80,,3176,460,4,,0,80,,3159,460,4,,0,40,,3167,460,4,,0,77,,3168,460,4,,0,81,,3169,460,4,,0,41,,3170,460,4,,0,83,,3171,460,4,,0,83,,3172,460,4,,0,43,,3149,460,4,,0,82,,3150,460,4,,0,83,,3151,460,4,,0,86,,3175,460,4,,0,18,,3152,110,4,,0,27,,3153,460,4,,0,59,,3177,110,4,,0,24,,3154,460,4,,0,20,,3178,110,4,,0,65,,3155,460,4,,0,84,,3156,460,4,,0,41,,3157,460,4,,0,83,,3158,460,4,,0,80,,3160,460,4,,0,40,,3161,460,4,,0,80,,3162,460,4,,0,80,,3163,460,4,,0,40,,3164,460,4,,0,80,,3165,460,4,,0,80,,3166,460,4,,0
9800,'Semaine-01',704,,855,250,4,,0,102,,843,350,4,,0,104,,847,350,4,,0,105,,848,350,4,,0,506,,849,350,4,,0,105,,850,350,4,,0,105,,851,350,4,,0,105,,852,350,4,,0,101,,853,350,4,,0,97,,854,350,4,,0,96,,844,350,4,,0,90,,845,350,4,,0
9800,'Semaine-02',659,,3278,250,4,,0,144,,3266,350,4,,0,107,,3270,350,4,,0,106,,3271,350,4,,0,499,,3272,350,4,,0,108,,3273,350,4,,0,108,,3274,350,4,,0,110,,3275,350,4,,0,104,,3276,350,4,,0,97,,3277,350,4,,0,98,,3267,350,4,,0,95,,3268,350,4,,0
9800,'Semaine-03',704,,3291,250,4,,0,102,,3279,350,4,,0,104,,3283,350,4,,0,105,,3284,350,4,,0,506,,3285,350,4,,0,105,,3286,350,4,,0,105,,3287,350,4,,0,105,,3288,350,4,,0,101,,3289,350,4,,0,97,,3290,350,4,,0,96,,3280,350,4,,0,90,,3281,350,4,,0
11100,'Dimanche-01',841,,857,480,4,,0,187,,856,480,4,,0,291,,858,480,4,,0,289,,859,480,4,,0,305,,860,480,4,,0
11100,'Fête-1-01',841,,3293,480,4,,0,187,,3292,480,4,,0,291,,3294,480,4,,0,289,,3295,480,4,,0,305,,3296,480,4,,0
11100,'Samedi-01',841,,887,480,4,,0,187,,886,480,4,,0,291,,888,480,4,,0,289,,889,480,4,,0,305,,890,480,4,,0
11100,'Semaine-01',606,,896,480,4,,0,97,,897,480,4,,0,110,,898,480,4,,0,95,,899,480,4,,0,114,,912,480,4,,0,36,,894,480,4,,0,265,,895,480,4,,0,380,,906,480,4,,0,99,,908,480,4,,0,354,,910,410,4,,0
11100,'Semaine-02',555,,3304,480,4,,0,70,,3302,480,4,,0,76,,3305,480,4,,0,30,,3303,480,4,,0,70,,3309,480,4,,0,30,,3310,480,4,,0,27,,3301,480,4,,0,146,,3311,480,4,,0,54,,3315,480,4,,0,273,,3300,480,4,,0,403,,3306,480,4,,0,23,,3308,480,4,,0,71,,3307,480,4,,0,328,,3314,410,4,,0
11100,'Semaine-03',606,,3318,480,4,,0,97,,3319,480,4,,0,110,,3320,480,4,,0,95,,3321,480,4,,0,114,,3334,480,4,,0,36,,3316,480,4,,0,265,,3317,480,4,,0,380,,3328,480,4,,0,99,,3330,480,4,,0,354,,3332,410,4,,0
