2301,'Semaine-01',1550,,310,130,,,0,65,,311,130,,,0,30,,312,130,,,0,70,,313,130,,,0,29,,314,130,,,0,69,,315,130,,,0,30,,316,130,,,0
2301,'Semaine-02',1550,,2852,130,,,0,65,,2853,130,,,0,30,,2854,130,,,0,70,,2855,130,,,0,24,,2856,130,,,0,74,,2857,130,,,0,30,,2858,130,,,0
2301,'Semaine-03',1550,,2859,130,,,0,65,,2860,130,,,0,30,,2861,130,,,0,70,,2862,130,,,0,29,,2863,130,,,0,69,,2864,130,,,0,30,,2865,130,,,0
2401,'Semaine-01',1637,,332,20,,,0,85,,333,20,,,0,85,,336,20,,,0,21,,335,20,,,0,24,,334,20,,,0
2401,'Semaine-02',1602,,2877,20,,,0,47,,2878,20,,,0,86,,2881,20,,,0,85,,2880,20,,,0,82,,2879,20,,,0
2401,'Semaine-03',1637,,2882,20,,,0,85,,2883,20,,,0,85,,2886,20,,,0,21,,2885,20,,,0,24,,2884,20,,,0
2501,'Semaine-01',1554,,355,130,,,0,80,,356,130,,,0,74,,357,130,,,0,39,,358,130,,,0,80,,359,130,,,0,28,,360,130,,,0
2501,'Semaine-02',1554,,2899,130,,,0,80,,2900,130,,,0,74,,2901,130,,,0,39,,2902,130,,,0,75,,2903,130,,,0,33,,2904,130,,,0
2501,'Semaine-03',1554,,2905,130,,,0,80,,2906,130,,,0,74,,2907,130,,,0,39,,2908,130,,,0,80,,2909,130,,,0,28,,2910,130,,,0
2701,'Semaine-01',606,,394,20,,,0,40,,395,20,,,0,81,,396,20,,,0,80,,397,20,,,0,744,,401,20,,,0,81,,398,20,,,0,84,,402,20,,,0,86,,399,20,,,0,45,,400,20,,,0
2701,'Semaine-02',600,,2935,20,,,0,41,,2936,20,,,0,83,,2937,20,,,0,82,,2938,20,,,0,799,,2942,20,,,0,44,,2939,20,,,0,86,,2943,20,,,0,80,,2940,20,,,0,44,,2941,20,,,0
2701,'Semaine-03',606,,2944,20,,,0,40,,2945,20,,,0,81,,2946,20,,,0,80,,2947,20,,,0,744,,2951,20,,,0,81,,2948,20,,,0,84,,2952,20,,,0,86,,2949,20,,,0,45,,2950,20,,,0
3200,'Dimanche-01',555,,578,130,,,0,254,,583,130,,,0,223,,586,130,,,0,192,,587,130,,,0,119,,579,130,,,0,162,,589,130,,,0,120,,580,130,,,0,119,,582,130,,,0,158,,581,130,,,0,215,,584,130,,,0,216,,585,130,,,0,213,,588,130,0,6,0
3200,'Fête-1-01',526,,3103,10,,,0,181,,3109,130,,,0,37,,3104,130,,,0,160,,3112,130,,,0,123,,3113,130,,,0,124,,3114,130,,,0,164,,3105,130,,,0,124,,3116,130,,,0,164,,3106,130,,,0,128,,3107,130,,,0,120,,3108,130,,,0,276,,3110,130,,,0,216,,3111,130,,,0,208,,3115,130,0,6,0
3200,'Samedi-01',526,,635,10,,,0,181,,641,130,,,0,37,,636,130,,,0,160,,644,130,,,0,123,,645,130,,,0,124,,646,130,,,0,164,,637,130,,,0,124,,648,130,,,0,164,,638,130,,,0,128,,639,130,,,0,120,,640,130,,,0,276,,642,130,,,0,216,,643,130,,,0,208,,647,130,0,6,0
3200,'Semaine-01',623,,674,130,,,0,80,,649,130,,,0,39,,677,130,,,0,79,,660,130,,,0,80,,668,130,,,0,42,,669,130,,,0,81,,670,130,,,0,81,,671,130,,,0,43,,672,130,,,0,83,,673,130,,,0,83,,650,130,,,0,42,,651,130,,,0,82,,652,130,,,0,85,,676,130,,,0,85,,654,130,,,0,44,,655,130,,,0,86,,656,130,,,0,85,,657,130,,,0,82,,658,130,,,0,43,,659,130,,,0,81,,661,130,,,0,80,,662,130,,,0,40,,663,130,,,0,80,,664,130,,,0,80,,665,130,,,0,41,,666,130,,,0,80,,667,130,,,0,112,,675,130,0,6,0
3200,'Semaine-02',622,,3142,130,,,0,81,,3117,130,,,0,41,,3145,130,,,0,81,,3128,130,,,0,84,,3136,130,,,0,42,,3137,130,,,0,82,,3138,130,,,0,83,,3139,130,,,0,43,,3140,130,,,0,83,,3141,130,,,0,83,,3118,130,,,0,83,,3119,130,,,0,44,,3120,130,,,0,86,,3144,130,,,0,87,,3122,130,,,0,86,,3123,130,,,0,45,,3124,130,,,0,82,,3125,130,,,0,81,,3126,130,,,0,81,,3127,130,,,0,42,,3129,130,,,0,81,,3130,130,,,0,81,,3131,130,,,0,40,,3132,130,,,0,81,,3133,130,,,0,80,,3134,130,,,0,40,,3135,130,,,0,98,,3143,130,0,6,0
3200,'Semaine-03',623,,3173,130,,,0,80,,3148,130,,,0,39,,3176,130,,,0,79,,3159,130,,,0,80,,3167,130,,,0,42,,3168,130,,,0,81,,3169,130,,,0,81,,3170,130,,,0,43,,3171,130,,,0,83,,3172,130,,,0,83,,3149,130,,,0,42,,3150,130,,,0,82,,3151,130,,,0,85,,3175,130,,,0,85,,3153,130,,,0,44,,3154,130,,,0,86,,3155,130,,,0,85,,3156,130,,,0,82,,3157,130,,,0,43,,3158,130,,,0,81,,3160,130,,,0,80,,3161,130,,,0,40,,3162,130,,,0,80,,3163,130,,,0,80,,3164,130,,,0,41,,3165,130,,,0,80,,3166,130,,,0,112,,3174,130,0,6,0
