100,'Dimanche-01',645,,12,670,,,0,200,,1,670,,,0,168,,2,670,,,0,131,,3,670,,,0,165,,4,670,,,0,123,,5,670,,,0,118,,6,670,,,0,160,,7,670,,,0,123,,8,670,,,0,175,,9,670,,,0,115,,10,670,,,0,115,,11,670,,,0
100,'Fête-1-01',645,,24,670,,,0,200,,13,670,,,0,167,,14,670,,,0,131,,15,670,,,0,165,,16,670,,,0,123,,17,670,,,0,118,,18,670,,,0,160,,19,670,,,0,123,,20,670,,,0,175,,21,670,,,0,115,,22,670,,,0,115,,23,670,,,0
100,'Fête-2-02',533,,25,670,,,0,105,,26,670,,,0,66,,27,670,,,0,43,,28,670,,,0,157,,29,670,,,0,103,,32,670,,,0,95,,41,670,,,0,100,,33,670,,,0,102,,42,670,,,0,40,,34,670,,,0,100,,35,670,,,0,100,,39,670,,,0,110,,36,670,,,0,75,,37,670,,,0,104,,30,670,,,0,92,,31,670,,,0,131,,40,670,,,0,184,,38,670,,,0
100,'Samedi-01',645,,54,670,,,0,200,,43,670,,,0,168,,44,670,,,0,131,,45,670,,,0,165,,46,670,,,0,123,,47,670,,,0,118,,48,670,,,0,160,,49,670,,,0,123,,50,670,,,0,175,,51,670,,,0,115,,52,670,,,0,115,,53,670,,,0
100,'Semaine-01',534,,55,670,,,0,104,,56,670,,,0,67,,57,670,,,0,42,,58,670,,,0,157,,59,670,,,0,104,,62,670,,,0,93,,71,670,,,0,102,,63,670,,,0,102,,72,670,,,0,38,,64,670,,,0,102,,65,670,,,0,100,,69,670,,,0,110,,66,670,,,0,74,,67,670,,,0,105,,60,670,,,0,92,,61,670,,,0,131,,70,670,,,0,183,,68,670,,,0
2100,'Fête-2-02',552,,234,310,,,0,70,,235,310,,,0,31,,236,310,,,0,75,,237,310,,,0,30,,238,310,,,0,76,,239,310,,,0
2100,'Semaine-01',552,,240,310,,,0,70,,241,310,,,0,31,,242,310,,,0,75,,243,310,,,0,30,,244,310,,,0,76,,245,310,,,0
2300,'Fête-2-02',552,,287,350,,,0,66,,288,350,,,0,16,,289,350,,,0,75,,290,350,,,0,25,,291,350,,,0,21,,292,350,,,0,60,,293,350,,,0,20,,294,350,,,0
2300,'Semaine-01',552,,295,350,,,0,66,,296,350,,,0,16,,297,350,,,0,75,,298,350,,,0,25,,299,350,,,0,21,,300,350,,,0,60,,301,350,,,0,20,,302,350,,,0
2500,'Fête-2-02',609,,340,330,,,0,34,,337,350,,,0,61,,341,330,,,0,29,,338,350,,,0,26,,342,330,,,0,69,,339,350,,,0
2500,'Semaine-01',609,,346,330,,,0,34,,343,350,,,0,61,,347,330,,,0,29,,344,350,,,0,26,,348,330,,,0,69,,345,350,,,0
2600,'Fête-2-02',507,,361,300,,,0,17,,362,310,,,0
2600,'Semaine-01',507,,363,300,,,0,17,,364,310,,,0
2800,'Fête-2-02',527,,407,200,,,0,20,,406,200,,,0,60,,404,440,,,0,20,,412,200,,,0,20,,403,460,,,0,60,,405,440,,,0,21,,408,200,,,0,20,,409,200,,,0,61,,410,200,,,0,20,,411,200,,,0
2800,'Semaine-01',527,,417,200,,,0,20,,416,200,,,0,60,,414,440,,,0,10,,428,200,,,0,10,,424,200,,,0,10,,425,200,,,0,10,,413,460,,,0,8,,426,200,,,0,48,,415,440,,,0,8,,429,200,,,0,9,,427,200,,,0,8,,418,200,,,0,10,,419,200,,,0,10,,420,200,,,0,11,,421,200,,,0,50,,422,200,,,0,20,,423,200,,,0
3100,'Dimanche-01',729,,492,390,,,0,218,,493,390,,,0,278,,491,390,,,0,123,,484,390,,,0,160,,485,390,,,0,118,,486,390,,,0,118,,487,390,,,0,159,,488,390,,,0,127,,489,390,,,0,221,,483,390,,,0,254,,490,390,,,0
3100,'Fête-1-01',618,,495,390,,,0,83,,506,390,,,0,204,,507,390,,,0,125,,504,390,,,0,124,,494,390,,,0,164,,505,390,,,0,124,,496,390,,,0,164,,497,390,,,0,124,,498,390,,,0,124,,499,390,,,0,164,,500,390,,,0,27,,501,390,,,0,256,,502,390,,,0,214,,503,390,,,0
3100,'Fête-2-02',628,,532,390,,,0,80,,508,390,,,0,40,,518,390,,,0,80,,533,390,,,0,80,,527,390,,,0,40,,528,390,,,0,80,,529,390,,,0,80,,535,390,,,0,43,,530,390,,,0,83,,531,390,,,0,83,,509,390,,,0,83,,510,390,,,0,42,,511,390,,,0,82,,512,390,,,0,85,,513,390,,,0,45,,514,390,,,0,86,,515,390,,,0,85,,516,390,,,0,84,,517,390,,,0,42,,519,390,,,0,82,,520,390,,,0,79,,521,390,,,0,40,,522,390,,,0,79,,523,390,,,0,80,,524,390,,,0,40,,525,390,,,0,80,,526,390,,,0
3100,'Samedi-01',618,,537,390,,,0,83,,548,390,,,0,204,,549,390,,,0,125,,546,390,,,0,124,,536,390,,,0,164,,547,390,,,0,124,,538,390,,,0,164,,539,390,,,0,124,,540,390,,,0,124,,541,390,,,0,164,,542,390,,,0,27,,543,390,,,0,256,,544,390,,,0,214,,545,390,,,0
3100,'Semaine-01',628,,574,390,,,0,80,,550,390,,,0,40,,560,390,,,0,80,,575,390,,,0,80,,569,390,,,0,40,,570,390,,,0,80,,571,390,,,0,80,,577,390,,,0,43,,572,390,,,0,83,,573,390,,,0,83,,551,390,,,0,83,,552,390,,,0,42,,553,390,,,0,82,,554,390,,,0,85,,555,390,,,0,45,,556,390,,,0,86,,557,390,,,0,85,,558,390,,,0,84,,559,390,,,0,42,,561,390,,,0,82,,562,390,,,0,79,,563,390,,,0,40,,564,390,,,0,79,,565,390,,,0,80,,566,390,,,0,40,,567,390,,,0,80,,568,390,,,0
3200,'Dimanche-01',623,,578,400,,,0,214,,583,400,,,0,263,,586,400,,,0,152,,587,400,,,0,159,,579,400,,,0,122,,589,400,,,0,120,,580,400,,,0,159,,582,400,,,0,118,,581,400,,,0,214,,584,400,,,0,256,,585,400,,,0
3200,'Fête-1-01',554,,590,280,,,0,181,,596,400,,,0,77,,591,400,,,0,120,,599,400,,,0,123,,600,400,,,0,164,,601,400,,,0,124,,592,400,,,0,164,,603,400,,,0,124,,593,400,,,0,128,,594,400,,,0,160,,595,400,,,0,235,,597,400,,,0,256,,598,400,,,0
3200,'Fête-2-02',651,,629,400,,,0,80,,604,400,,,0,80,,632,400,,,0,40,,615,400,,,0,80,,623,400,,,0,78,,624,400,,,0,41,,625,400,,,0,81,,626,400,,,0,83,,627,400,,,0,43,,628,400,,,0,83,,605,400,,,0,82,,606,400,,,0,83,,607,400,,,0,46,,631,400,,,0,59,,608,50,,,0,26,,609,400,,,0,20,,633,50,,,0,64,,610,400,,,0,20,,634,50,,,0,65,,611,400,,,0,44,,612,400,,,0,82,,613,400,,,0,83,,614,400,,,0,40,,616,400,,,0,80,,617,400,,,0,80,,618,400,,,0,40,,619,400,,,0,80,,620,400,,,0,80,,621,400,,,0,40,,622,400,,,0
3200,'Samedi-01',554,,635,280,,,0,181,,641,400,,,0,77,,636,400,,,0,120,,644,400,,,0,123,,645,400,,,0,164,,646,400,,,0,124,,637,400,,,0,164,,648,400,,,0,124,,638,400,,,0,128,,639,400,,,0,160,,640,400,,,0,235,,642,400,,,0,256,,643,400,,,0
3200,'Semaine-01',651,,674,400,,,0,80,,649,400,,,0,80,,677,400,,,0,40,,660,400,,,0,80,,668,400,,,0,78,,669,400,,,0,41,,670,400,,,0,81,,671,400,,,0,83,,672,400,,,0,43,,673,400,,,0,83,,650,400,,,0,82,,651,400,,,0,83,,652,400,,,0,46,,676,400,,,0,59,,653,50,,,0,26,,654,400,,,0,20,,678,50,,,0,64,,655,400,,,0,20,,679,50,,,0,65,,656,400,,,0,44,,657,400,,,0,82,,658,400,,,0,83,,659,400,,,0,40,,661,400,,,0,80,,662,400,,,0,80,,663,400,,,0,40,,664,400,,,0,80,,665,400,,,0,80,,666,400,,,0,40,,667,400,,,0
9000,'Semaine-01',701,,825,210,,,0,23,,826,210,,,0
9800,'Fête-2-02',650,,842,190,0,9 10,0,102,,830,290,,,0,104,,834,290,,,0,145,,835,290,,,0,508,,836,290,,,0,105,,837,290,,,0,105,,838,290,,,0,104,,839,290,,,0,103,,840,290,,,0,97,,841,290,,,0,98,,831,290,,,0,90,,832,290,,,0,90,,833,290,4,,0
9800,'Semaine-01',650,,855,190,0,9 10,0,102,,843,290,,,0,104,,847,290,,,0,145,,848,290,,,0,508,,849,290,,,0,105,,850,290,,,0,105,,851,290,,,0,104,,852,290,,,0,103,,853,290,,,0,97,,854,290,,,0,98,,844,290,,,0,90,,845,290,,,0,90,,846,290,4,,0
11100,'Dimanche-01',831,,857,420,0,5 10,0,188,,856,420,0,5 10,0,290,,858,420,0,5 10,0,249,,859,420,0,5 10,0,345,,860,420,0,5 10,0
11100,'Fête-1-01',831,,865,420,0,5 10,0,188,,864,420,0,5 10,0,290,,866,420,0,5 10,0,249,,867,420,0,5 10,0,345,,868,420,0,5 10,0
11100,'Fête-2-02',541,,876,420,0,5 14,0,70,,874,420,0,5 14,0,30,,877,420,0,5 14,0,70,,875,420,0,5 14,0,30,,881,420,0,5 14,0,70,,882,420,0,5 14,0,35,,873,420,0,5 10,0,100,,883,420,0,5 10,0,373,,872,420,0,5 10,0,397,,878,420,0,5 14,0,30,,880,420,0,5 14,0,70,,879,420,0,5 14,0,130,,884,420,0,5 10,0
11100,'Samedi-01',831,,887,420,0,5 10,0,188,,886,420,0,5 10,0,290,,888,420,0,5 10,0,249,,889,420,0,5 10,0,345,,890,420,0,5 10,0
11100,'Semaine-01',544,,902,420,0,5 15,0,14,,896,420,0,5 10,0,61,,900,420,0,5 15,0,27,,903,420,0,5 15,0,5,,897,420,0,5 10,0,55,,901,420,0,5 15,0,11,,915,420,0,16 17,0,20,,909,420,0,5 15,0,20,,904,420,0,5 15,0,44,,898,420,0,16 17,0,16,,911,420,0,5 15,0,39,,899,420,0,16 17,0,157,,912,420,0,16 17,0,36,,894,420,0,16 17,0,265,,895,420,0,5 10,0,340,,906,420,0,5 10,0,46,,905,350,0,5 15,0,53,,908,420,0,5 10,0,59,,907,350,0,5 15,0,335,,910,350,0,5 10,0
