101,'Dimanche-01',741,,73,290,,,0,206,,74,290,,,0,171,,75,290,,,0,133,,76,290,,,0,167,,77,290,,,0,120,,78,290,,,0,120,,79,290,,,0,160,,80,290,,,0,117,,81,290,,,0,174,,82,290,,,0,114,,83,290,,,0,113,,84,290,,,0
101,'Fête-1-01',741,,85,290,,,0,206,,86,290,,,0,171,,87,290,,,0,133,,88,290,,,0,167,,89,290,,,0,120,,90,290,,,0,120,,91,290,,,0,160,,92,290,,,0,117,,93,290,,,0,174,,94,290,,,0,114,,95,290,,,0,113,,96,290,,,0
101,'Fête-2-02',640,,97,290,,,0,101,,106,290,,,0,70,,108,290,,,0,90,,109,290,,,0,111,,110,290,,,0,105,,111,290,,,0,95,,113,290,,,0,103,,112,290,,,0,106,,114,290,,,0,81,,98,290,,,0,103,,99,290,,,0,96,,100,290,,,0,107,,101,290,,,0,34,,102,290,,,0,103,,103,290,,,0,84,,104,290,,,0,173,,105,290,,,0,135,,107,290,,,0
101,'Samedi-01',741,,115,290,,,0,206,,116,290,,,0,171,,117,290,,,0,133,,118,290,,,0,167,,119,290,,,0,120,,120,290,,,0,120,,121,290,,,0,160,,122,290,,,0,117,,123,290,,,0,174,,124,290,,,0,114,,125,290,,,0,113,,126,290,,,0
101,'Semaine-01',640,,127,290,,,0,6,,145,160,,,0,95,,136,290,,,0,70,,138,290,,,0,90,,139,290,,,0,111,,140,290,,,0,105,,141,290,,,0,95,,143,290,,,0,103,,142,290,,,0,106,,144,290,,,0,81,,128,290,,,0,103,,129,290,,,0,96,,130,290,,,0,107,,131,290,,,0,34,,132,290,,,0,103,,133,290,,,0,84,,134,290,,,0,173,,135,290,,,0,135,,137,290,,,0
2301,'Fête-2-02',1601,,303,300,,,0,25,,304,300,,,0,30,,305,300,,,0,70,,306,300,,,0,28,,307,300,,,0,69,,308,300,,,0,29,,309,300,,,0
2301,'Semaine-01',1601,,310,300,,,0,25,,311,300,,,0,30,,312,300,,,0,70,,313,300,,,0,28,,314,300,,,0,69,,315,300,,,0,29,,316,300,,,0
2801,'Fête-2-02',1406,,433,230,0,6,0,150,,437,230,0,6,0,71,,441,230,0,6,0,27,,431,230,0,7,0,55,,440,230,0,6,0,19,,434,230,0,6,0,10,,430,230,,,0,10,,435,230,0,6,0,58,,432,230,0,7,0,19,,436,230,0,6,0,15,,438,230,0,6,0,15,,439,230,0,6,0
2801,'Semaine-01',1406,,445,230,0,6,0,150,,451,230,0,6,0,61,,454,230,0,6,0,10,,458,230,0,6,0,12,,455,230,0,6,0,15,,443,230,0,7,0,5,,456,230,0,6,0,50,,457,230,0,6,0,10,,446,230,0,6,0,9,,447,230,0,6,0,10,,442,230,,,0,10,,448,230,0,6,0,8,,449,230,0,6,0,50,,444,230,0,7,0,14,,450,230,0,6,0,10,,452,230,0,6,0,25,,453,230,0,6,0
3300,'Dimanche-01',547,,682,170,,,0,82,,680,170,,,0,90,,691,170,,,0,81,,701,170,,,0,43,,703,170,,,0,93,,704,170,,,0,80,,705,170,,,0,40,,706,170,,,0,80,,707,170,,,0,80,,683,170,,,0,40,,684,170,,,0,79,,685,170,,,0,80,,686,170,,,0,40,,687,170,,,0,79,,688,170,,,0,79,,689,170,,,0,39,,690,170,,,0,79,,692,170,,,0,79,,693,170,,,0,40,,694,170,,,0,87,,695,170,,,0,85,,696,170,,,0,86,,697,170,,,0,47,,698,170,,,0,86,,699,170,,,0,83,,700,170,,,0,88,,681,170,,,0,43,,702,170,,,0,159,,708,170,0,8 6,0
3300,'Fête-1-01',607,,711,170,,,0,41,,709,170,,,0,81,,720,170,,,0,82,,730,170,,,0,42,,732,170,,,0,84,,733,170,,,0,81,,734,170,,,0,82,,735,170,,,0,42,,736,170,,,0,82,,712,170,,,0,82,,713,170,,,0,42,,714,170,,,0,82,,715,170,,,0,82,,716,170,,,0,42,,717,170,,,0,82,,718,170,,,0,82,,719,170,,,0,85,,721,170,,,0,39,,722,170,,,0,82,,723,170,,,0,82,,724,170,,,0,39,,725,170,,,0,82,,726,170,,,0,81,,727,170,,,0,42,,728,170,,,0,83,,729,170,,,0,86,,731,170,,,0,86,,710,170,,,0,113,,737,170,0,8 6,0
3300,'Fête-2-02',614,,738,170,,,0,40,,766,170,,,0,81,,747,170,,,0,80,,757,170,,,0,40,,760,170,,,0,79,,761,170,,,0,80,,762,170,,,0,42,,763,170,,,0,81,,764,170,,,0,83,,739,170,,,0,83,,740,170,,,0,43,,741,170,,,0,82,,742,170,,,0,83,,743,170,,,0,46,,744,170,,,0,85,,745,170,,,0,85,,746,170,,,0,84,,748,170,,,0,43,,749,170,,,0,83,,750,170,,,0,82,,751,170,,,0,40,,752,170,,,0,80,,753,170,,,0,80,,754,170,,,0,40,,755,170,,,0,80,,756,170,,,0,80,,758,170,,,0,40,,759,170,,,0,96,,765,120,0,8 6,0
3300,'Samedi-01',607,,769,170,,,0,41,,767,170,,,0,81,,778,170,,,0,82,,788,170,,,0,42,,790,170,,,0,84,,791,170,,,0,81,,792,170,,,0,82,,793,170,,,0,42,,794,170,,,0,82,,770,170,,,0,82,,771,170,,,0,42,,772,170,,,0,82,,773,170,,,0,82,,774,170,,,0,42,,775,170,,,0,82,,776,170,,,0,82,,777,170,,,0,85,,779,170,,,0,39,,780,170,,,0,82,,781,170,,,0,82,,782,170,,,0,39,,783,170,,,0,82,,784,170,,,0,81,,785,170,,,0,42,,786,170,,,0,83,,787,170,,,0,86,,789,170,,,0,86,,768,170,,,0,113,,795,170,0,8 6,0
3300,'Semaine-01',614,,796,170,,,0,40,,824,170,,,0,81,,805,170,,,0,80,,815,170,,,0,40,,818,170,,,0,79,,819,170,,,0,80,,820,170,,,0,42,,821,170,,,0,81,,822,170,,,0,83,,797,170,,,0,83,,798,170,,,0,43,,799,170,,,0,82,,800,170,,,0,83,,801,170,,,0,46,,802,170,,,0,85,,803,170,,,0,85,,804,170,,,0,84,,806,170,,,0,43,,807,170,,,0,83,,808,170,,,0,82,,809,170,,,0,40,,810,170,,,0,80,,811,170,,,0,80,,812,170,,,0,40,,813,170,,,0,80,,814,170,,,0,80,,816,170,,,0,40,,817,170,,,0,96,,823,120,0,8 6,0
9001,'Semaine-01',1847,,828,200,,,0
