101,'Dimanche-01',717,,73,70,,,0,205,,74,70,,,0,130,,75,70,,,0,171,,76,70,,,0,125,,77,70,,,0,160,,78,70,,,0,120,,79,70,,,0,120,,80,70,,,0,159,,81,70,,,0,135,,82,70,,,0,115,,83,70,,,0,155,,84,70,,,0
101,'Samedi-01',717,,115,70,,,0,205,,116,70,,,0,130,,117,70,,,0,171,,118,70,,,0,125,,119,70,,,0,160,,120,70,,,0,120,,121,70,,,0,120,,122,70,,,0,159,,123,70,,,0,135,,124,70,,,0,115,,125,70,,,0,155,,126,70,,,0
101,'Semaine-01',613,,127,70,,,0,100,,136,70,,,0,30,,138,70,,,0,90,,139,70,,,0,111,,140,70,,,0,105,,141,70,,,0,95,,143,70,,,0,100,,142,70,,,0,105,,144,70,,,0,80,,128,70,,,0,100,,129,70,,,0,100,,130,70,,,0,110,,131,70,,,0,75,,132,70,,,0,104,,133,70,,,0,84,,134,70,,,0,135,,135,70,,,0,175,,137,70,,,0
2101,'Semaine-01',646,,260,70,0,5 6,0,79,,261,70,0,5 6,0,81,,262,70,0,5 6,0,795,,254,70,,,0,23,,255,70,,,0,26,,256,70,,,0,65,,257,70,,,0,25,,258,70,,,0,68,,259,70,,,0
2301,'Semaine-01',1534,,310,70,,,0,25,,311,70,,,0,70,,312,70,,,0,30,,313,70,,,0,70,,314,70,,,0,29,,315,70,,,0,70,,316,70,,,0
2501,'Semaine-01',1539,,355,70,,,0,80,,356,70,,,0,34,,357,70,,,0,80,,358,70,,,0,80,,359,70,,,0,29,,360,70,,,0
3100,'Dimanche-01',652,,492,70,,,0,255,,493,70,,,0,238,,491,70,,,0,163,,484,70,,,0,120,,485,70,,,0,118,,486,70,,,0,158,,487,70,,,0,119,,488,70,,,0,127,,489,70,,,0,261,,483,70,,,0,216,,490,70,,,0
3100,'Samedi-01',541,,537,70,,,0,83,,548,70,,,0,201,,549,70,,,0,125,,546,70,,,0,164,,536,70,,,0,124,,547,70,,,0,164,,538,70,,,0,124,,539,70,,,0,124,,540,70,,,0,164,,541,70,,,0,124,,542,70,,,0,67,,543,70,,,0,216,,544,70,,,0,216,,545,70,,,0
3100,'Semaine-01',547,,574,70,,,0,80,,550,70,,,0,79,,560,70,,,0,40,,575,70,,,0,80,,569,70,,,0,80,,570,70,,,0,40,,571,70,,,0,81,,577,70,,,0,81,,572,70,,,0,43,,573,70,,,0,83,,551,70,,,0,83,,552,70,,,0,42,,553,70,,,0,82,,554,70,,,0,84,,555,70,,,0,85,,556,70,,,0,45,,557,70,,,0,86,,558,70,,,0,85,,559,70,,,0,85,,561,70,,,0,42,,562,70,,,0,80,,563,70,,,0,80,,564,70,,,0,40,,565,70,,,0,80,,566,70,,,0,80,,567,70,,,0,40,,568,70,,,0,161,,576,70,0,5 6,0
3200,'Dimanche-01',542,,578,70,,,0,214,,583,70,,,0,262,,586,70,,,0,192,,587,70,,,0,119,,579,70,,,0,122,,589,70,,,0,160,,580,70,,,0,119,,582,70,,,0,118,,581,70,,,0,255,,584,70,,,0,216,,585,70,,,0,213,,588,70,0,6,0
3200,'Samedi-01',654,,641,70,,,0,77,,636,70,,,0,120,,644,70,,,0,162,,645,70,,,0,124,,646,70,,,0,164,,637,70,,,0,124,,648,70,,,0,124,,638,70,,,0,168,,639,70,,,0,120,,640,70,,,0,276,,642,70,,,0,216,,643,70,,,0,211,,647,70,0,6,0
3200,'Semaine-01',611,,674,70,,,0,39,,649,70,,,0,78,,677,70,,,0,79,,660,70,,,0,40,,668,70,,,0,83,,669,70,,,0,81,,670,70,,,0,41,,671,70,,,0,83,,672,70,,,0,82,,673,70,,,0,83,,650,70,,,0,42,,651,70,,,0,81,,652,70,,,0,84,,676,70,,,0,45,,654,70,,,0,85,,655,70,,,0,86,,656,70,,,0,86,,657,70,,,0,43,,658,70,,,0,84,,659,70,,,0,81,,661,70,,,0,40,,662,70,,,0,80,,663,70,,,0,80,,664,70,,,0,40,,665,70,,,0,82,,666,70,,,0,80,,667,70,,,0,112,,675,70,0,6,0
9800,'Semaine-01',723,,843,70,,,0,103,,847,70,,,0,105,,848,70,,,0,506,,849,70,,,0,105,,850,70,,,0,105,,851,70,,,0,104,,852,70,,,0,105,,853,70,,,0,99,,854,70,,,0,99,,844,70,,,0,90,,845,70,,,0,90,,846,70,,,0
11101,'Dimanche-01',900,,917,70,,,0,147,,916,70,,,0,295,,918,70,,,0,289,,919,70,,,0,303,,920,70,,,0
11101,'Samedi-01',900,,949,70,,,0,147,,948,70,,,0,295,,950,70,,,0,289,,951,70,,,0,303,,952,70,,,0
11101,'Semaine-01',631,,965,70,,,0,95,,972,70,,,0,130,,973,70,,,0,95,,970,70,,,0,192,,975,70,,,0,265,,956,80,,,0,120,,959,80,,,0,110,,967,80,,,0,110,,968,80,,,0,94,,969,80,,,0,75,,958,80,,,0,305,,971,70,,,0
