101,'Dimanche-01',712,,73,20,,,0,205,,74,20,,,0,130,,75,20,,,0,170,,76,20,,,0,125,,77,20,,,0,160,,78,20,,,0,120,,79,20,,,0,120,,80,20,,,0,160,,81,20,,,0,135,,82,20,,,0,115,,83,20,,,0,155,,84,20,,,0
101,'Fête-1-01',712,,2674,20,,,0,205,,2675,20,,,0,130,,2676,20,,,0,170,,2677,20,,,0,125,,2678,20,,,0,160,,2679,20,,,0,120,,2680,20,,,0,120,,2681,20,,,0,160,,2682,20,,,0,135,,2683,20,,,0,115,,2684,20,,,0,155,,2685,20,,,0
101,'Samedi-01',712,,115,20,,,0,205,,116,20,,,0,130,,117,20,,,0,170,,118,20,,,0,125,,119,20,,,0,160,,120,20,,,0,120,,121,20,,,0,120,,122,20,,,0,160,,123,20,,,0,135,,124,20,,,0,115,,125,20,,,0,155,,126,20,,,0
101,'Semaine-01',607,,127,20,,,0,100,,136,20,,,0,30,,138,20,,,0,90,,139,20,,,0,110,,140,20,,,0,105,,141,20,,,0,95,,143,20,,,0,100,,142,20,,,0,106,,144,20,,,0,80,,128,20,,,0,100,,129,20,,,0,100,,130,20,,,0,109,,131,20,,,0,75,,132,20,,,0,105,,133,20,,,0,45,,134,20,,,0,175,,135,20,,,0,175,,137,20,,,0
101,'Semaine-02',602,,2686,20,,,0,100,,2695,20,,,0,30,,2697,20,,,0,100,,2698,20,,,0,105,,2699,20,,,0,95,,2700,20,,,0,100,,2702,20,,,0,95,,2701,20,,,0,111,,2703,20,,,0,85,,2687,20,,,0,105,,2688,20,,,0,95,,2689,20,,,0,109,,2690,20,,,0,70,,2691,20,,,0,30,,2692,20,,,0,110,,2693,20,,,0,185,,2694,20,,,0,190,,2696,20,,,0
101,'Semaine-03',607,,2704,20,,,0,100,,2713,20,,,0,30,,2715,20,,,0,90,,2716,20,,,0,110,,2717,20,,,0,105,,2718,20,,,0,95,,2720,20,,,0,100,,2719,20,,,0,106,,2721,20,,,0,80,,2705,20,,,0,100,,2706,20,,,0,100,,2707,20,,,0,109,,2708,20,,,0,75,,2709,20,,,0,105,,2710,20,,,0,45,,2711,20,,,0,175,,2712,20,,,0,175,,2714,20,,,0
2101,'Semaine-01',641,,260,20,0,5 6,0,79,,261,20,0,5 6,0,81,,262,20,0,5 6,0,753,,254,20,,,0,63,,255,20,,,0,27,,256,20,,,0,65,,257,20,,,0,25,,258,20,,,0,68,,259,20,,,0
2101,'Semaine-02',636,,2800,20,0,5 6,0,82,,2801,20,0,5 6,0,82,,2802,20,0,5 6,0,755,,2794,20,,,0,65,,2795,20,,,0,24,,2796,20,,,0,65,,2797,20,,,0,25,,2798,20,,,0,68,,2799,20,,,0
2101,'Semaine-03',641,,2809,20,0,5 6,0,79,,2810,20,0,5 6,0,81,,2811,20,0,5 6,0,753,,2803,20,,,0,63,,2804,20,,,0,27,,2805,20,,,0,65,,2806,20,,,0,25,,2807,20,,,0,68,,2808,20,,,0
2301,'Semaine-01',1527,,310,20,,,0,25,,311,20,,,0,70,,312,20,,,0,30,,313,20,,,0,70,,314,20,,,0,30,,315,20,,,0,70,,316,20,,,0
2301,'Semaine-02',1527,,2852,20,,,0,25,,2853,20,,,0,70,,2854,20,,,0,30,,2855,20,,,0,65,,2856,20,,,0,35,,2857,20,,,0,70,,2858,20,,,0
2301,'Semaine-03',1527,,2859,20,,,0,25,,2860,20,,,0,70,,2861,20,,,0,30,,2862,20,,,0,70,,2863,20,,,0,30,,2864,20,,,0,70,,2865,20,,,0
2501,'Semaine-01',1532,,355,20,,,0,80,,356,20,,,0,35,,357,20,,,0,80,,358,20,,,0,80,,359,20,,,0,30,,360,20,,,0
2501,'Semaine-02',1532,,2899,20,,,0,80,,2900,20,,,0,35,,2901,20,,,0,80,,2902,20,,,0,75,,2903,20,,,0,35,,2904,20,,,0
2501,'Semaine-03',1532,,2905,20,,,0,80,,2906,20,,,0,35,,2907,20,,,0,80,,2908,20,,,0,80,,2909,20,,,0,30,,2910,20,,,0
3100,'Dimanche-01',647,,492,20,,,0,254,,493,20,,,0,238,,491,20,,,0,163,,484,20,,,0,120,,485,20,,,0,118,,486,20,,,0,118,,487,20,,,0,159,,488,20,,,0,127,,489,20,,,0,262,,483,20,,,0,216,,490,20,,,0
3100,'Fête-1-01',536,,3034,20,,,0,83,,3045,20,,,0,200,,3046,20,,,0,125,,3043,20,,,0,164,,3033,20,,,0,124,,3044,20,,,0,124,,3035,20,,,0,164,,3036,20,,,0,124,,3037,20,,,0,164,,3038,20,,,0,124,,3039,20,,,0,68,,3040,20,,,0,216,,3041,20,,,0,216,,3042,20,,,0
3100,'Samedi-01',536,,537,20,,,0,83,,548,20,,,0,200,,549,20,,,0,125,,546,20,,,0,164,,536,20,,,0,124,,547,20,,,0,124,,538,20,,,0,164,,539,20,,,0,124,,540,20,,,0,164,,541,20,,,0,124,,542,20,,,0,68,,543,20,,,0,216,,544,20,,,0,216,,545,20,,,0
3100,'Semaine-01',542,,574,20,,,0,80,,550,20,,,0,79,,560,20,,,0,40,,575,20,,,0,80,,569,20,,,0,80,,570,20,,,0,40,,571,20,,,0,81,,577,20,,,0,81,,572,20,,,0,43,,573,20,,,0,83,,551,20,,,0,83,,552,20,,,0,42,,553,20,,,0,81,,554,20,,,0,84,,555,20,,,0,84,,556,20,,,0,45,,557,20,,,0,87,,558,20,,,0,86,,559,20,,,0,85,,561,20,,,0,42,,562,20,,,0,80,,563,20,,,0,80,,564,20,,,0,40,,565,20,,,0,80,,566,20,,,0,80,,567,20,,,0,41,,568,20,,,0,161,,576,20,0,5 6,0
3100,'Semaine-02',534,,3071,20,,,0,81,,3047,20,,,0,40,,3057,20,,,0,82,,3072,20,,,0,82,,3066,20,,,0,82,,3067,20,,,0,42,,3068,20,,,0,82,,3074,20,,,0,83,,3069,20,,,0,43,,3070,20,,,0,83,,3048,20,,,0,83,,3049,20,,,0,83,,3050,20,,,0,42,,3051,20,,,0,85,,3052,20,,,0,87,,3053,20,,,0,86,,3054,20,,,0,47,,3055,20,,,0,83,,3056,20,,,0,83,,3058,20,,,0,41,,3059,20,,,0,81,,3060,20,,,0,81,,3061,20,,,0,41,,3062,20,,,0,80,,3063,20,,,0,80,,3064,20,,,0,40,,3065,20,,,0,151,,3073,20,0,5 6,0
3100,'Semaine-03',542,,3099,20,,,0,80,,3075,20,,,0,79,,3085,20,,,0,40,,3100,20,,,0,80,,3094,20,,,0,80,,3095,20,,,0,40,,3096,20,,,0,81,,3102,20,,,0,81,,3097,20,,,0,43,,3098,20,,,0,83,,3076,20,,,0,83,,3077,20,,,0,42,,3078,20,,,0,81,,3079,20,,,0,84,,3080,20,,,0,84,,3081,20,,,0,45,,3082,20,,,0,87,,3083,20,,,0,86,,3084,20,,,0,85,,3086,20,,,0,42,,3087,20,,,0,80,,3088,20,,,0,80,,3089,20,,,0,40,,3090,20,,,0,80,,3091,20,,,0,80,,3092,20,,,0,41,,3093,20,,,0,161,,3101,20,0,5 6,0
3200,'Dimanche-01',537,,578,20,,,0,214,,583,20,,,0,261,,586,20,,,0,192,,587,20,,,0,119,,579,20,,,0,122,,589,20,,,0,160,,580,20,,,0,119,,582,20,,,0,118,,581,20,,,0,216,,584,20,,,0,256,,585,20,,,0,213,,588,20,0,6,0
3200,'Fête-1-01',649,,3109,20,,,0,77,,3104,20,,,0,120,,3112,20,,,0,161,,3113,20,,,0,124,,3114,20,,,0,124,,3105,20,,,0,164,,3116,20,,,0,124,,3106,20,,,0,168,,3107,20,,,0,120,,3108,20,,,0,277,,3110,20,,,0,216,,3111,20,,,0,212,,3115,20,0,6,0
3200,'Samedi-01',649,,641,20,,,0,77,,636,20,,,0,120,,644,20,,,0,161,,645,20,,,0,124,,646,20,,,0,124,,637,20,,,0,164,,648,20,,,0,124,,638,20,,,0,168,,639,20,,,0,120,,640,20,,,0,277,,642,20,,,0,216,,643,20,,,0,212,,647,20,0,6,0
3200,'Semaine-01',607,,674,20,,,0,38,,649,20,,,0,78,,677,20,,,0,79,,660,20,,,0,40,,668,20,,,0,83,,669,20,,,0,81,,670,20,,,0,41,,671,20,,,0,83,,672,20,,,0,82,,673,20,,,0,43,,650,20,,,0,82,,651,20,,,0,81,,652,20,,,0,84,,676,20,,,0,45,,654,20,,,0,84,,655,20,,,0,86,,656,20,,,0,87,,657,20,,,0,43,,658,20,,,0,84,,659,20,,,0,81,,661,20,,,0,40,,662,20,,,0,80,,663,20,,,0,80,,664,20,,,0,40,,665,20,,,0,83,,666,20,,,0,80,,667,20,,,0,112,,675,20,0,6,0
3200,'Semaine-02',604,,3142,20,,,0,40,,3117,20,,,0,79,,3145,20,,,0,81,,3128,20,,,0,44,,3136,20,,,0,82,,3137,20,,,0,82,,3138,20,,,0,43,,3139,20,,,0,83,,3140,20,,,0,83,,3141,20,,,0,83,,3118,20,,,0,43,,3119,20,,,0,82,,3120,20,,,0,85,,3144,20,,,0,87,,3122,20,,,0,47,,3123,20,,,0,85,,3124,20,,,0,84,,3125,20,,,0,42,,3126,20,,,0,83,,3127,20,,,0,82,,3129,20,,,0,81,,3130,20,,,0,41,,3131,20,,,0,80,,3132,20,,,0,83,,3133,20,,,0,40,,3134,20,,,0,80,,3135,20,,,0,98,,3143,20,0,6,0
3200,'Semaine-03',607,,3173,20,,,0,38,,3148,20,,,0,78,,3176,20,,,0,79,,3159,20,,,0,40,,3167,20,,,0,83,,3168,20,,,0,81,,3169,20,,,0,41,,3170,20,,,0,83,,3171,20,,,0,82,,3172,20,,,0,43,,3149,20,,,0,82,,3150,20,,,0,81,,3151,20,,,0,84,,3175,20,,,0,45,,3153,20,,,0,84,,3154,20,,,0,86,,3155,20,,,0,87,,3156,20,,,0,43,,3157,20,,,0,84,,3158,20,,,0,81,,3160,20,,,0,40,,3161,20,,,0,80,,3162,20,,,0,80,,3163,20,,,0,40,,3164,20,,,0,83,,3165,20,,,0,80,,3166,20,,,0,112,,3174,20,0,6,0
9800,'Semaine-01',719,,843,20,,,0,103,,847,20,,,0,105,,848,20,,,0,505,,849,20,,,0,105,,850,20,,,0,105,,851,20,,,0,105,,852,20,,,0,105,,853,20,,,0,99,,854,20,,,0,100,,844,20,,,0,90,,845,20,,,0,90,,846,20,,,0
9800,'Semaine-02',716,,3266,20,,,0,106,,3270,20,,,0,110,,3271,20,,,0,494,,3272,20,,,0,108,,3273,20,,,0,108,,3274,20,,,0,110,,3275,20,,,0,149,,3276,20,,,0,100,,3277,20,,,0,100,,3267,20,,,0,55,,3268,20,,,0,95,,3269,20,,,0
9800,'Semaine-03',719,,3279,20,,,0,103,,3283,20,,,0,105,,3284,20,,,0,505,,3285,20,,,0,105,,3286,20,,,0,105,,3287,20,,,0,105,,3288,20,,,0,105,,3289,20,,,0,99,,3290,20,,,0,100,,3280,20,,,0,90,,3281,20,,,0,90,,3282,20,,,0
11101,'Dimanche-01',855,,917,20,,,0,187,,916,20,,,0,295,,918,20,,,0,288,,919,20,,,0,305,,920,20,,,0
11101,'Fête-1-01',855,,3338,20,,,0,187,,3337,20,,,0,295,,3339,20,,,0,288,,3340,20,,,0,305,,3341,20,,,0
11101,'Samedi-01',855,,949,20,,,0,187,,948,20,,,0,295,,950,20,,,0,288,,951,20,,,0,305,,952,20,,,0
11101,'Semaine-01',627,,965,20,,,0,95,,972,20,,,0,130,,973,20,,,0,95,,970,20,,,0,190,,975,20,,,0,265,,956,20,,,0,120,,959,20,,,0,110,,967,20,,,0,110,,968,20,,,0,95,,969,20,,,0,75,,958,30,,,0,305,,971,20,,,0
11101,'Semaine-02',702,,3353,30,,,0,107,,3356,30,,,0,101,,3357,30,,,0,12,,3355,20,,,0,225,,3359,20,,,0,205,,3345,20,,,0,180,,3346,30,,,0,25,,3348,30,,,0,70,,3349,30,,,0,30,,3350,30,,,0,70,,3351,30,,,0,30,,3352,30,,,0,90,,3354,30,,,0,65,,3347,30,,,0,305,,3361,20,,,0
11101,'Semaine-03',627,,3371,20,,,0,95,,3378,20,,,0,130,,3379,20,,,0,95,,3376,20,,,0,190,,3381,20,,,0,265,,3362,20,,,0,120,,3365,20,,,0,110,,3373,20,,,0,110,,3374,20,,,0,95,,3375,20,,,0,75,,3364,30,,,0,305,,3377,20,,,0
