2201,'Semaine-01',1636,,281,170,,,0,65,,285,170,,,0,25,,282,170,,,0,25,,286,170,,,0,65,,284,170,,,0,23,,283,170,,,0
2201,'Semaine-02',1639,,2824,170,,,0,65,,2828,170,,,0,24,,2825,170,,,0,25,,2829,170,,,0,65,,2827,170,,,0,28,,2826,170,,,0
2201,'Semaine-03',1636,,2830,170,,,0,65,,2834,170,,,0,25,,2831,170,,,0,25,,2835,170,,,0,65,,2833,170,,,0,23,,2832,170,,,0
2000002200,'Dimanche-01',602,,1455,10,,,0,50,,1456,10,,,0,81,,1457,10,,,0,83,,1458,10,,,0,93,,1459,10,,,0,43,,1460,10,,,0,87,,1461,10,,,0,74,,1462,10,,,0,34,,1463,10,,,0,84,,1464,10,,,0,79,,1465,10,,,0,40,,1466,10,,,0,80,,1467,10,,,0,82,,1468,10,,,0,36,,1469,10,,,0,84,,1470,10,,,0,74,,1471,10,,,0,45,,1472,10,,,0,74,,1473,10,,,0,84,,1474,10,,,0,43,,1476,10,,,0,87,,1453,10,,,0,84,,1475,10,,,0,90,,1477,10,,,0,43,,1478,10,,,0,83,,1479,10,,,0,89,,1452,10,,,0,86,,1454,10,,,0
2000002200,'Fête-1-01',541,,3699,10,,,0,83,,3700,10,,,0,90,,3701,10,,,0,37,,3702,10,,,0,76,,3703,10,,,0,84,,3704,10,,,0,41,,3705,10,,,0,82,,3706,10,,,0,82,,3707,10,,,0,42,,3708,10,,,0,82,,3709,10,,,0,82,,3710,10,,,0,82,,3711,10,,,0,42,,3712,10,,,0,82,,3713,10,,,0,82,,3714,10,,,0,42,,3715,10,,,0,86,,3716,10,,,0,78,,3717,10,,,0,42,,3718,10,,,0,82,,3719,10,,,0,81,,3721,10,,,0,37,,3697,10,,,0,75,,3720,10,,,0,90,,3722,10,,,0,87,,3723,10,,,0,39,,3724,10,,,0,89,,3696,10,,,0,81,,3698,10,,,0
2000002200,'Samedi-01',541,,1535,10,,,0,83,,1536,10,,,0,90,,1537,10,,,0,37,,1538,10,,,0,76,,1539,10,,,0,84,,1540,10,,,0,41,,1541,10,,,0,82,,1542,10,,,0,82,,1543,10,,,0,42,,1544,10,,,0,82,,1545,10,,,0,82,,1546,10,,,0,82,,1547,10,,,0,42,,1548,10,,,0,82,,1549,10,,,0,82,,1550,10,,,0,42,,1551,10,,,0,86,,1552,10,,,0,78,,1553,10,,,0,42,,1554,10,,,0,82,,1555,10,,,0,81,,1557,10,,,0,37,,1533,10,,,0,75,,1556,10,,,0,90,,1558,10,,,0,87,,1559,10,,,0,39,,1560,10,,,0,89,,1532,10,,,0,81,,1534,10,,,0
2000002200,'Semaine-01',547,,1583,10,0,5 6,0,280,,1580,10,0,5 6,0,80,,1561,10,0,5 6,0,40,,1562,10,0,5 6,0,81,,1563,10,0,5 6,0,81,,1564,10,0,5 6,0,43,,1565,10,0,5 6,0,83,,1566,10,0,5 6,0,83,,1567,10,0,5 6,0,82,,1568,10,0,5 6,0,42,,1569,10,0,5 6,0,85,,1581,10,0,5 6,0,300,,1582,10,0,5 6,0,83,,1570,10,0,5 6,0,42,,1571,10,0,5 6,0,80,,1572,10,0,5 6,0,80,,1573,10,0,5 6,0,40,,1574,10,0,5 6,0,80,,1575,10,0,5 6,0,80,,1576,10,0,5 6,0,38,,1577,10,0,5 6,0,83,,1578,10,0,5 6,0,80,,1579,10,0,5 6,0
2000002200,'Semaine-02',547,,3747,10,0,5 6,0,280,,3744,10,0,5 6,0,80,,3725,10,0,5 6,0,40,,3726,10,0,5 6,0,81,,3727,10,0,5 6,0,81,,3728,10,0,5 6,0,43,,3729,10,0,5 6,0,83,,3730,10,0,5 6,0,83,,3731,10,0,5 6,0,82,,3732,10,0,5 6,0,42,,3733,10,0,5 6,0,85,,3745,10,0,5 6,0,300,,3746,10,0,5 6,0,83,,3734,10,0,5 6,0,42,,3735,10,0,5 6,0,80,,3736,10,0,5 6,0,80,,3737,10,0,5 6,0,40,,3738,10,0,5 6,0,80,,3739,10,0,5 6,0,80,,3740,10,0,5 6,0,38,,3741,10,0,5 6,0,83,,3742,10,0,5 6,0,80,,3743,10,0,5 6,0
2000002200,'Semaine-03',547,,3770,10,0,5 6,0,280,,3767,10,0,5 6,0,80,,3748,10,0,5 6,0,40,,3749,10,0,5 6,0,81,,3750,10,0,5 6,0,81,,3751,10,0,5 6,0,43,,3752,10,0,5 6,0,83,,3753,10,0,5 6,0,83,,3754,10,0,5 6,0,82,,3755,10,0,5 6,0,42,,3756,10,0,5 6,0,85,,3768,10,0,5 6,0,300,,3769,10,0,5 6,0,83,,3757,10,0,5 6,0,42,,3758,10,0,5 6,0,80,,3759,10,0,5 6,0,80,,3760,10,0,5 6,0,40,,3761,10,0,5 6,0,80,,3762,10,0,5 6,0,80,,3763,10,0,5 6,0,38,,3764,10,0,5 6,0,83,,3765,10,0,5 6,0,80,,3766,10,0,5 6,0
2000002201,'Dimanche-01',633,,1588,130,4,,0,90,,1584,130,4,,0,81,,1589,130,4,,0,43,,1590,130,4,,0,93,,1591,130,4,,0,83,,1592,130,4,,0,87,,1593,130,4,,0,34,,1594,130,4,,0,74,,1595,130,4,,0,84,,1596,130,4,,0,39,,1597,130,4,,0,80,,1598,130,4,,0,80,,1599,130,4,,0,42,,1600,130,4,,0,76,,1601,130,4,,0,84,,1602,130,4,,0,34,,1603,130,4,,0,85,,1604,130,4,,0,34,,1605,130,4,,0,84,,1607,130,4,,0,84,,1606,130,4,,0,86,,1586,130,4,,0,44,,1608,130,4,,0,90,,1609,130,4,,0,82,,1610,130,4,,0,84,,1611,130,4,,0,49,,1585,130,4,,0,84,,1587,130,4,,0,82,,1612,130,4,,0
2000002201,'Fête-1-01',612,,3771,130,4,,0,43,,3776,130,4,,0,90,,3772,130,4,,0,77,,3777,130,4,,0,36,,3778,130,4,,0,84,,3779,130,4,,0,81,,3780,130,4,,0,82,,3781,130,4,,0,42,,3782,130,4,,0,82,,3783,130,4,,0,82,,3784,130,4,,0,42,,3785,130,4,,0,82,,3786,130,4,,0,82,,3787,130,4,,0,42,,3788,130,4,,0,82,,3789,130,4,,0,82,,3790,130,4,,0,86,,3791,130,4,,0,38,,3792,130,4,,0,82,,3793,130,4,,0,82,,3795,130,4,,0,42,,3794,130,4,,0,76,,3774,130,4,,0,75,,3796,130,4,,0,50,,3797,130,4,,0,86,,3798,130,4,,0,80,,3799,130,4,,0,89,,3773,130,4,,0,39,,3775,130,4,,0,77,,3800,130,4,,0
2000002201,'Samedi-01',612,,1666,130,4,,0,43,,1671,130,4,,0,90,,1667,130,4,,0,77,,1672,130,4,,0,36,,1673,130,4,,0,84,,1674,130,4,,0,81,,1675,130,4,,0,82,,1676,130,4,,0,42,,1677,130,4,,0,82,,1678,130,4,,0,82,,1679,130,4,,0,42,,1680,130,4,,0,82,,1681,130,4,,0,82,,1682,130,4,,0,42,,1683,130,4,,0,82,,1684,130,4,,0,82,,1685,130,4,,0,86,,1686,130,4,,0,38,,1687,130,4,,0,82,,1688,130,4,,0,82,,1690,130,4,,0,42,,1689,130,4,,0,76,,1669,130,4,,0,75,,1691,130,4,,0,50,,1692,130,4,,0,86,,1693,130,4,,0,80,,1694,130,4,,0,89,,1668,130,4,,0,39,,1670,130,4,,0,77,,1695,130,4,,0
2000002201,'Semaine-01',619,,1718,130,4,,0,281,,1696,130,4,,0,40,,1697,130,4,,0,80,,1698,130,4,,0,81,,1699,130,4,,0,41,,1700,130,4,,0,83,,1701,130,4,,0,83,,1702,130,4,,0,43,,1703,130,4,,0,82,,1704,130,4,,0,82,,1716,130,4,,0,85,,1717,130,4,,0,300,,1705,130,4,,0,42,,1706,130,4,,0,83,,1707,130,4,,0,80,,1708,130,4,,0,40,,1709,130,4,,0,80,,1710,130,4,,0,80,,1711,130,4,,0,40,,1712,130,4,,0,80,,1713,130,4,,0,80,,1714,130,4,,0,40,,1715,130,4,,0
2000002201,'Semaine-02',619,,3823,130,4,,0,281,,3801,130,4,,0,40,,3802,130,4,,0,80,,3803,130,4,,0,81,,3804,130,4,,0,41,,3805,130,4,,0,83,,3806,130,4,,0,83,,3807,130,4,,0,43,,3808,130,4,,0,82,,3809,130,4,,0,82,,3821,130,4,,0,85,,3822,130,4,,0,300,,3810,130,4,,0,42,,3811,130,4,,0,83,,3812,130,4,,0,80,,3813,130,4,,0,40,,3814,130,4,,0,80,,3815,130,4,,0,80,,3816,130,4,,0,40,,3817,130,4,,0,80,,3818,130,4,,0,80,,3819,130,4,,0,40,,3820,130,4,,0
2000002201,'Semaine-03',619,,3846,130,4,,0,281,,3824,130,4,,0,40,,3825,130,4,,0,80,,3826,130,4,,0,81,,3827,130,4,,0,41,,3828,130,4,,0,83,,3829,130,4,,0,83,,3830,130,4,,0,43,,3831,130,4,,0,82,,3832,130,4,,0,82,,3844,130,4,,0,85,,3845,130,4,,0,300,,3833,130,4,,0,42,,3834,130,4,,0,83,,3835,130,4,,0,80,,3836,130,4,,0,40,,3837,130,4,,0,80,,3838,130,4,,0,80,,3839,130,4,,0,40,,3840,130,4,,0,80,,3841,130,4,,0,80,,3842,130,4,,0,40,,3843,130,4,,0
