2000,'Dimanche-01',707,,146,310,,,0,124,,147,310,,,0,126,,148,310,,,0,165,,149,310,,,0,125,,150,310,,,0,164,,151,310,,,0,125,,152,310,,,0,165,,153,310,,,0
2000,'Fête-1-01',707,,2722,310,,,0,124,,2723,310,,,0,126,,2724,310,,,0,165,,2725,310,,,0,125,,2726,310,,,0,164,,2727,310,,,0,125,,2728,310,,,0,165,,2729,310,,,0
2000,'Samedi-01',707,,171,310,,,0,124,,172,310,,,0,126,,173,310,,,0,165,,174,310,,,0,125,,175,310,,,0,164,,176,310,,,0,125,,177,310,,,0,165,,178,310,,,0
2000,'Semaine-01',650,,179,300,,,0,165,,180,300,,,0,125,,181,300,,,0,166,,182,300,,,0,126,,183,300,,,0,125,,184,300,,,0,166,,185,300,,,0,126,,186,300,,,0,166,,187,300,,,0
2000,'Semaine-01-0001100',1940,,189,300,,,0,164,,188,300,,,0
2000,'Semaine-02',650,,2730,300,,,0,165,,2731,300,,,0,125,,2732,300,,,0,166,,2733,300,,,0,126,,2734,300,,,0,125,,2735,300,,,0,166,,2736,300,,,0,126,,2737,300,,,0,166,,2738,300,,,0
2000,'Semaine-02-0001100',1940,,2740,300,,,0,164,,2739,300,,,0
2000,'Semaine-03',650,,2741,300,,,0,165,,2742,300,,,0,125,,2743,300,,,0,166,,2744,300,,,0,126,,2745,300,,,0,125,,2746,300,,,0,166,,2747,300,,,0,126,,2748,300,,,0,166,,2749,300,,,0
2000,'Semaine-03-0001100',1940,,2751,300,,,0,164,,2750,300,,,0
2000002000,'Dimanche-01',533,,1318,30,0,11 13,0,170,,1319,30,0,11 13,0,44,,1330,60,,,0,86,,1320,30,0,11 13,0,84,,1331,60,,,0,86,,1321,30,0,11 13,0,45,,1332,60,,,0,86,,1322,30,0,11 13,0,85,,1333,60,,,0,85,,1323,30,0,11 13,0,45,,1334,60,,,0,85,,1324,30,0,11 13,0,85,,1335,60,,,0,85,,1325,30,0,11 13,0,45,,1336,60,,,0,85,,1326,30,0,11 13,0,85,,1337,60,,,0,85,,1327,30,0,11 13,0,44,,1338,60,,,0,86,,1328,30,0,11 13,0,84,,1339,60,,,0,86,,1329,30,0,11 13,0,44,,1340,60,,,0,170,,1341,60,,,0
2000002000,'Fête-1-01',533,,3610,30,0,11 13,0,170,,3611,30,0,11 13,0,44,,3622,60,,,0,86,,3612,30,0,11 13,0,84,,3623,60,,,0,86,,3613,30,0,11 13,0,45,,3624,60,,,0,86,,3614,30,0,11 13,0,85,,3625,60,,,0,85,,3615,30,0,11 13,0,45,,3626,60,,,0,85,,3616,30,0,11 13,0,85,,3627,60,,,0,85,,3617,30,0,11 13,0,45,,3628,60,,,0,85,,3618,30,0,11 13,0,85,,3629,60,,,0,85,,3619,30,0,11 13,0,44,,3630,60,,,0,86,,3620,30,0,11 13,0,84,,3631,60,,,0,86,,3621,30,0,11 13,0,44,,3632,60,,,0,170,,3633,60,,,0
2000002000,'Samedi-01',533,,1397,30,0,11 13,0,170,,1398,30,0,11 13,0,44,,1409,60,,,0,86,,1399,30,0,11 13,0,84,,1410,60,,,0,86,,1400,30,0,11 13,0,45,,1411,60,,,0,86,,1401,30,0,11 13,0,85,,1412,60,,,0,85,,1402,30,0,11 13,0,45,,1413,60,,,0,85,,1403,30,0,11 13,0,85,,1414,60,,,0,85,,1404,30,0,11 13,0,45,,1415,60,,,0,85,,1405,30,0,11 13,0,85,,1416,60,,,0,85,,1406,30,0,11 13,0,44,,1417,60,,,0,86,,1407,30,0,11 13,0,84,,1418,60,,,0,86,,1408,30,0,11 13,0,44,,1419,60,,,0,170,,1420,60,,,0
2000002000,'Semaine-01',438,,1422,30,0,11 13,0,79,,1421,30,0,11 13,0,17,,1423,60,0,11 13,0,72,,1424,30,0,11 13,0,33,,1440,60,,,0,98,,1441,60,,,0,68,,1442,60,,,0,99,,1427,30,0,11 13,0,31,,1443,60,,,0,69,,1428,30,0,11 13,0,34,,1444,60,,,0,66,,1429,30,0,11 13,0,34,,1445,60,,,0,21,,1430,30,0,11 13,0,74,,1446,60,,,0,21,,1431,30,0,11 13,0,83,,1447,60,,,0,67,,1432,30,0,11 13,0,35,,1448,60,,,0,63,,1433,60,0,11 13,0,32,,1449,60,,,0,70,,1434,30,0,11 13,0,29,,1450,60,,,0,105,,1451,60,,,0,100,,1438,60,,,0,74,,1437,60,,,0,93,,1436,60,,,0,53,,1435,60,,,0,90,,1439,30,0,11 13,0,73,,1426,60,,,0,179,,1425,60,,,0
2000002000,'Semaine-02',438,,3635,30,0,11 13,0,79,,3634,30,0,11 13,0,17,,3636,60,0,11 13,0,72,,3637,30,0,11 13,0,33,,3653,60,,,0,98,,3654,60,,,0,68,,3655,60,,,0,99,,3640,30,0,11 13,0,31,,3656,60,,,0,69,,3641,30,0,11 13,0,34,,3657,60,,,0,66,,3642,30,0,11 13,0,34,,3658,60,,,0,21,,3643,30,0,11 13,0,74,,3659,60,,,0,21,,3644,30,0,11 13,0,83,,3660,60,,,0,67,,3645,30,0,11 13,0,35,,3661,60,,,0,63,,3646,60,0,11 13,0,32,,3662,60,,,0,70,,3647,30,0,11 13,0,29,,3663,60,,,0,105,,3664,60,,,0,100,,3651,60,,,0,74,,3650,60,,,0,93,,3649,60,,,0,53,,3648,60,,,0,90,,3652,30,0,11 13,0,73,,3639,60,,,0,179,,3638,60,,,0
2000002000,'Semaine-03',438,,3666,30,0,11 13,0,79,,3665,30,0,11 13,0,17,,3667,60,0,11 13,0,72,,3668,30,0,11 13,0,33,,3684,60,,,0,98,,3685,60,,,0,68,,3686,60,,,0,99,,3671,30,0,11 13,0,31,,3687,60,,,0,69,,3672,30,0,11 13,0,34,,3688,60,,,0,66,,3673,30,0,11 13,0,34,,3689,60,,,0,21,,3674,30,0,11 13,0,74,,3690,60,,,0,21,,3675,30,0,11 13,0,83,,3691,60,,,0,67,,3676,30,0,11 13,0,35,,3692,60,,,0,63,,3677,60,0,11 13,0,32,,3693,60,,,0,70,,3678,30,0,11 13,0,29,,3694,60,,,0,105,,3695,60,,,0,100,,3682,60,,,0,74,,3681,60,,,0,93,,3680,60,,,0,53,,3679,60,,,0,90,,3683,30,0,11 13,0,73,,3670,60,,,0,179,,3669,60,,,0
