101,'Dimanche-01',735,,73,180,,,0,205,,74,180,,,0,170,,75,180,,,0,133,,76,180,,,0,167,,77,180,,,0,120,,78,180,,,0,120,,79,180,,,0,160,,80,180,,,0,118,,81,180,,,0,174,,82,180,,,0,114,,83,180,,,0,114,,84,180,,,0
101,'Samedi-01',735,,115,180,,,0,205,,116,180,,,0,170,,117,180,,,0,133,,118,180,,,0,167,,119,180,,,0,120,,120,180,,,0,120,,121,180,,,0,160,,122,180,,,0,118,,123,180,,,0,174,,124,180,,,0,114,,125,180,,,0,114,,126,180,,,0
101,'Semaine-01',634,,127,180,,,0,6,,145,50,,,0,94,,136,180,,,0,70,,138,180,,,0,50,,139,180,,,0,151,,140,180,,,0,105,,141,180,,,0,95,,143,180,,,0,102,,142,180,,,0,106,,144,180,,,0,41,,128,180,,,0,102,,129,180,,,0,96,,130,180,,,0,149,,131,180,,,0,34,,132,180,,,0,103,,133,180,,,0,84,,134,180,,,0,134,,135,180,,,0,175,,137,180,,,0
2100,'Semaine-01',526,,240,30,,,0,30,,241,30,,,0,70,,242,30,,,0,75,,243,30,,,0,30,,244,30,,,0,75,,245,30,,,0
2101,'Semaine-01',1623,,254,180,,,0,23,,255,180,,,0,66,,256,180,,,0,24,,257,180,,,0,65,,258,180,,,0,28,,259,180,,,0
2801,'Semaine-01',1358,,445,120,0,6,0,188,,451,120,0,6,0,62,,454,120,0,6,0,10,,458,120,0,6,0,12,,455,120,0,6,0,15,,443,120,0,7,0,5,,456,120,0,6,0,50,,457,120,0,6,0,10,,446,120,0,6,0,9,,447,120,0,6,0,10,,442,120,,,0,10,,448,120,0,6,0,8,,449,120,0,6,0,10,,444,120,0,7,0,54,,450,120,0,6,0,11,,452,120,0,6,0,25,,453,120,0,6,0
3300,'Dimanche-01',541,,682,50,,,0,82,,680,50,,,0,90,,691,50,,,0,41,,701,50,,,0,83,,703,50,,,0,93,,704,50,,,0,80,,705,50,,,0,40,,706,50,,,0,80,,707,50,,,0,80,,683,50,,,0,40,,684,50,,,0,79,,685,50,,,0,80,,686,50,,,0,40,,687,50,,,0,79,,688,50,,,0,79,,689,50,,,0,39,,690,50,,,0,79,,692,50,,,0,79,,693,50,,,0,40,,694,50,,,0,87,,695,50,,,0,85,,696,50,,,0,86,,697,50,,,0,47,,698,50,,,0,86,,699,50,,,0,83,,700,50,,,0,88,,681,50,,,0,43,,702,50,,,0,159,,708,50,0,8 6,0
3300,'Samedi-01',601,,769,50,,,0,41,,767,50,,,0,81,,778,50,,,0,82,,788,50,,,0,42,,790,50,,,0,84,,791,50,,,0,81,,792,50,,,0,42,,793,50,,,0,82,,794,50,,,0,82,,770,50,,,0,82,,771,50,,,0,42,,772,50,,,0,82,,773,50,,,0,82,,774,50,,,0,42,,775,50,,,0,82,,776,50,,,0,82,,777,50,,,0,45,,779,50,,,0,79,,780,50,,,0,82,,781,50,,,0,82,,782,50,,,0,39,,783,50,,,0,82,,784,50,,,0,81,,785,50,,,0,42,,786,50,,,0,83,,787,50,,,0,86,,789,50,,,0,46,,768,50,,,0,153,,795,50,0,8 6,0
3300,'Semaine-01',608,,796,50,,,0,40,,824,50,,,0,80,,805,50,,,0,80,,815,50,,,0,40,,818,50,,,0,80,,819,50,,,0,80,,820,50,,,0,41,,821,50,,,0,81,,822,50,,,0,83,,797,50,,,0,43,,798,50,,,0,83,,799,50,,,0,82,,800,50,,,0,82,,801,50,,,0,45,,802,50,,,0,85,,803,50,,,0,85,,804,50,,,0,85,,806,50,,,0,45,,807,50,,,0,83,,808,50,,,0,82,,809,50,,,0,40,,810,50,,,0,80,,811,50,,,0,80,,812,50,,,0,40,,813,50,,,0,80,,814,50,,,0,80,,816,50,,,0,40,,817,50,,,0
9001,'Semaine-01',1840,,828,90,,,0
