100,'Dimanche-01',656,,12,740,4,,0,200,,1,740,4,,0,169,,2,740,4,,0,131,,3,740,4,,0,165,,4,740,4,,0,123,,5,740,4,,0,158,,6,740,4,,0,120,,7,740,4,,0,122,,8,740,4,,0,175,,9,740,4,,0,115,,10,740,4,,0,115,,11,740,4,,0
100,'Fête-1-01',656,,24,740,4,,0,200,,13,740,4,,0,169,,14,740,4,,0,131,,15,740,4,,0,165,,16,740,4,,0,123,,17,740,4,,0,158,,18,740,4,,0,120,,19,740,4,,0,122,,20,740,4,,0,175,,21,740,4,,0,115,,22,740,4,,0,115,,23,740,4,,0
100,'Fête-2-02',545,,25,740,4,,0,105,,26,740,4,,0,68,,27,740,4,,0,83,,28,740,4,,0,117,,29,740,4,,0,102,,32,740,4,,0,95,,41,740,4,,0,100,,33,740,4,,0,102,,42,740,4,,0,40,,34,740,4,,0,100,,35,740,4,,0,100,,39,740,4,,0,150,,36,740,4,,0,35,,37,740,4,,0,103,,30,740,4,,0,92,,31,740,4,,0,171,,40,740,4,,0,143,,38,740,4,,0
100,'Samedi-01',656,,54,740,4,,0,200,,43,740,4,,0,169,,44,740,4,,0,131,,45,740,4,,0,165,,46,740,4,,0,123,,47,740,4,,0,158,,48,740,4,,0,120,,49,740,4,,0,122,,50,740,4,,0,175,,51,740,4,,0,115,,52,740,4,,0,115,,53,740,4,,0
100,'Semaine-01',545,,55,740,4,,0,105,,56,740,4,,0,68,,57,740,4,,0,83,,58,740,4,,0,116,,59,740,4,,0,103,,62,740,4,,0,92,,71,740,4,,0,103,,63,740,4,,0,104,,72,740,4,,0,38,,64,740,4,,0,101,,65,740,4,,0,100,,69,740,4,,0,150,,66,740,4,,0,34,,67,740,4,,0,103,,60,740,4,,0,92,,61,740,4,,0,171,,70,740,4,,0,143,,68,740,4,,0
2100,'Fête-2-02',602,,234,380,4,,0,30,,235,380,4,,0,73,,236,380,4,,0,37,,237,380,4,,0,70,,238,380,4,,0,36,,239,380,4,,0
2100,'Semaine-01',602,,240,380,4,,0,30,,241,380,4,,0,73,,242,380,4,,0,37,,243,380,4,,0,70,,244,380,4,,0,36,,245,380,4,,0
2300,'Fête-2-02',603,,287,420,4,,0,26,,288,420,4,,0,17,,289,420,4,,0,75,,290,420,4,,0,26,,291,420,4,,0,61,,292,420,4,,0,21,,293,420,4,,0,20,,294,420,4,,0
2300,'Semaine-01',603,,295,420,4,,0,26,,296,420,4,,0,17,,297,420,4,,0,75,,298,420,4,,0,26,,299,420,4,,0,61,,300,420,4,,0,21,,301,420,4,,0,20,,302,420,4,,0
2500,'Fête-2-02',620,,340,400,4,,0,34,,337,420,4,,0,61,,341,400,4,,0,29,,338,420,4,,0,66,,342,400,4,,0,29,,339,420,4,,0
2500,'Semaine-01',620,,346,400,4,,0,34,,343,420,4,,0,61,,347,400,4,,0,29,,344,420,4,,0,66,,348,400,4,,0,29,,345,420,4,,0
2600,'Fête-2-02',517,,361,370,4,,0,16,,362,380,4,,0
2600,'Semaine-01',517,,363,370,4,,0,16,,364,380,4,,0
3100,'Dimanche-01',737,,492,460,4,,0,219,,493,460,4,,0,278,,491,460,4,,0,123,,484,460,4,,0,160,,485,460,4,,0,118,,486,460,4,,0,118,,487,460,4,,0,159,,488,460,4,,0,127,,489,460,4,,0,261,,483,460,4,,0,213,,490,460,4,,0
3100,'Fête-1-01',626,,495,460,4,,0,83,,506,460,4,,0,205,,507,460,4,,0,125,,504,460,4,,0,164,,494,460,4,,0,124,,505,460,4,,0,124,,496,460,4,,0,164,,497,460,4,,0,124,,498,460,4,,0,164,,499,460,4,,0,124,,500,460,4,,0,27,,501,460,4,,0,256,,502,460,4,,0,213,,503,460,4,,0
3100,'Fête-2-02',640,,532,460,4,,0,80,,508,460,4,,0,82,,518,460,4,,0,40,,533,460,4,,0,80,,527,460,4,,0,80,,528,460,4,,0,37,,529,460,4,,0,79,,535,460,4,,0,84,,530,460,4,,0,43,,531,460,4,,0,83,,509,460,4,,0,83,,510,460,4,,0,42,,511,460,4,,0,84,,512,460,4,,0,84,,513,460,4,,0,85,,514,460,4,,0,46,,515,460,4,,0,83,,516,460,4,,0,84,,517,460,4,,0,82,,519,460,4,,0,42,,520,460,4,,0,79,,521,460,4,,0,80,,522,460,4,,0,37,,523,460,4,,0,80,,524,460,4,,0,40,,525,460,4,,0,80,,526,460,4,,0
3100,'Samedi-01',626,,537,460,4,,0,83,,548,460,4,,0,205,,549,460,4,,0,125,,546,460,4,,0,164,,536,460,4,,0,124,,547,460,4,,0,124,,538,460,4,,0,164,,539,460,4,,0,124,,540,460,4,,0,164,,541,460,4,,0,124,,542,460,4,,0,27,,543,460,4,,0,256,,544,460,4,,0,213,,545,460,4,,0
3100,'Semaine-01',640,,574,460,4,,0,80,,550,460,4,,0,82,,560,460,4,,0,40,,575,460,4,,0,80,,569,460,4,,0,80,,570,460,4,,0,37,,571,460,4,,0,79,,577,460,4,,0,84,,572,460,4,,0,43,,573,460,4,,0,83,,551,460,4,,0,83,,552,460,4,,0,42,,553,460,4,,0,84,,554,460,4,,0,84,,555,460,4,,0,85,,556,460,4,,0,46,,557,460,4,,0,83,,558,460,4,,0,84,,559,460,4,,0,82,,561,460,4,,0,42,,562,460,4,,0,79,,563,460,4,,0,80,,564,460,4,,0,37,,565,460,4,,0,80,,566,460,4,,0,40,,567,460,4,,0,80,,568,460,4,,0
3200,'Dimanche-01',632,,578,470,4,,0,214,,583,470,4,,0,263,,586,470,4,,0,192,,587,470,4,,0,119,,579,470,4,,0,122,,589,470,4,,0,160,,580,470,4,,0,119,,582,470,4,,0,118,,581,470,4,,0,213,,584,470,4,,0,256,,585,470,4,,0
3200,'Fête-1-01',603,,590,350,4,,0,141,,596,470,4,,0,77,,591,470,4,,0,120,,599,470,4,,0,163,,600,470,4,,0,124,,601,470,4,,0,124,,592,470,4,,0,164,,603,470,4,,0,124,,593,470,4,,0,168,,594,470,4,,0,120,,595,470,4,,0,274,,597,470,4,,0,216,,598,470,4,,0
3200,'Fête-2-02',704,,629,470,4,,0,41,,604,470,4,,0,80,,632,470,4,,0,80,,615,470,4,,0,40,,623,470,4,,0,77,,624,470,4,,0,81,,625,470,4,,0,41,,626,470,4,,0,83,,627,470,4,,0,83,,628,470,4,,0,43,,605,470,4,,0,82,,606,470,4,,0,83,,607,470,4,,0,86,,631,470,4,,0,18,,608,120,4,,0,27,,609,470,4,,0,59,,633,120,4,,0,24,,610,470,4,,0,20,,634,120,4,,0,65,,611,470,4,,0,84,,612,470,4,,0,41,,613,470,4,,0,83,,614,470,4,,0,80,,616,470,4,,0,40,,617,470,4,,0,80,,618,470,4,,0,80,,619,470,4,,0,40,,620,470,4,,0,80,,621,470,4,,0,80,,622,470,4,,0
3200,'Samedi-01',603,,635,350,4,,0,141,,641,470,4,,0,77,,636,470,4,,0,120,,644,470,4,,0,163,,645,470,4,,0,124,,646,470,4,,0,124,,637,470,4,,0,164,,648,470,4,,0,124,,638,470,4,,0,168,,639,470,4,,0,120,,640,470,4,,0,274,,642,470,4,,0,216,,643,470,4,,0
3200,'Semaine-01',704,,674,470,4,,0,41,,649,470,4,,0,80,,677,470,4,,0,80,,660,470,4,,0,40,,668,470,4,,0,77,,669,470,4,,0,81,,670,470,4,,0,41,,671,470,4,,0,83,,672,470,4,,0,83,,673,470,4,,0,43,,650,470,4,,0,82,,651,470,4,,0,83,,652,470,4,,0,86,,676,470,4,,0,18,,653,120,4,,0,27,,654,470,4,,0,59,,678,120,4,,0,24,,655,470,4,,0,20,,679,120,4,,0,65,,656,470,4,,0,84,,657,470,4,,0,41,,658,470,4,,0,83,,659,470,4,,0,80,,661,470,4,,0,40,,662,470,4,,0,80,,663,470,4,,0,80,,664,470,4,,0,40,,665,470,4,,0,80,,666,470,4,,0,80,,667,470,4,,0
9800,'Fête-2-02',705,,842,260,4,,0,102,,830,360,4,,0,104,,834,360,4,,0,105,,835,360,4,,0,506,,836,360,4,,0,105,,837,360,4,,0,105,,838,360,4,,0,105,,839,360,4,,0,101,,840,360,4,,0,97,,841,360,4,,0,95,,831,360,4,,0,90,,832,360,4,,0
9800,'Semaine-01',705,,855,260,4,,0,102,,843,360,4,,0,104,,847,360,4,,0,105,,848,360,4,,0,506,,849,360,4,,0,105,,850,360,4,,0,105,,851,360,4,,0,105,,852,360,4,,0,101,,853,360,4,,0,97,,854,360,4,,0,95,,844,360,4,,0,90,,845,360,4,,0
11100,'Dimanche-01',842,,857,490,4,,0,187,,856,490,4,,0,291,,858,490,4,,0,290,,859,490,4,,0,305,,860,490,4,,0
11100,'Fête-1-01',842,,865,490,4,,0,187,,864,490,4,,0,291,,866,490,4,,0,290,,867,490,4,,0,305,,868,490,4,,0
11100,'Fête-2-02',601,,876,490,4,,0,30,,874,490,4,,0,70,,877,490,4,,0,30,,875,490,4,,0,70,,881,490,4,,0,30,,882,490,4,,0,69,,873,490,4,,0,100,,883,490,4,,0,329,,872,490,4,,0,400,,878,490,4,,0,30,,880,490,4,,0,70,,879,490,4,,0,130,,884,490,4,,0
11100,'Samedi-01',842,,887,490,4,,0,187,,886,490,4,,0,291,,888,490,4,,0,290,,889,490,4,,0,305,,890,490,4,,0
11100,'Semaine-01',608,,896,490,4,,0,96,,897,490,4,,0,111,,898,490,4,,0,95,,899,490,4,,0,114,,912,490,4,,0,35,,894,490,4,,0,265,,895,490,4,,0,380,,906,490,4,,0,99,,908,490,4,,0,354,,910,420,4,,0
