'SO-A24-SOGTFS-Fête-2-02',2800,54400,4,'',0,6300,4,'',0,2000,4,'',0,3200,4,'',0,6000,4,'',0,2000,4,'',0,6300,4,'',0,2600,4,'',0,2000,4,'',0,6000,4,'',0
'SO-A24-SOGTFS-Fête-2-02',2801,133000,0,'Châteauguay',0,18000,0,'Châteauguay',0,3000,0,'Châteauguay',0,6000,0,'Beauharnois',0,2000,0,'Châteauguay',0,2000,0,'Châteauguay',0,6000,0,'Châteauguay',0,1000,0,'Châteauguay',0,2000,0,'Châteauguay',0,2000,0,'Châteauguay',0,6500,0,'Châteauguay',0
'SO-A24-SOGTFS-Semaine-01',2800,54400,4,'',0,6300,4,'',0,2000,4,'',0,1400,4,'',0,1800,4,'',0,5000,4,'',0,1000,4,'',0,1000,4,'',0,1000,4,'',0,1200,4,'',0,5100,4,'',0,1600,4,'',0,1000,4,'',0,800,4,'',0,1200,4,'',0,6000,4,'',0
'SO-A24-SOGTFS-Semaine-01',2801,133000,0,'Châteauguay',0,18000,0,'Châteauguay',0,2000,0,'Châteauguay',0,1000,0,'Châteauguay',0,1000,0,'Châteauguay',0,5000,0,'Beauharnois',0,1000,0,'Châteauguay',0,1000,0,'Châteauguay',0,1000,0,'Châteauguay',0,1000,0,'Châteauguay',0,1000,,'',0,5000,0,'Châteauguay',0,1000,0,'Châteauguay',0,1000,0,'Beauharnois',0,1000,0,'Châteauguay',0,1000,0,'Châteauguay',0,1000,0,'Châteauguay',0,5000,0,'Châteauguay',0,1500,0,'Châteauguay',0
'SO-A24-SOGTFS-Semaine-02',2800,54400,4,'',0,6300,4,'',0,2000,4,'',0,1400,4,'',0,1800,4,'',0,5000,4,'',0,1000,4,'',0,1000,4,'',0,1000,4,'',0,1200,4,'',0,5100,4,'',0,1600,4,'',0,1000,4,'',0,800,4,'',0,1200,4,'',0,6000,4,'',0
'SO-A24-SOGTFS-Semaine-02',2801,133000,0,'Châteauguay',0,18000,0,'Châteauguay',0,2000,0,'Châteauguay',0,1000,0,'Châteauguay',0,1000,0,'Châteauguay',0,5000,0,'Beauharnois',0,1000,0,'Châteauguay',0,1000,0,'Châteauguay',0,1000,0,'Châteauguay',0,1000,0,'Châteauguay',0,1000,,'',0,5000,0,'Châteauguay',0,1000,0,'Châteauguay',0,1000,0,'Beauharnois',0,1000,0,'Châteauguay',0,1500,0,'Châteauguay',0,500,0,'Châteauguay',0,5000,0,'Châteauguay',0,1500,0,'Châteauguay',0
'SO-A24-SOGTFS-Fête-2-02',11100,65200,4,'',0,7800,4,'',0,1500,4,'',0,5500,4,'',0,3000,4,'',0,7000,4,'',0,55200,4,'',0,26200,4,'',0
'SO-A24-SOGTFS-Fête-2-02',11101,65500,,'',0,9500,,'',0,75000,,'',0,5000,,'',0,8000,,'',0,2500,,'',0,6500,,'',0,2500,,'',0,9500,,'',0
'SO-A24-SOGTFS-Semaine-02',11100,60900,4,'',0,3800,4,'',0,7500,4,'',0,2000,4,'',0,8000,4,'',0,1500,4,'',0,89700,4,'',0,10500,4,'',0
'SO-A24-SOGTFS-Semaine-02',11101,62500,,'',0,88000,,'',0,10000,,'',0,3000,,'',0,7000,,'',0,2000,,'',0,1500,,'',0,10500,,'',0
