100,'Dimanche-01',610,,12,280,,,0,200,,1,280,,,0,125,,2,280,,,0,170,,3,280,,,0,125,,4,280,,,0,124,,5,280,,,0,160,,6,280,,,0,120,,7,280,,,0,124,,8,280,,,0,175,,9,280,,,0,115,,10,280,,,0,155,,11,280,,,0
100,'Fête-1-01',610,,2637,280,,,0,200,,2626,280,,,0,125,,2627,280,,,0,170,,2628,280,,,0,125,,2629,280,,,0,124,,2630,280,,,0,160,,2631,280,,,0,120,,2632,280,,,0,124,,2633,280,,,0,175,,2634,280,,,0,115,,2635,280,,,0,155,,2636,280,,,0
100,'Samedi-01',610,,54,280,,,0,200,,43,280,,,0,125,,44,280,,,0,170,,45,280,,,0,125,,46,280,,,0,124,,47,280,,,0,160,,48,280,,,0,120,,49,280,,,0,124,,50,280,,,0,175,,51,280,,,0,115,,52,280,,,0,155,,53,280,,,0
100,'Semaine-01',454,,55,280,,,0,103,,56,280,,,0,65,,57,280,,,0,81,,58,280,,,0,119,,59,280,,,0,105,,62,280,,,0,94,,71,280,,,0,101,,63,280,,,0,100,,72,280,,,0,78,,64,280,,,0,102,,65,280,,,0,100,,69,280,,,0,110,,66,280,,,0,35,,67,280,,,0,108,,60,280,,,0,95,,61,280,,,0,173,,70,280,,,0,185,,68,280,,,0
100,'Semaine-02',452,,2638,280,,,0,100,,2639,280,,,0,70,,2640,280,,,0,81,,2641,280,,,0,129,,2642,280,,,0,99,,2645,280,,,0,70,,2654,280,,,0,100,,2646,280,,,0,106,,2655,280,,,0,95,,2647,280,,,0,100,,2648,280,,,0,100,,2652,280,,,0,110,,2649,280,,,0,89,,2650,280,,,0,114,,2643,280,,,0,90,,2644,280,,,0,103,,2653,280,,,0,197,,2651,280,,,0
100,'Semaine-03',454,,2656,280,,,0,103,,2657,280,,,0,65,,2658,280,,,0,81,,2659,280,,,0,119,,2660,280,,,0,105,,2663,280,,,0,94,,2672,280,,,0,101,,2664,280,,,0,100,,2673,280,,,0,78,,2665,280,,,0,102,,2666,280,,,0,100,,2670,280,,,0,110,,2667,280,,,0,35,,2668,280,,,0,108,,2661,280,,,0,95,,2662,280,,,0,173,,2671,280,,,0,185,,2669,280,,,0
2000,'Dimanche-01',720,,146,570,,,0,124,,147,570,,,0,166,,148,570,,,0,125,,149,570,,,0,165,,150,570,,,0,124,,151,570,,,0,125,,152,570,,,0,165,,153,570,,,0
2000,'Fête-1-01',720,,2722,570,,,0,124,,2723,570,,,0,166,,2724,570,,,0,125,,2725,570,,,0,165,,2726,570,,,0,124,,2727,570,,,0,125,,2728,570,,,0,165,,2729,570,,,0
2000,'Samedi-01',720,,171,570,,,0,124,,172,570,,,0,166,,173,570,,,0,125,,174,570,,,0,165,,175,570,,,0,124,,176,570,,,0,125,,177,570,,,0,165,,178,570,,,0
2000,'Semaine-01',704,,179,560,,,0,125,,180,560,,,0,125,,181,560,,,0,166,,182,560,,,0,126,,183,560,,,0,165,,184,560,,,0,126,,185,560,,,0,166,,186,560,,,0,126,,187,560,,,0
2000,'Semaine-01-0001100',1954,,189,560,,,0,164,,188,560,,,0
2000,'Semaine-02',704,,2730,560,,,0,125,,2731,560,,,0,125,,2732,560,,,0,166,,2733,560,,,0,126,,2734,560,,,0,165,,2735,560,,,0,126,,2736,560,,,0,166,,2737,560,,,0,126,,2738,560,,,0
2000,'Semaine-02-0001100',1954,,2740,560,,,0,164,,2739,560,,,0
2000,'Semaine-03',704,,2741,560,,,0,125,,2742,560,,,0,125,,2743,560,,,0,166,,2744,560,,,0,126,,2745,560,,,0,165,,2746,560,,,0,126,,2747,560,,,0,166,,2748,560,,,0,126,,2749,560,,,0
2000,'Semaine-03-0001100',1954,,2751,560,,,0,164,,2750,560,,,0
2800,'Semaine-01',530,,414,110,,,0,85,,413,150,,,0,20,,415,110,,,0
2800,'Semaine-02',530,,2954,110,,,0,85,,2953,150,,,0,15,,2955,110,,,0
2800,'Semaine-03',530,,2966,110,,,0,85,,2965,150,,,0,20,,2967,110,,,0
2000001901,'Dimanche-01',740,,1246,10,0,19,0,170,,1247,10,0,19,0,131,,1248,10,0,19,0,171,,1249,10,0,19,0,130,,1250,10,0,19,0,170,,1251,10,0,19,0,130,,1252,10,0,19,0,170,,1253,10,0,19,0,129,,1254,10,0,19,0,170,,1255,10,0,19,0,130,,1256,10,0,19,0,170,,1257,10,0,19,0
2000001901,'Fête-1-01',740,,3562,10,0,19,0,170,,3563,10,0,19,0,131,,3564,10,0,19,0,171,,3565,10,0,19,0,130,,3566,10,0,19,0,170,,3567,10,0,19,0,130,,3568,10,0,19,0,170,,3569,10,0,19,0,129,,3570,10,0,19,0,170,,3571,10,0,19,0,130,,3572,10,0,19,0,170,,3573,10,0,19,0
2000001901,'Samedi-01',740,,1288,10,0,19,0,170,,1289,10,0,19,0,131,,1290,10,0,19,0,171,,1291,10,0,19,0,130,,1292,10,0,19,0,170,,1293,10,0,19,0,130,,1294,10,0,19,0,170,,1295,10,0,19,0,129,,1296,10,0,19,0,170,,1297,10,0,19,0,130,,1298,10,0,19,0,170,,1299,10,0,19,0
2000001901,'Semaine-01',656,,1300,10,0,19,0,100,,1301,10,0,19,0,70,,1302,10,0,19,0,101,,1303,10,0,19,0,100,,1304,10,0,19,0,95,,1305,10,0,19,0,100,,1306,10,0,19,0,100,,1307,10,0,19,0,100,,1308,10,0,19,0,100,,1309,10,0,19,0,103,,1310,10,0,19,0,101,,1311,10,0,19,0,100,,1312,10,0,19,0,30,,1313,10,0,19,0,96,,1314,10,0,19,0,99,,1315,10,0,19,0,160,,1316,10,0,19,0,139,,1317,10,0,19,0
2000001901,'Semaine-02',656,,3574,10,0,19,0,100,,3575,10,0,19,0,70,,3576,10,0,19,0,101,,3577,10,0,19,0,100,,3578,10,0,19,0,95,,3579,10,0,19,0,100,,3580,10,0,19,0,100,,3581,10,0,19,0,100,,3582,10,0,19,0,100,,3583,10,0,19,0,103,,3584,10,0,19,0,101,,3585,10,0,19,0,100,,3586,10,0,19,0,30,,3587,10,0,19,0,96,,3588,10,0,19,0,99,,3589,10,0,19,0,160,,3590,10,0,19,0,139,,3591,10,0,19,0
2000001901,'Semaine-03',656,,3592,10,0,19,0,100,,3593,10,0,19,0,70,,3594,10,0,19,0,101,,3595,10,0,19,0,100,,3596,10,0,19,0,95,,3597,10,0,19,0,100,,3598,10,0,19,0,100,,3599,10,0,19,0,100,,3600,10,0,19,0,100,,3601,10,0,19,0,103,,3602,10,0,19,0,101,,3603,10,0,19,0,100,,3604,10,0,19,0,30,,3605,10,0,19,0,96,,3606,10,0,19,0,99,,3607,10,0,19,0,160,,3608,10,0,19,0,139,,3609,10,0,19,0
