100,'Dimanche-01',558,,12,70,,,0,200,,1,70,,,0,165,,2,70,,,0,130,,3,70,,,0,165,,4,70,,,0,124,,5,70,,,0,160,,6,70,,,0,120,,7,70,,,0,124,,8,70,,,0,175,,9,70,,,0,115,,10,70,,,0,115,,11,70,,,0
100,'Fête-1-01',558,,2637,70,,,0,200,,2626,70,,,0,165,,2627,70,,,0,130,,2628,70,,,0,165,,2629,70,,,0,124,,2630,70,,,0,160,,2631,70,,,0,120,,2632,70,,,0,124,,2633,70,,,0,175,,2634,70,,,0,115,,2635,70,,,0,115,,2636,70,,,0
100,'Samedi-01',558,,54,70,,,0,200,,43,70,,,0,165,,44,70,,,0,130,,45,70,,,0,165,,46,70,,,0,124,,47,70,,,0,160,,48,70,,,0,120,,49,70,,,0,124,,50,70,,,0,175,,51,70,,,0,115,,52,70,,,0,115,,53,70,,,0
100,'Semaine-01',440,,55,70,,,0,103,,56,70,,,0,65,,57,70,,,0,41,,58,70,,,0,160,,59,70,,,0,106,,62,70,,,0,94,,71,70,,,0,101,,63,70,,,0,99,,72,70,,,0,38,,64,70,,,0,102,,65,70,,,0,100,,69,70,,,0,110,,66,70,,,0,75,,67,70,,,0,109,,60,70,,,0,95,,61,70,,,0,174,,70,70,,,0,145,,68,70,,,0
100,'Semaine-02',438,,2638,70,,,0,100,,2639,70,,,0,70,,2640,70,,,0,41,,2641,70,,,0,170,,2642,70,,,0,100,,2645,70,,,0,30,,2654,70,,,0,100,,2646,70,,,0,105,,2655,70,,,0,95,,2647,70,,,0,100,,2648,70,,,0,100,,2652,70,,,0,110,,2649,70,,,0,90,,2650,70,,,0,154,,2643,70,,,0,50,,2644,70,,,0,104,,2653,70,,,0,197,,2651,70,,,0
100,'Semaine-03',440,,2656,70,,,0,103,,2657,70,,,0,65,,2658,70,,,0,41,,2659,70,,,0,160,,2660,70,,,0,106,,2663,70,,,0,94,,2672,70,,,0,101,,2664,70,,,0,99,,2673,70,,,0,38,,2665,70,,,0,102,,2666,70,,,0,100,,2670,70,,,0,110,,2667,70,,,0,75,,2668,70,,,0,109,,2661,70,,,0,95,,2662,70,,,0,174,,2671,70,,,0,145,,2669,70,,,0
2000,'Dimanche-01',649,,146,30,,,0,164,,147,30,,,0,125,,148,30,,,0,165,,149,30,,,0,125,,150,30,,,0,125,,151,30,,,0,165,,152,30,,,0,125,,153,30,,,0
2000,'Fête-1-01',649,,2722,30,,,0,164,,2723,30,,,0,125,,2724,30,,,0,165,,2725,30,,,0,125,,2726,30,,,0,125,,2727,30,,,0,165,,2728,30,,,0,125,,2729,30,,,0
2000,'Samedi-01',649,,171,30,,,0,164,,172,30,,,0,125,,173,30,,,0,165,,174,30,,,0,125,,175,30,,,0,125,,176,30,,,0,165,,177,30,,,0,125,,178,30,,,0
2000,'Semaine-01',631,,179,30,,,0,125,,180,30,,,0,165,,181,30,,,0,126,,182,30,,,0,166,,183,30,,,0,125,,184,30,,,0,166,,185,30,,,0,126,,186,30,,,0,126,,187,30,,,0
2000,'Semaine-01-0001100',1922,,189,30,,,0,124,,188,30,,,0
2000,'Semaine-02',631,,2730,30,,,0,125,,2731,30,,,0,165,,2732,30,,,0,126,,2733,30,,,0,166,,2734,30,,,0,125,,2735,30,,,0,166,,2736,30,,,0,126,,2737,30,,,0,126,,2738,30,,,0
2000,'Semaine-02-0001100',1922,,2740,30,,,0,124,,2739,30,,,0
2000,'Semaine-03',631,,2741,30,,,0,125,,2742,30,,,0,165,,2743,30,,,0,126,,2744,30,,,0,166,,2745,30,,,0,125,,2746,30,,,0,166,,2747,30,,,0,126,,2748,30,,,0,126,,2749,30,,,0
2000,'Semaine-03-0001100',1922,,2751,30,,,0,124,,2750,30,,,0
