101,'Dimanche-01',736,,73,190,,,0,205,,74,190,,,0,170,,75,190,,,0,133,,76,190,,,0,167,,77,190,,,0,120,,78,190,,,0,120,,79,190,,,0,160,,80,190,,,0,118,,81,190,,,0,174,,82,190,,,0,114,,83,190,,,0,114,,84,190,,,0
101,'Samedi-01',736,,115,190,,,0,205,,116,190,,,0,170,,117,190,,,0,133,,118,190,,,0,167,,119,190,,,0,120,,120,190,,,0,120,,121,190,,,0,160,,122,190,,,0,118,,123,190,,,0,174,,124,190,,,0,114,,125,190,,,0,114,,126,190,,,0
101,'Semaine-01',635,,127,190,,,0,6,,145,60,,,0,94,,136,190,,,0,70,,138,190,,,0,50,,139,190,,,0,151,,140,190,,,0,105,,141,190,,,0,95,,143,190,,,0,102,,142,190,,,0,106,,144,190,,,0,41,,128,190,,,0,102,,129,190,,,0,96,,130,190,,,0,149,,131,190,,,0,34,,132,190,,,0,103,,133,190,,,0,84,,134,190,,,0,134,,135,190,,,0,175,,137,190,,,0
2100,'Semaine-01',526,,240,40,,,0,30,,241,40,,,0,70,,242,40,,,0,75,,243,40,,,0,30,,244,40,,,0,75,,245,40,,,0
2101,'Semaine-01',1624,,254,190,,,0,23,,255,190,,,0,66,,256,190,,,0,24,,257,190,,,0,65,,258,190,,,0,28,,259,190,,,0
2801,'Semaine-01',1359,,445,130,0,6,0,188,,451,130,0,6,0,62,,454,130,0,6,0,10,,458,130,0,6,0,12,,455,130,0,6,0,15,,443,130,0,7,0,5,,456,130,0,6,0,50,,457,130,0,6,0,10,,446,130,0,6,0,9,,447,130,0,6,0,10,,442,130,,,0,10,,448,130,0,6,0,8,,449,130,0,6,0,10,,444,130,0,7,0,54,,450,130,0,6,0,11,,452,130,0,6,0,25,,453,130,0,6,0
3300,'Dimanche-01',542,,682,60,,,0,82,,680,60,,,0,90,,691,60,,,0,41,,701,60,,,0,83,,703,60,,,0,93,,704,60,,,0,80,,705,60,,,0,40,,706,60,,,0,80,,707,60,,,0,80,,683,60,,,0,40,,684,60,,,0,79,,685,60,,,0,80,,686,60,,,0,40,,687,60,,,0,79,,688,60,,,0,79,,689,60,,,0,39,,690,60,,,0,79,,692,60,,,0,79,,693,60,,,0,40,,694,60,,,0,87,,695,60,,,0,85,,696,60,,,0,86,,697,60,,,0,47,,698,60,,,0,86,,699,60,,,0,83,,700,60,,,0,88,,681,60,,,0,43,,702,60,,,0,159,,708,60,0,8 6,0
3300,'Samedi-01',602,,769,60,,,0,41,,767,60,,,0,81,,778,60,,,0,82,,788,60,,,0,42,,790,60,,,0,84,,791,60,,,0,81,,792,60,,,0,42,,793,60,,,0,82,,794,60,,,0,82,,770,60,,,0,82,,771,60,,,0,42,,772,60,,,0,82,,773,60,,,0,82,,774,60,,,0,42,,775,60,,,0,82,,776,60,,,0,82,,777,60,,,0,45,,779,60,,,0,79,,780,60,,,0,82,,781,60,,,0,82,,782,60,,,0,39,,783,60,,,0,82,,784,60,,,0,81,,785,60,,,0,42,,786,60,,,0,83,,787,60,,,0,86,,789,60,,,0,86,,768,60,,,0,113,,795,60,0,8 6,0
3300,'Semaine-01',609,,796,60,,,0,40,,824,60,,,0,80,,805,60,,,0,80,,815,60,,,0,40,,818,60,,,0,80,,819,60,,,0,80,,820,60,,,0,41,,821,60,,,0,81,,822,60,,,0,83,,797,60,,,0,43,,798,60,,,0,83,,799,60,,,0,82,,800,60,,,0,82,,801,60,,,0,45,,802,60,,,0,85,,803,60,,,0,85,,804,60,,,0,85,,806,60,,,0,45,,807,60,,,0,83,,808,60,,,0,82,,809,60,,,0,40,,810,60,,,0,80,,811,60,,,0,80,,812,60,,,0,40,,813,60,,,0,80,,814,60,,,0,80,,816,60,,,0,40,,817,60,,,0,96,,823,10,0,8 6,0
9001,'Semaine-01',1841,,828,100,,,0
