101,'Dimanche-01',721,,73,100,,,0,205,,74,100,,,0,130,,75,100,,,0,171,,76,100,,,0,125,,77,100,,,0,160,,78,100,,,0,120,,79,100,,,0,120,,80,100,,,0,159,,81,100,,,0,135,,82,100,,,0,155,,83,100,,,0,115,,84,100,,,0
101,'Samedi-01',721,,115,100,,,0,205,,116,100,,,0,130,,117,100,,,0,171,,118,100,,,0,125,,119,100,,,0,160,,120,100,,,0,120,,121,100,,,0,120,,122,100,,,0,159,,123,100,,,0,135,,124,100,,,0,155,,125,100,,,0,115,,126,100,,,0
101,'Semaine-01',617,,127,100,,,0,100,,136,100,,,0,30,,138,100,,,0,90,,139,100,,,0,111,,140,100,,,0,105,,141,100,,,0,95,,143,100,,,0,100,,142,100,,,0,106,,144,100,,,0,80,,128,100,,,0,100,,129,100,,,0,100,,130,100,,,0,109,,131,100,,,0,75,,132,100,,,0,104,,133,100,,,0,84,,134,100,,,0,135,,135,100,,,0,175,,137,100,,,0
2101,'Semaine-01',649,,260,100,0,5 6,0,79,,261,100,0,5 6,0,81,,262,100,0,5 6,0,796,,254,100,,,0,23,,255,100,,,0,26,,256,100,,,0,65,,257,100,,,0,25,,258,100,,,0,68,,259,100,,,0
2301,'Semaine-01',1538,,310,100,,,0,65,,311,100,,,0,30,,312,100,,,0,70,,313,100,,,0,30,,314,100,,,0,69,,315,100,,,0,30,,316,100,,,0
2501,'Semaine-01',1543,,355,100,,,0,80,,356,100,,,0,34,,357,100,,,0,80,,358,100,,,0,80,,359,100,,,0,29,,360,100,,,0
3100,'Dimanche-01',655,,492,100,,,0,256,,493,100,,,0,238,,491,100,,,0,163,,484,100,,,0,120,,485,100,,,0,118,,486,100,,,0,158,,487,100,,,0,119,,488,100,,,0,127,,489,100,,,0,261,,483,100,,,0,215,,490,100,,,0
3100,'Samedi-01',544,,537,100,,,0,83,,548,100,,,0,202,,549,100,,,0,125,,546,100,,,0,164,,536,100,,,0,124,,547,100,,,0,164,,538,100,,,0,124,,539,100,,,0,124,,540,100,,,0,164,,541,100,,,0,124,,542,100,,,0,67,,543,100,,,0,216,,544,100,,,0,215,,545,100,,,0
3100,'Semaine-01',550,,574,100,,,0,80,,550,100,,,0,80,,560,100,,,0,40,,575,100,,,0,80,,569,100,,,0,80,,570,100,,,0,40,,571,100,,,0,81,,577,100,,,0,81,,572,100,,,0,43,,573,100,,,0,83,,551,100,,,0,83,,552,100,,,0,82,,553,100,,,0,42,,554,100,,,0,84,,555,100,,,0,85,,556,100,,,0,45,,557,100,,,0,86,,558,100,,,0,85,,559,100,,,0,84,,561,100,,,0,42,,562,100,,,0,80,,563,100,,,0,80,,564,100,,,0,40,,565,100,,,0,80,,566,100,,,0,80,,567,100,,,0,40,,568,100,,,0,161,,576,100,0,5 6,0
3200,'Dimanche-01',545,,578,100,,,0,214,,583,100,,,0,263,,586,100,,,0,192,,587,100,,,0,119,,579,100,,,0,122,,589,100,,,0,160,,580,100,,,0,119,,582,100,,,0,118,,581,100,,,0,255,,584,100,,,0,216,,585,100,,,0,213,,588,100,0,6,0
3200,'Samedi-01',657,,641,100,,,0,77,,636,100,,,0,120,,644,100,,,0,163,,645,100,,,0,124,,646,100,,,0,164,,637,100,,,0,124,,648,100,,,0,124,,638,100,,,0,168,,639,100,,,0,120,,640,100,,,0,276,,642,100,,,0,216,,643,100,,,0,210,,647,100,0,6,0
3200,'Semaine-01',614,,674,100,,,0,39,,649,100,,,0,79,,677,100,,,0,79,,660,100,,,0,40,,668,100,,,0,82,,669,100,,,0,81,,670,100,,,0,41,,671,100,,,0,83,,672,100,,,0,83,,673,100,,,0,83,,650,100,,,0,42,,651,100,,,0,81,,652,100,,,0,84,,676,100,,,0,45,,654,100,,,0,85,,655,100,,,0,86,,656,100,,,0,86,,657,100,,,0,42,,658,100,,,0,84,,659,100,,,0,81,,661,100,,,0,80,,662,100,,,0,40,,663,100,,,0,80,,664,100,,,0,80,,665,100,,,0,42,,666,100,,,0,80,,667,100,,,0,112,,675,100,0,6,0
9800,'Semaine-01',726,,843,100,,,0,103,,847,100,,,0,105,,848,100,,,0,506,,849,100,,,0,105,,850,100,,,0,105,,851,100,,,0,104,,852,100,,,0,105,,853,100,,,0,98,,854,100,,,0,99,,844,100,,,0,90,,845,100,,,0,90,,846,100,,,0
11101,'Dimanche-01',903,,917,100,,,0,148,,916,100,,,0,295,,918,100,,,0,289,,919,100,,,0,303,,920,100,,,0
11101,'Samedi-01',903,,949,100,,,0,148,,948,100,,,0,295,,950,100,,,0,289,,951,100,,,0,303,,952,100,,,0
11101,'Semaine-01',634,,965,100,,,0,96,,972,100,,,0,170,,973,100,,,0,55,,970,100,,,0,192,,975,100,,,0,265,,956,110,,,0,120,,959,110,,,0,110,,967,110,,,0,110,,968,110,,,0,94,,969,110,,,0,75,,958,110,,,0,305,,971,100,,,0
