101,'Dimanche-01',718,,73,80,,,0,205,,74,80,,,0,130,,75,80,,,0,171,,76,80,,,0,125,,77,80,,,0,160,,78,80,,,0,120,,79,80,,,0,120,,80,80,,,0,159,,81,80,,,0,135,,82,80,,,0,115,,83,80,,,0,155,,84,80,,,0
101,'Samedi-01',718,,115,80,,,0,205,,116,80,,,0,130,,117,80,,,0,171,,118,80,,,0,125,,119,80,,,0,160,,120,80,,,0,120,,121,80,,,0,120,,122,80,,,0,159,,123,80,,,0,135,,124,80,,,0,115,,125,80,,,0,155,,126,80,,,0
101,'Semaine-01',614,,127,80,,,0,100,,136,80,,,0,30,,138,80,,,0,90,,139,80,,,0,111,,140,80,,,0,105,,141,80,,,0,95,,143,80,,,0,100,,142,80,,,0,106,,144,80,,,0,80,,128,80,,,0,100,,129,80,,,0,100,,130,80,,,0,109,,131,80,,,0,75,,132,80,,,0,104,,133,80,,,0,84,,134,80,,,0,135,,135,80,,,0,175,,137,80,,,0
2101,'Semaine-01',646,,260,80,0,5 6,0,79,,261,80,0,5 6,0,81,,262,80,0,5 6,0,796,,254,80,,,0,23,,255,80,,,0,26,,256,80,,,0,65,,257,80,,,0,25,,258,80,,,0,68,,259,80,,,0
2301,'Semaine-01',1535,,310,80,,,0,65,,311,80,,,0,30,,312,80,,,0,70,,313,80,,,0,30,,314,80,,,0,29,,315,80,,,0,70,,316,80,,,0
2501,'Semaine-01',1540,,355,80,,,0,80,,356,80,,,0,34,,357,80,,,0,80,,358,80,,,0,80,,359,80,,,0,29,,360,80,,,0
3100,'Dimanche-01',652,,492,80,,,0,256,,493,80,,,0,238,,491,80,,,0,163,,484,80,,,0,120,,485,80,,,0,118,,486,80,,,0,158,,487,80,,,0,119,,488,80,,,0,127,,489,80,,,0,261,,483,80,,,0,215,,490,80,,,0
3100,'Samedi-01',541,,537,80,,,0,83,,548,80,,,0,202,,549,80,,,0,125,,546,80,,,0,164,,536,80,,,0,124,,547,80,,,0,164,,538,80,,,0,124,,539,80,,,0,124,,540,80,,,0,164,,541,80,,,0,124,,542,80,,,0,67,,543,80,,,0,216,,544,80,,,0,215,,545,80,,,0
3100,'Semaine-01',547,,574,80,,,0,80,,550,80,,,0,80,,560,80,,,0,40,,575,80,,,0,80,,569,80,,,0,80,,570,80,,,0,40,,571,80,,,0,81,,577,80,,,0,81,,572,80,,,0,43,,573,80,,,0,83,,551,80,,,0,83,,552,80,,,0,82,,553,80,,,0,42,,554,80,,,0,84,,555,80,,,0,85,,556,80,,,0,45,,557,80,,,0,86,,558,80,,,0,85,,559,80,,,0,84,,561,80,,,0,42,,562,80,,,0,80,,563,80,,,0,80,,564,80,,,0,40,,565,80,,,0,80,,566,80,,,0,80,,567,80,,,0,41,,568,80,,,0,161,,576,80,0,5 6,0
3200,'Dimanche-01',542,,578,80,,,0,214,,583,80,,,0,263,,586,80,,,0,192,,587,80,,,0,119,,579,80,,,0,122,,589,80,,,0,160,,580,80,,,0,119,,582,80,,,0,118,,581,80,,,0,255,,584,80,,,0,216,,585,80,,,0,213,,588,80,0,6,0
3200,'Samedi-01',654,,641,80,,,0,77,,636,80,,,0,120,,644,80,,,0,163,,645,80,,,0,124,,646,80,,,0,164,,637,80,,,0,124,,648,80,,,0,124,,638,80,,,0,168,,639,80,,,0,120,,640,80,,,0,276,,642,80,,,0,216,,643,80,,,0,211,,647,80,0,6,0
3200,'Semaine-01',612,,674,80,,,0,38,,649,80,,,0,79,,677,80,,,0,79,,660,80,,,0,40,,668,80,,,0,82,,669,80,,,0,81,,670,80,,,0,41,,671,80,,,0,83,,672,80,,,0,83,,673,80,,,0,83,,650,80,,,0,42,,651,80,,,0,81,,652,80,,,0,84,,676,80,,,0,45,,654,80,,,0,85,,655,80,,,0,86,,656,80,,,0,86,,657,80,,,0,42,,658,80,,,0,84,,659,80,,,0,81,,661,80,,,0,40,,662,80,,,0,80,,663,80,,,0,80,,664,80,,,0,40,,665,80,,,0,83,,666,80,,,0,80,,667,80,,,0,112,,675,80,0,6,0
9800,'Semaine-01',724,,843,80,,,0,103,,847,80,,,0,105,,848,80,,,0,506,,849,80,,,0,105,,850,80,,,0,105,,851,80,,,0,104,,852,80,,,0,105,,853,80,,,0,98,,854,80,,,0,100,,844,80,,,0,90,,845,80,,,0,90,,846,80,,,0
11101,'Dimanche-01',901,,917,80,,,0,147,,916,80,,,0,295,,918,80,,,0,289,,919,80,,,0,303,,920,80,,,0
11101,'Samedi-01',901,,949,80,,,0,147,,948,80,,,0,295,,950,80,,,0,289,,951,80,,,0,303,,952,80,,,0
11101,'Semaine-01',632,,965,80,,,0,95,,972,80,,,0,130,,973,80,,,0,95,,970,80,,,0,192,,975,80,,,0,265,,956,90,,,0,120,,959,90,,,0,110,,967,90,,,0,110,,968,90,,,0,94,,969,90,,,0,75,,958,90,,,0,305,,971,80,,,0
