101,'Dimanche-01',737,,73,220,,,0,206,,74,220,,,0,170,,75,220,,,0,133,,76,220,,,0,167,,77,220,,,0,120,,78,220,,,0,120,,79,220,,,0,160,,80,220,,,0,118,,81,220,,,0,174,,82,220,,,0,114,,83,220,,,0,113,,84,220,,,0
101,'Fête-1-01',737,,2674,220,,,0,206,,2675,220,,,0,170,,2676,220,,,0,133,,2677,220,,,0,167,,2678,220,,,0,120,,2679,220,,,0,120,,2680,220,,,0,160,,2681,220,,,0,118,,2682,220,,,0,174,,2683,220,,,0,114,,2684,220,,,0,113,,2685,220,,,0
101,'Samedi-01',737,,115,220,,,0,206,,116,220,,,0,170,,117,220,,,0,133,,118,220,,,0,167,,119,220,,,0,120,,120,220,,,0,120,,121,220,,,0,160,,122,220,,,0,118,,123,220,,,0,174,,124,220,,,0,114,,125,220,,,0,113,,126,220,,,0
101,'Semaine-01',636,,127,220,,,0,101,,136,220,,,0,70,,138,220,,,0,50,,139,220,,,0,151,,140,220,,,0,105,,141,220,,,0,95,,143,220,,,0,102,,142,220,,,0,106,,144,220,,,0,41,,128,220,,,0,143,,129,220,,,0,56,,130,220,,,0,148,,131,220,,,0,34,,132,220,,,0,103,,133,220,,,0,84,,134,220,,,0,133,,135,220,,,0,175,,137,220,,,0
101,'Semaine-02',631,,2686,220,,,0,101,,2695,220,,,0,70,,2697,220,,,0,100,,2698,220,,,0,106,,2699,220,,,0,95,,2700,220,,,0,100,,2702,220,,,0,97,,2701,220,,,0,111,,2703,220,,,0,46,,2687,220,,,0,148,,2688,220,,,0,51,,2689,220,,,0,148,,2690,220,,,0,29,,2691,220,,,0,69,,2692,220,,,0,108,,2693,220,,,0,143,,2694,220,,,0,190,,2696,220,,,0
101,'Semaine-03',636,,2704,220,,,0,101,,2713,220,,,0,70,,2715,220,,,0,50,,2716,220,,,0,151,,2717,220,,,0,105,,2718,220,,,0,95,,2720,220,,,0,102,,2719,220,,,0,106,,2721,220,,,0,41,,2705,220,,,0,143,,2706,220,,,0,56,,2707,220,,,0,148,,2708,220,,,0,34,,2709,220,,,0,103,,2710,220,,,0,84,,2711,220,,,0,133,,2712,220,,,0,175,,2714,220,,,0
2301,'Semaine-01',1557,,310,230,,,0,65,,311,230,,,0,30,,312,230,,,0,70,,313,230,,,0,29,,314,230,,,0,69,,315,230,,,0,30,,316,230,,,0
2301,'Semaine-02',1557,,2852,230,,,0,65,,2853,230,,,0,30,,2854,230,,,0,70,,2855,230,,,0,24,,2856,230,,,0,74,,2857,230,,,0,30,,2858,230,,,0
2301,'Semaine-03',1557,,2859,230,,,0,65,,2860,230,,,0,30,,2861,230,,,0,70,,2862,230,,,0,29,,2863,230,,,0,69,,2864,230,,,0,30,,2865,230,,,0
2801,'Semaine-01',1401,,445,160,0,6,0,149,,451,160,0,6,0,57,,454,160,0,6,0,15,,458,160,0,6,0,17,,455,160,0,6,0,15,,443,160,0,7,0,50,,457,160,0,6,0,10,,446,160,0,6,0,9,,447,160,0,6,0,10,,442,160,,,0,10,,448,160,0,6,0,8,,449,160,0,6,0,50,,444,160,0,7,0,14,,450,160,0,6,0,10,,452,160,0,6,0,25,,453,160,0,6,0
2801,'Semaine-02',1401,,2982,160,0,6,0,149,,2986,160,0,6,0,57,,2989,160,0,6,0,15,,2992,160,0,6,0,17,,2980,160,0,7,0,15,,2990,160,0,6,0,55,,2991,160,0,6,0,14,,2983,160,0,6,0,15,,2979,160,,,0,13,,2984,160,0,6,0,54,,2981,160,0,7,0,15,,2985,160,0,6,0,10,,2987,160,0,6,0,20,,2988,160,0,6,0
2801,'Semaine-03',1401,,2996,160,0,6,0,149,,3002,160,0,6,0,57,,3005,160,0,6,0,15,,3008,160,0,6,0,17,,3006,160,0,6,0,15,,2994,160,0,7,0,50,,3007,160,0,6,0,10,,2997,160,0,6,0,9,,2998,160,0,6,0,10,,2993,160,,,0,10,,2999,160,0,6,0,8,,3000,160,0,6,0,50,,2995,160,0,7,0,14,,3001,160,0,6,0,10,,3003,160,0,6,0,25,,3004,160,0,6,0
3300,'Dimanche-01',544,,682,100,,,0,82,,680,100,,,0,90,,691,100,,,0,41,,701,100,,,0,83,,703,100,,,0,93,,704,100,,,0,80,,705,100,,,0,40,,706,100,,,0,80,,707,100,,,0,80,,683,100,,,0,40,,684,100,,,0,79,,685,100,,,0,80,,686,100,,,0,40,,687,100,,,0,79,,688,100,,,0,79,,689,100,,,0,39,,690,100,,,0,79,,692,100,,,0,79,,693,100,,,0,40,,694,100,,,0,87,,695,100,,,0,85,,696,100,,,0,86,,697,100,,,0,47,,698,100,,,0,86,,699,100,,,0,83,,700,100,,,0,88,,681,100,,,0,43,,702,100,,,0,159,,708,100,0,8 6,0
3300,'Fête-1-01',604,,3181,100,,,0,41,,3179,100,,,0,81,,3190,100,,,0,82,,3200,100,,,0,42,,3202,100,,,0,84,,3203,100,,,0,81,,3204,100,,,0,42,,3205,100,,,0,82,,3206,100,,,0,82,,3182,100,,,0,82,,3183,100,,,0,42,,3184,100,,,0,82,,3185,100,,,0,82,,3186,100,,,0,42,,3187,100,,,0,82,,3188,100,,,0,82,,3189,100,,,0,85,,3191,100,,,0,39,,3192,100,,,0,82,,3193,100,,,0,82,,3194,100,,,0,39,,3195,100,,,0,82,,3196,100,,,0,81,,3197,100,,,0,42,,3198,100,,,0,83,,3199,100,,,0,86,,3201,100,,,0,86,,3180,100,,,0,113,,3207,100,0,8 6,0
3300,'Samedi-01',604,,769,100,,,0,41,,767,100,,,0,81,,778,100,,,0,82,,788,100,,,0,42,,790,100,,,0,84,,791,100,,,0,81,,792,100,,,0,42,,793,100,,,0,82,,794,100,,,0,82,,770,100,,,0,82,,771,100,,,0,42,,772,100,,,0,82,,773,100,,,0,82,,774,100,,,0,42,,775,100,,,0,82,,776,100,,,0,82,,777,100,,,0,85,,779,100,,,0,39,,780,100,,,0,82,,781,100,,,0,82,,782,100,,,0,39,,783,100,,,0,82,,784,100,,,0,81,,785,100,,,0,42,,786,100,,,0,83,,787,100,,,0,86,,789,100,,,0,86,,768,100,,,0,113,,795,100,0,8 6,0
3300,'Semaine-01',611,,796,100,,,0,40,,824,100,,,0,80,,805,100,,,0,80,,815,100,,,0,40,,818,100,,,0,80,,819,100,,,0,80,,820,100,,,0,41,,821,100,,,0,81,,822,100,,,0,83,,797,100,,,0,43,,798,100,,,0,83,,799,100,,,0,82,,800,100,,,0,82,,801,100,,,0,46,,802,100,,,0,85,,803,100,,,0,85,,804,100,,,0,84,,806,100,,,0,45,,807,100,,,0,83,,808,100,,,0,82,,809,100,,,0,40,,810,100,,,0,80,,811,100,,,0,80,,812,100,,,0,40,,813,100,,,0,80,,814,100,,,0,80,,816,100,,,0,40,,817,100,,,0,96,,823,50,0,8 6,0
3300,'Semaine-02',606,,3208,100,,,0,41,,3236,100,,,0,81,,3217,100,,,0,82,,3227,100,,,0,42,,3230,100,,,0,82,,3231,100,,,0,82,,3232,100,,,0,42,,3233,100,,,0,83,,3234,100,,,0,83,,3209,100,,,0,83,,3210,100,,,0,43,,3211,100,,,0,83,,3212,100,,,0,84,,3213,100,,,0,87,,3214,100,,,0,47,,3215,100,,,0,85,,3216,100,,,0,85,,3218,100,,,0,82,,3219,100,,,0,41,,3220,100,,,0,81,,3221,100,,,0,81,,3222,100,,,0,41,,3223,100,,,0,81,,3224,100,,,0,80,,3225,100,,,0,40,,3226,100,,,0,80,,3228,100,,,0,80,,3229,100,,,0,45,,3235,50,0,8 6,0
3300,'Semaine-03',611,,3237,100,,,0,40,,3265,100,,,0,80,,3246,100,,,0,80,,3256,100,,,0,40,,3259,100,,,0,80,,3260,100,,,0,80,,3261,100,,,0,41,,3262,100,,,0,81,,3263,100,,,0,83,,3238,100,,,0,43,,3239,100,,,0,83,,3240,100,,,0,82,,3241,100,,,0,82,,3242,100,,,0,46,,3243,100,,,0,85,,3244,100,,,0,85,,3245,100,,,0,84,,3247,100,,,0,45,,3248,100,,,0,83,,3249,100,,,0,82,,3250,100,,,0,40,,3251,100,,,0,80,,3252,100,,,0,80,,3253,100,,,0,40,,3254,100,,,0,80,,3255,100,,,0,80,,3257,100,,,0,40,,3258,100,,,0,96,,3264,50,0,8 6,0
