2101,'Semaine-01',1643,,254,420,4,,0,63,,255,420,4,,0,26,,256,420,4,,0,24,,257,420,4,,0,63,,258,420,4,,0,28,,259,420,4,,0
2101,'Semaine-02',1648,,2794,420,4,,0,65,,2795,420,4,,0,24,,2796,420,4,,0,64,,2797,420,4,,0,23,,2798,420,4,,0,28,,2799,420,4,,0
2101,'Semaine-03',1643,,2803,420,4,,0,63,,2804,420,4,,0,26,,2805,420,4,,0,24,,2806,420,4,,0,63,,2807,420,4,,0,28,,2808,420,4,,0
2400,'Semaine-01',617,,322,270,4,,0,22,,323,270,4,,0,74,,324,270,4,,0,92,,326,270,4,,0,34,,327,270,4,,0,80,,325,270,4,,0
2400,'Semaine-02',601,,2866,270,4,,0,38,,2867,270,4,,0,81,,2868,270,4,,0,82,,2869,270,4,,0,42,,2870,270,4,,0
2400,'Semaine-03',617,,2871,270,4,,0,22,,2872,270,4,,0,74,,2873,270,4,,0,92,,2875,270,4,,0,34,,2876,270,4,,0,80,,2874,270,4,,0
2600,'Semaine-01',503,,363,260,,,0,17,,364,270,,,0
2600,'Semaine-02',503,,2911,260,,,0,17,,2912,270,,,0
2600,'Semaine-03',503,,2913,260,,,0,17,,2914,270,,,0
3200,'Dimanche-01',618,3,578,360,,,0,214,3,583,360,,,0,223,3,586,360,,,0,192,3,587,360,,,0,159,3,579,360,,,0,122,3,589,360,,,0,120,3,580,360,,,0,159,3,582,360,,,0,118,3,581,360,,,0,214,3,584,360,,,0,216,3,585,360,,,0,250,,588,360,4,,0
3200,'Fête-1-01',549,3,3103,240,,,0,181,3,3109,360,,,0,77,3,3104,360,,,0,120,3,3112,360,,,0,123,3,3113,360,,,0,164,3,3114,360,,,0,124,3,3105,360,,,0,164,43,3116,360,,,0,124,3,3106,360,,,0,128,3,3107,360,,,0,160,3,3108,360,,,0,235,3,3110,360,,,0,256,3,3111,360,,,0,204,,3115,360,4,,0
3200,'Samedi-01',549,3,635,240,,,0,181,3,641,360,,,0,77,3,636,360,,,0,120,3,644,360,,,0,123,3,645,360,,,0,164,3,646,360,,,0,124,3,637,360,,,0,164,43,648,360,,,0,124,3,638,360,,,0,128,3,639,360,,,0,160,3,640,360,,,0,235,3,642,360,,,0,256,3,643,360,,,0,204,,647,360,4,,0
3200,'Semaine-01',645,3,674,360,,,0,80,3,649,360,,,0,80,3,677,360,,,0,40,3,660,360,,,0,80,3,668,360,,,0,80,3,669,360,,,0,41,3,670,360,,,0,81,3,671,360,,,0,83,3,672,360,,,0,43,3,673,360,,,0,83,3,650,360,,,0,82,3,651,360,,,0,82,43,652,360,,,0,45,3,676,360,,,0,60,,653,10,,,0,25,3,654,360,,,0,21,,678,10,,,0,64,3,655,360,,,0,20,,679,10,,,0,65,43,656,360,,,0,45,3,657,360,,,0,82,3,658,360,,,0,83,3,659,360,,,0,40,3,661,360,,,0,80,3,662,360,,,0,80,3,663,360,,,0,40,3,664,360,,,0,80,3,665,360,,,0,80,3,666,360,,,0,40,3,667,360,,,0
3200,'Semaine-02',644,3,3142,360,,,0,81,3,3117,360,,,0,82,3,3145,360,,,0,42,3,3128,360,,,0,82,3,3136,360,,,0,82,3,3137,360,,,0,42,3,3138,360,,,0,83,3,3139,360,,,0,83,3,3140,360,,,0,83,3,3141,360,,,0,43,3,3118,360,,,0,83,3,3119,360,,,0,84,3,3120,360,,,0,86,43,3144,360,,,0,24,,3121,10,,,0,23,3,3122,360,,,0,64,,3146,10,,,0,22,3,3123,360,,,0,24,,3147,10,,,0,61,3,3124,360,,,0,82,43,3125,360,,,0,41,3,3126,360,,,0,81,3,3127,360,,,0,81,3,3129,360,,,0,41,3,3130,360,,,0,81,3,3131,360,,,0,80,3,3132,360,,,0,40,3,3133,360,,,0,80,3,3134,360,,,0,80,3,3135,360,,,0
3200,'Semaine-03',645,3,3173,360,,,0,80,3,3148,360,,,0,80,3,3176,360,,,0,40,3,3159,360,,,0,80,3,3167,360,,,0,80,3,3168,360,,,0,41,3,3169,360,,,0,81,3,3170,360,,,0,83,3,3171,360,,,0,43,3,3172,360,,,0,83,3,3149,360,,,0,82,3,3150,360,,,0,82,43,3151,360,,,0,45,3,3175,360,,,0,60,,3152,10,,,0,25,3,3153,360,,,0,21,,3177,10,,,0,64,3,3154,360,,,0,20,,3178,10,,,0,65,43,3155,360,,,0,45,3,3156,360,,,0,82,3,3157,360,,,0,83,3,3158,360,,,0,40,3,3160,360,,,0,80,3,3161,360,,,0,80,3,3162,360,,,0,40,3,3163,360,,,0,80,3,3164,360,,,0,80,3,3165,360,,,0,40,3,3166,360,,,0
