2401,'Fête-2-02',1638,,328,40,,,0,85,,329,40,,,0,85,,331,40,,,0,45,,330,40,,,0
2401,'Semaine-01',1638,,332,40,,,0,85,,333,40,,,0,85,,336,40,,,0,21,,335,40,,,0,24,,334,40,,,0
2501,'Fête-2-02',1555,,349,150,,,0,80,,350,150,,,0,74,,351,150,,,0,39,,352,150,,,0,80,,353,150,,,0,28,,354,150,,,0
2501,'Semaine-01',1555,,355,150,,,0,80,,356,150,,,0,74,,357,150,,,0,39,,358,150,,,0,80,,359,150,,,0,28,,360,150,,,0
2701,'Fête-2-02',608,,385,40,,,0,40,,386,40,,,0,81,,387,40,,,0,80,,388,40,,,0,744,,392,40,,,0,81,,389,40,,,0,84,,393,40,,,0,86,,390,40,,,0,45,,391,40,,,0
2701,'Semaine-01',608,,394,40,,,0,40,,395,40,,,0,81,,396,40,,,0,80,,397,40,,,0,744,,401,40,,,0,81,,398,40,,,0,84,,402,40,,,0,86,,399,40,,,0,45,,400,40,,,0
3200,'Dimanche-01',556,,578,150,,,0,254,,583,150,,,0,223,,586,150,,,0,192,,587,150,,,0,119,,579,150,,,0,162,,589,150,,,0,120,,580,150,,,0,119,,582,150,,,0,158,,581,150,,,0,215,,584,150,,,0,216,,585,150,,,0,213,,588,150,0,6,0
3200,'Fête-1-01',527,,590,30,,,0,181,,596,150,,,0,37,,591,150,,,0,160,,599,150,,,0,123,,600,150,,,0,124,,601,150,,,0,164,,592,150,,,0,124,,603,150,,,0,164,,593,150,,,0,128,,594,150,,,0,120,,595,150,,,0,276,,597,150,,,0,216,,598,150,,,0,208,,602,150,0,6,0
3200,'Fête-2-02',624,,629,150,,,0,80,,604,150,,,0,39,,632,150,,,0,79,,615,150,,,0,80,,623,150,,,0,42,,624,150,,,0,81,,625,150,,,0,81,,626,150,,,0,43,,627,150,,,0,83,,628,150,,,0,83,,605,150,,,0,42,,606,150,,,0,82,,607,150,,,0,85,,631,150,,,0,85,,609,150,,,0,44,,610,150,,,0,86,,611,150,,,0,85,,612,150,,,0,82,,613,150,,,0,43,,614,150,,,0,81,,616,150,,,0,80,,617,150,,,0,40,,618,150,,,0,80,,619,150,,,0,80,,620,150,,,0,41,,621,150,,,0,80,,622,150,,,0,112,,630,150,0,6,0
3200,'Samedi-01',527,,635,30,,,0,181,,641,150,,,0,37,,636,150,,,0,160,,644,150,,,0,123,,645,150,,,0,124,,646,150,,,0,164,,637,150,,,0,124,,648,150,,,0,164,,638,150,,,0,128,,639,150,,,0,120,,640,150,,,0,276,,642,150,,,0,216,,643,150,,,0,208,,647,150,0,6,0
3200,'Semaine-01',624,,674,150,,,0,80,,649,150,,,0,39,,677,150,,,0,79,,660,150,,,0,80,,668,150,,,0,42,,669,150,,,0,81,,670,150,,,0,81,,671,150,,,0,43,,672,150,,,0,83,,673,150,,,0,83,,650,150,,,0,42,,651,150,,,0,82,,652,150,,,0,85,,676,150,,,0,85,,654,150,,,0,44,,655,150,,,0,86,,656,150,,,0,85,,657,150,,,0,82,,658,150,,,0,43,,659,150,,,0,81,,661,150,,,0,80,,662,150,,,0,40,,663,150,,,0,80,,664,150,,,0,80,,665,150,,,0,41,,666,150,,,0,80,,667,150,,,0,112,,675,150,0,6,0
