101,'Dimanche-01',714,,73,40,,,0,205,,74,40,,,0,130,,75,40,,,0,171,,76,40,,,0,125,,77,40,,,0,160,,78,40,,,0,120,,79,40,,,0,120,,80,40,,,0,159,,81,40,,,0,135,,82,40,,,0,115,,83,40,,,0,155,,84,40,,,0
101,'Samedi-01',714,,115,40,,,0,205,,116,40,,,0,130,,117,40,,,0,171,,118,40,,,0,125,,119,40,,,0,160,,120,40,,,0,120,,121,40,,,0,120,,122,40,,,0,159,,123,40,,,0,135,,124,40,,,0,115,,125,40,,,0,155,,126,40,,,0
101,'Semaine-01',610,,127,40,,,0,100,,136,40,,,0,30,,138,40,,,0,90,,139,40,,,0,110,,140,40,,,0,105,,141,40,,,0,95,,143,40,,,0,100,,142,40,,,0,106,,144,40,,,0,80,,128,40,,,0,100,,129,40,,,0,100,,130,40,,,0,109,,131,40,,,0,75,,132,40,,,0,105,,133,40,,,0,44,,134,40,,,0,175,,135,40,,,0,175,,137,40,,,0
2101,'Semaine-01',643,,260,40,0,5 6,0,79,,261,40,0,5 6,0,81,,262,40,0,5 6,0,754,,254,40,,,0,63,,255,40,,,0,27,,256,40,,,0,65,,257,40,,,0,25,,258,40,,,0,68,,259,40,,,0
2301,'Semaine-01',1530,,310,40,,,0,25,,311,40,,,0,70,,312,40,,,0,30,,313,40,,,0,70,,314,40,,,0,30,,315,40,,,0,70,,316,40,,,0
2501,'Semaine-01',1535,,355,40,,,0,80,,356,40,,,0,35,,357,40,,,0,80,,358,40,,,0,80,,359,40,,,0,29,,360,40,,,0
3100,'Dimanche-01',649,,492,40,,,0,255,,493,40,,,0,238,,491,40,,,0,163,,484,40,,,0,120,,485,40,,,0,118,,486,40,,,0,158,,487,40,,,0,119,,488,40,,,0,127,,489,40,,,0,261,,483,40,,,0,216,,490,40,,,0
3100,'Samedi-01',538,,537,40,,,0,83,,548,40,,,0,201,,549,40,,,0,125,,546,40,,,0,164,,536,40,,,0,124,,547,40,,,0,124,,538,40,,,0,164,,539,40,,,0,124,,540,40,,,0,164,,541,40,,,0,124,,542,40,,,0,67,,543,40,,,0,216,,544,40,,,0,216,,545,40,,,0
3100,'Semaine-01',544,,574,40,,,0,80,,550,40,,,0,79,,560,40,,,0,40,,575,40,,,0,80,,569,40,,,0,80,,570,40,,,0,40,,571,40,,,0,81,,577,40,,,0,81,,572,40,,,0,43,,573,40,,,0,83,,551,40,,,0,83,,552,40,,,0,42,,553,40,,,0,82,,554,40,,,0,84,,555,40,,,0,84,,556,40,,,0,45,,557,40,,,0,87,,558,40,,,0,85,,559,40,,,0,85,,561,40,,,0,42,,562,40,,,0,80,,563,40,,,0,80,,564,40,,,0,40,,565,40,,,0,80,,566,40,,,0,80,,567,40,,,0,40,,568,40,,,0,161,,576,40,0,5 6,0
3200,'Dimanche-01',539,,578,40,,,0,214,,583,40,,,0,262,,586,40,,,0,192,,587,40,,,0,119,,579,40,,,0,122,,589,40,,,0,160,,580,40,,,0,119,,582,40,,,0,118,,581,40,,,0,255,,584,40,,,0,216,,585,40,,,0,213,,588,40,0,6,0
3200,'Samedi-01',651,,641,40,,,0,77,,636,40,,,0,120,,644,40,,,0,162,,645,40,,,0,124,,646,40,,,0,124,,637,40,,,0,164,,648,40,,,0,124,,638,40,,,0,168,,639,40,,,0,120,,640,40,,,0,276,,642,40,,,0,216,,643,40,,,0,212,,647,40,0,6,0
3200,'Semaine-01',608,,674,40,,,0,39,,649,40,,,0,78,,677,40,,,0,79,,660,40,,,0,40,,668,40,,,0,83,,669,40,,,0,81,,670,40,,,0,41,,671,40,,,0,83,,672,40,,,0,82,,673,40,,,0,43,,650,40,,,0,82,,651,40,,,0,81,,652,40,,,0,84,,676,40,,,0,45,,654,40,,,0,85,,655,40,,,0,86,,656,40,,,0,86,,657,40,,,0,43,,658,40,,,0,84,,659,40,,,0,81,,661,40,,,0,40,,662,40,,,0,80,,663,40,,,0,80,,664,40,,,0,40,,665,40,,,0,82,,666,40,,,0,80,,667,40,,,0,112,,675,40,0,6,0
9800,'Semaine-01',721,,843,40,,,0,103,,847,40,,,0,105,,848,40,,,0,505,,849,40,,,0,105,,850,40,,,0,105,,851,40,,,0,105,,852,40,,,0,105,,853,40,,,0,99,,854,40,,,0,100,,844,40,,,0,90,,845,40,,,0,90,,846,40,,,0
11101,'Dimanche-01',857,,917,40,,,0,187,,916,40,,,0,295,,918,40,,,0,288,,919,40,,,0,305,,920,40,,,0
11101,'Samedi-01',857,,949,40,,,0,187,,948,40,,,0,295,,950,40,,,0,288,,951,40,,,0,305,,952,40,,,0
11101,'Semaine-01',629,,965,40,,,0,95,,972,40,,,0,130,,973,40,,,0,95,,970,40,,,0,190,,975,40,,,0,265,,956,50,,,0,120,,959,50,,,0,110,,967,50,,,0,110,,968,50,,,0,95,,969,50,,,0,75,,958,50,,,0,305,,971,40,,,0
