100,'Dimanche-01',605,,12,150,,,0,200,,1,150,,,0,125,,2,150,,,0,170,,3,150,,,0,125,,4,150,,,0,124,,5,150,,,0,160,,6,150,,,0,120,,7,150,,,0,124,,8,150,,,0,175,,9,150,,,0,115,,10,150,,,0,115,,11,150,,,0
100,'Fête-1-03',605,,2637,150,,,0,200,,2626,150,,,0,125,,2627,150,,,0,170,,2628,150,,,0,125,,2629,150,,,0,124,,2630,150,,,0,160,,2631,150,,,0,120,,2632,150,,,0,124,,2633,150,,,0,175,,2634,150,,,0,115,,2635,150,,,0,115,,2636,150,,,0
100,'Fête-2-01',448,,2638,150,,,0,103,,2639,150,,,0,65,,2640,150,,,0,41,,2641,150,,,0,159,,2642,150,,,0,105,,2645,150,,,0,95,,2654,150,,,0,100,,2646,150,,,0,100,,2655,150,,,0,40,,2647,150,,,0,100,,2648,150,,,0,100,,2652,150,,,0,150,,2649,150,,,0,35,,2650,150,,,0,109,,2643,150,,,0,95,,2644,150,,,0,173,,2653,150,,,0,185,,2651,150,,,0
100,'Samedi-01',605,,54,150,,,0,200,,43,150,,,0,125,,44,150,,,0,170,,45,150,,,0,125,,46,150,,,0,124,,47,150,,,0,160,,48,150,,,0,120,,49,150,,,0,124,,50,150,,,0,175,,51,150,,,0,115,,52,150,,,0,115,,53,150,,,0
100,'Semaine-01',448,,55,150,,,0,103,,56,150,,,0,65,,57,150,,,0,41,,58,150,,,0,159,,59,150,,,0,106,,62,150,,,0,94,,71,150,,,0,101,,63,150,,,0,99,,72,150,,,0,38,,64,150,,,0,102,,65,150,,,0,100,,69,150,,,0,150,,66,150,,,0,35,,67,150,,,0,109,,60,150,,,0,95,,61,150,,,0,173,,70,150,,,0,185,,68,150,,,0
2000,'Dimanche-01',701,,146,190,,,0,124,,147,190,,,0,126,,148,190,,,0,165,,149,190,,,0,125,,150,190,,,0,164,,151,190,,,0,125,,152,190,,,0,125,,153,190,,,0
2000,'Fête-1-03',701,,2686,190,,,0,124,,2687,190,,,0,126,,2688,190,,,0,165,,2689,190,,,0,125,,2690,190,,,0,164,,2691,190,,,0,125,,2692,190,,,0,125,,2693,190,,,0
2000,'Fête-2-01',644,,2694,180,,,0,165,,2695,180,,,0,125,,2696,180,,,0,166,,2697,180,,,0,126,,2698,180,,,0,125,,2699,180,,,0,166,,2700,180,,,0,126,,2701,180,,,0,166,,2702,180,,,0
2000,'Samedi-01',701,,171,190,,,0,124,,172,190,,,0,126,,173,190,,,0,165,,174,190,,,0,125,,175,190,,,0,164,,176,190,,,0,125,,177,190,,,0,125,,178,190,,,0
2000,'Semaine-01',644,,179,180,,,0,165,,180,180,,,0,125,,181,180,,,0,166,,182,180,,,0,126,,183,180,,,0,125,,184,180,,,0,166,,185,180,,,0,126,,186,180,,,0,166,,187,180,,,0
2000,'Semaine-01-0001100',1934,,189,180,,,0,124,,188,180,,,0
