100,'Dimanche-01',609,,12,270,,,0,200,,1,270,,,0,125,,2,270,,,0,170,,3,270,,,0,125,,4,270,,,0,124,,5,270,,,0,160,,6,270,,,0,120,,7,270,,,0,124,,8,270,,,0,175,,9,270,,,0,115,,10,270,,,0,155,,11,270,,,0
100,'Fête-1-01',609,,2637,270,,,0,200,,2626,270,,,0,125,,2627,270,,,0,170,,2628,270,,,0,125,,2629,270,,,0,124,,2630,270,,,0,160,,2631,270,,,0,120,,2632,270,,,0,124,,2633,270,,,0,175,,2634,270,,,0,115,,2635,270,,,0,155,,2636,270,,,0
100,'Samedi-01',609,,54,270,,,0,200,,43,270,,,0,125,,44,270,,,0,170,,45,270,,,0,125,,46,270,,,0,124,,47,270,,,0,160,,48,270,,,0,120,,49,270,,,0,124,,50,270,,,0,175,,51,270,,,0,115,,52,270,,,0,155,,53,270,,,0
100,'Semaine-01',453,,55,270,,,0,103,,56,270,,,0,66,,57,270,,,0,81,,58,270,,,0,119,,59,270,,,0,104,,62,270,,,0,94,,71,270,,,0,101,,63,270,,,0,100,,72,270,,,0,38,,64,270,,,0,142,,65,270,,,0,100,,69,270,,,0,110,,66,270,,,0,35,,67,270,,,0,108,,60,270,,,0,95,,61,270,,,0,173,,70,270,,,0,185,,68,270,,,0
100,'Semaine-02',451,,2638,270,,,0,101,,2639,270,,,0,70,,2640,270,,,0,81,,2641,270,,,0,129,,2642,270,,,0,98,,2645,270,,,0,70,,2654,270,,,0,100,,2646,270,,,0,106,,2655,270,,,0,95,,2647,270,,,0,100,,2648,270,,,0,100,,2652,270,,,0,110,,2649,270,,,0,89,,2650,270,,,0,114,,2643,270,,,0,90,,2644,270,,,0,103,,2653,270,,,0,197,,2651,270,,,0
100,'Semaine-03',453,,2656,270,,,0,103,,2657,270,,,0,66,,2658,270,,,0,81,,2659,270,,,0,119,,2660,270,,,0,104,,2663,270,,,0,94,,2672,270,,,0,101,,2664,270,,,0,100,,2673,270,,,0,38,,2665,270,,,0,142,,2666,270,,,0,100,,2670,270,,,0,110,,2667,270,,,0,35,,2668,270,,,0,108,,2661,270,,,0,95,,2662,270,,,0,173,,2671,270,,,0,185,,2669,270,,,0
2000,'Dimanche-01',720,,146,560,,,0,124,,147,560,,,0,166,,148,560,,,0,125,,149,560,,,0,165,,150,560,,,0,124,,151,560,,,0,125,,152,560,,,0,165,,153,560,,,0
2000,'Fête-1-01',720,,2722,560,,,0,124,,2723,560,,,0,166,,2724,560,,,0,125,,2725,560,,,0,165,,2726,560,,,0,124,,2727,560,,,0,125,,2728,560,,,0,165,,2729,560,,,0
2000,'Samedi-01',720,,171,560,,,0,124,,172,560,,,0,166,,173,560,,,0,125,,174,560,,,0,165,,175,560,,,0,124,,176,560,,,0,125,,177,560,,,0,165,,178,560,,,0
2000,'Semaine-01',703,,179,550,,,0,125,,180,550,,,0,125,,181,550,,,0,166,,182,550,,,0,126,,183,550,,,0,165,,184,550,,,0,126,,185,550,,,0,166,,186,550,,,0,126,,187,550,,,0
2000,'Semaine-01-0001100',1953,,189,550,,,0,164,,188,550,,,0
2000,'Semaine-02',703,,2730,550,,,0,125,,2731,550,,,0,125,,2732,550,,,0,166,,2733,550,,,0,126,,2734,550,,,0,165,,2735,550,,,0,126,,2736,550,,,0,166,,2737,550,,,0,126,,2738,550,,,0
2000,'Semaine-02-0001100',1953,,2740,550,,,0,164,,2739,550,,,0
2000,'Semaine-03',703,,2741,550,,,0,125,,2742,550,,,0,125,,2743,550,,,0,166,,2744,550,,,0,126,,2745,550,,,0,165,,2746,550,,,0,126,,2747,550,,,0,166,,2748,550,,,0,126,,2749,550,,,0
2000,'Semaine-03-0001100',1953,,2751,550,,,0,164,,2750,550,,,0
2800,'Semaine-01',529,,414,100,,,0,85,,413,140,,,0,20,,415,100,,,0
2800,'Semaine-02',529,,2954,100,,,0,85,,2953,140,,,0,15,,2955,100,,,0
2800,'Semaine-03',529,,2966,100,,,0,85,,2965,140,,,0,20,,2967,100,,,0
