101,'Dimanche-01',736,,73,200,,,0,205,,74,200,,,0,171,,75,200,,,0,133,,76,200,,,0,167,,77,200,,,0,120,,78,200,,,0,120,,79,200,,,0,160,,80,200,,,0,117,,81,200,,,0,174,,82,200,,,0,114,,83,200,,,0,114,,84,200,,,0
101,'Fête-1-01',736,,85,200,,,0,205,,86,200,,,0,171,,87,200,,,0,133,,88,200,,,0,167,,89,200,,,0,120,,90,200,,,0,120,,91,200,,,0,160,,92,200,,,0,117,,93,200,,,0,174,,94,200,,,0,114,,95,200,,,0,114,,96,200,,,0
101,'Fête-2-02',635,,97,200,,,0,100,,106,200,,,0,70,,108,200,,,0,50,,109,200,,,0,151,,110,200,,,0,105,,111,200,,,0,95,,113,200,,,0,103,,112,200,,,0,106,,114,200,,,0,41,,98,200,,,0,102,,99,200,,,0,96,,100,200,,,0,148,,101,200,,,0,34,,102,200,,,0,103,,103,200,,,0,84,,104,200,,,0,134,,105,200,,,0,175,,107,200,,,0
101,'Samedi-01',736,,115,200,,,0,205,,116,200,,,0,171,,117,200,,,0,133,,118,200,,,0,167,,119,200,,,0,120,,120,200,,,0,120,,121,200,,,0,160,,122,200,,,0,117,,123,200,,,0,174,,124,200,,,0,114,,125,200,,,0,114,,126,200,,,0
101,'Semaine-01',635,,127,200,,,0,6,,145,70,,,0,94,,136,200,,,0,70,,138,200,,,0,50,,139,200,,,0,151,,140,200,,,0,105,,141,200,,,0,95,,143,200,,,0,103,,142,200,,,0,106,,144,200,,,0,41,,128,200,,,0,102,,129,200,,,0,96,,130,200,,,0,148,,131,200,,,0,34,,132,200,,,0,103,,133,200,,,0,84,,134,200,,,0,134,,135,200,,,0,175,,137,200,,,0
2100,'Fête-2-02',527,,234,50,,,0,30,,235,50,,,0,70,,236,50,,,0,75,,237,50,,,0,30,,238,50,,,0,75,,239,50,,,0
2100,'Semaine-01',527,,240,50,,,0,30,,241,50,,,0,70,,242,50,,,0,75,,243,50,,,0,30,,244,50,,,0,75,,245,50,,,0
2101,'Fête-2-02',1625,,246,200,,,0,30,,247,200,,,0,69,,248,200,,,0,29,,249,200,,,0,70,,250,200,,,0
2101,'Semaine-01',1625,,254,200,,,0,23,,255,200,,,0,66,,256,200,,,0,24,,257,200,,,0,65,,258,200,,,0,28,,259,200,,,0
2801,'Fête-2-02',1400,,433,140,0,6,0,148,,437,140,0,6,0,72,,441,140,0,6,0,27,,431,140,0,7,0,55,,440,140,0,6,0,19,,434,140,0,6,0,10,,430,140,,,0,10,,435,140,0,6,0,18,,432,140,0,7,0,59,,436,140,0,6,0,16,,438,140,0,6,0,15,,439,140,0,6,0
2801,'Semaine-01',1400,,445,140,0,6,0,148,,451,140,0,6,0,62,,454,140,0,6,0,10,,458,140,0,6,0,12,,455,140,0,6,0,15,,443,140,0,7,0,5,,456,140,0,6,0,50,,457,140,0,6,0,10,,446,140,0,6,0,9,,447,140,0,6,0,10,,442,140,,,0,10,,448,140,0,6,0,8,,449,140,0,6,0,10,,444,140,0,7,0,54,,450,140,0,6,0,11,,452,140,0,6,0,25,,453,140,0,6,0
3100,'Dimanche-01',718,,492,280,,,0,218,,493,280,,,0,278,,491,280,,,0,123,,484,280,,,0,120,,485,280,,,0,158,,486,280,,,0,118,,487,280,,,0,119,,488,280,,,0,167,,489,280,,,0,221,,483,280,,,0,215,,490,280,,,0
3100,'Fête-1-01',607,,495,280,,,0,43,,506,280,,,0,204,,507,280,,,0,165,,504,280,,,0,124,,494,280,,,0,164,,505,280,,,0,124,,496,280,,,0,124,,497,280,,,0,164,,498,280,,,0,124,,499,280,,,0,164,,500,280,,,0,27,,501,280,,,0,216,,502,280,,,0,255,,503,280,,,0
3100,'Fête-2-02',615,,532,280,,,0,40,,508,280,,,0,80,,518,280,,,0,80,,533,280,,,0,40,,527,280,,,0,80,,528,280,,,0,80,,529,280,,,0,41,,535,280,,,0,83,,530,280,,,0,83,,531,280,,,0,83,,509,280,,,0,43,,510,280,,,0,82,,511,280,,,0,82,,512,280,,,0,45,,513,280,,,0,85,,514,280,,,0,86,,515,280,,,0,85,,516,280,,,0,44,,517,280,,,0,82,,519,280,,,0,82,,520,280,,,0,79,,521,280,,,0,40,,522,280,,,0,80,,523,280,,,0,80,,524,280,,,0,40,,525,280,,,0,80,,526,280,,,0,121,,534,280,0,5 6,0
3100,'Samedi-01',607,,537,280,,,0,43,,548,280,,,0,204,,549,280,,,0,165,,546,280,,,0,124,,536,280,,,0,164,,547,280,,,0,124,,538,280,,,0,124,,539,280,,,0,164,,540,280,,,0,124,,541,280,,,0,164,,542,280,,,0,27,,543,280,,,0,216,,544,280,,,0,255,,545,280,,,0
3100,'Semaine-01',615,,574,280,,,0,40,,550,280,,,0,80,,560,280,,,0,80,,575,280,,,0,40,,569,280,,,0,80,,570,280,,,0,80,,571,280,,,0,41,,577,280,,,0,83,,572,280,,,0,83,,573,280,,,0,83,,551,280,,,0,43,,552,280,,,0,82,,553,280,,,0,82,,554,280,,,0,45,,555,280,,,0,85,,556,280,,,0,86,,557,280,,,0,85,,558,280,,,0,44,,559,280,,,0,82,,561,280,,,0,82,,562,280,,,0,79,,563,280,,,0,40,,564,280,,,0,80,,565,280,,,0,80,,566,280,,,0,40,,567,280,,,0,80,,568,280,,,0,121,,576,280,0,5 6,0
3300,'Dimanche-01',542,,682,80,,,0,82,,680,80,,,0,90,,691,80,,,0,41,,701,80,,,0,83,,703,80,,,0,93,,704,80,,,0,80,,705,80,,,0,40,,706,80,,,0,80,,707,80,,,0,80,,683,80,,,0,40,,684,80,,,0,79,,685,80,,,0,80,,686,80,,,0,40,,687,80,,,0,79,,688,80,,,0,79,,689,80,,,0,39,,690,80,,,0,79,,692,80,,,0,79,,693,80,,,0,40,,694,80,,,0,87,,695,80,,,0,85,,696,80,,,0,86,,697,80,,,0,47,,698,80,,,0,86,,699,80,,,0,83,,700,80,,,0,88,,681,80,,,0,43,,702,80,,,0,159,,708,80,0,8 6,0
3300,'Fête-1-01',602,,711,80,,,0,41,,709,80,,,0,81,,720,80,,,0,82,,730,80,,,0,42,,732,80,,,0,84,,733,80,,,0,81,,734,80,,,0,42,,735,80,,,0,82,,736,80,,,0,82,,712,80,,,0,82,,713,80,,,0,42,,714,80,,,0,82,,715,80,,,0,82,,716,80,,,0,42,,717,80,,,0,82,,718,80,,,0,82,,719,80,,,0,45,,721,80,,,0,79,,722,80,,,0,82,,723,80,,,0,82,,724,80,,,0,39,,725,80,,,0,82,,726,80,,,0,81,,727,80,,,0,42,,728,80,,,0,83,,729,80,,,0,86,,731,80,,,0,86,,710,80,,,0,113,,737,80,0,8 6,0
3300,'Fête-2-02',609,,738,80,,,0,40,,766,80,,,0,81,,747,80,,,0,80,,757,80,,,0,40,,760,80,,,0,79,,761,80,,,0,80,,762,80,,,0,42,,763,80,,,0,81,,764,80,,,0,83,,739,80,,,0,43,,740,80,,,0,83,,741,80,,,0,82,,742,80,,,0,82,,743,80,,,0,45,,744,80,,,0,85,,745,80,,,0,85,,746,80,,,0,85,,748,80,,,0,44,,749,80,,,0,83,,750,80,,,0,82,,751,80,,,0,40,,752,80,,,0,80,,753,80,,,0,80,,754,80,,,0,40,,755,80,,,0,80,,756,80,,,0,80,,758,80,,,0,40,,759,80,,,0,96,,765,30,0,8 6,0
3300,'Samedi-01',602,,769,80,,,0,41,,767,80,,,0,81,,778,80,,,0,82,,788,80,,,0,42,,790,80,,,0,84,,791,80,,,0,81,,792,80,,,0,42,,793,80,,,0,82,,794,80,,,0,82,,770,80,,,0,82,,771,80,,,0,42,,772,80,,,0,82,,773,80,,,0,82,,774,80,,,0,42,,775,80,,,0,82,,776,80,,,0,82,,777,80,,,0,45,,779,80,,,0,79,,780,80,,,0,82,,781,80,,,0,82,,782,80,,,0,39,,783,80,,,0,82,,784,80,,,0,81,,785,80,,,0,42,,786,80,,,0,83,,787,80,,,0,86,,789,80,,,0,86,,768,80,,,0,113,,795,80,0,8 6,0
3300,'Semaine-01',609,,796,80,,,0,40,,824,80,,,0,81,,805,80,,,0,80,,815,80,,,0,40,,818,80,,,0,79,,819,80,,,0,80,,820,80,,,0,42,,821,80,,,0,81,,822,80,,,0,83,,797,80,,,0,43,,798,80,,,0,83,,799,80,,,0,82,,800,80,,,0,82,,801,80,,,0,45,,802,80,,,0,85,,803,80,,,0,85,,804,80,,,0,85,,806,80,,,0,44,,807,80,,,0,83,,808,80,,,0,82,,809,80,,,0,40,,810,80,,,0,80,,811,80,,,0,80,,812,80,,,0,40,,813,80,,,0,80,,814,80,,,0,80,,816,80,,,0,40,,817,80,,,0,96,,823,30,0,8 6,0
9001,'Semaine-01',1842,,828,110,,,0
14001,'Dimanche-01',816,,979,20,,,0,115,,980,20,,,0,115,,981,20,,,0,155,,982,20,,,0,115,,983,20,,,0,115,,984,20,,,0,120,,985,20,,,0,160,,978,20,,,0
14001,'Fête-1-01',816,,988,20,,,0,115,,989,20,,,0,115,,990,20,,,0,155,,991,20,,,0,115,,992,20,,,0,115,,993,20,,,0,120,,994,20,,,0,160,,987,20,,,0
14001,'Fête-2-02',847,,997,20,,,0,160,,998,20,,,0,121,,999,20,,,0,124,,1000,20,,,0,165,,1001,20,,,0,125,,1002,20,,,0,170,,1003,20,,,0,124,,1004,20,,,0,120,,1005,20,,,0,155,,1006,20,,,0
14001,'Samedi-01',816,,1010,20,,,0,115,,1011,20,,,0,115,,1012,20,,,0,155,,1013,20,,,0,115,,1014,20,,,0,115,,1015,20,,,0,120,,1016,20,,,0,160,,1009,20,,,0
14001,'Semaine-01',847,,1019,20,,,0,160,,1020,20,,,0,121,,1021,20,,,0,124,,1022,20,,,0,165,,1023,20,,,0,125,,1024,20,,,0,170,,1025,20,,,0,124,,1026,20,,,0,120,,1027,20,,,0,155,,1028,20,,,0
