101,'Dimanche-01',742,,73,320,,,0,206,,74,320,,,0,171,,75,320,,,0,133,,76,320,,,0,167,,77,320,,,0,120,,78,320,,,0,120,,79,320,,,0,160,,80,320,,,0,117,,81,320,,,0,174,,82,320,,,0,114,,83,320,,,0,113,,84,320,,,0
101,'Fête-1-01',742,,2674,320,,,0,206,,2675,320,,,0,171,,2676,320,,,0,133,,2677,320,,,0,167,,2678,320,,,0,120,,2679,320,,,0,120,,2680,320,,,0,160,,2681,320,,,0,117,,2682,320,,,0,174,,2683,320,,,0,114,,2684,320,,,0,113,,2685,320,,,0
101,'Samedi-01',742,,115,320,,,0,206,,116,320,,,0,171,,117,320,,,0,133,,118,320,,,0,167,,119,320,,,0,120,,120,320,,,0,120,,121,320,,,0,160,,122,320,,,0,117,,123,320,,,0,174,,124,320,,,0,114,,125,320,,,0,113,,126,320,,,0
101,'Semaine-01',641,,127,320,,,0,101,,136,320,,,0,70,,138,320,,,0,90,,139,320,,,0,111,,140,320,,,0,105,,141,320,,,0,95,,143,320,,,0,104,,142,320,,,0,106,,144,320,,,0,81,,128,320,,,0,103,,129,320,,,0,96,,130,320,,,0,107,,131,320,,,0,34,,132,320,,,0,103,,133,320,,,0,83,,134,320,,,0,173,,135,320,,,0,135,,137,320,,,0
101,'Semaine-02',636,,2686,320,,,0,101,,2695,320,,,0,70,,2697,320,,,0,100,,2698,320,,,0,106,,2699,320,,,0,95,,2700,320,,,0,100,,2702,320,,,0,99,,2701,320,,,0,111,,2703,320,,,0,86,,2687,320,,,0,108,,2688,320,,,0,91,,2689,320,,,0,107,,2690,320,,,0,29,,2691,320,,,0,69,,2692,320,,,0,108,,2693,320,,,0,142,,2694,320,,,0,190,,2696,320,,,0
101,'Semaine-03',641,,2704,320,,,0,101,,2713,320,,,0,70,,2715,320,,,0,90,,2716,320,,,0,111,,2717,320,,,0,105,,2718,320,,,0,95,,2720,320,,,0,104,,2719,320,,,0,106,,2721,320,,,0,81,,2705,320,,,0,103,,2706,320,,,0,96,,2707,320,,,0,107,,2708,320,,,0,34,,2709,320,,,0,103,,2710,320,,,0,83,,2711,320,,,0,173,,2712,320,,,0,135,,2714,320,,,0
2301,'Semaine-01',1603,,310,330,,,0,25,,311,330,,,0,30,,312,330,,,0,70,,313,330,,,0,28,,314,330,,,0,69,,315,330,,,0,29,,316,330,,,0
2301,'Semaine-02',1603,,2852,330,,,0,25,,2853,330,,,0,30,,2854,330,,,0,70,,2855,330,,,0,23,,2856,330,,,0,74,,2857,330,,,0,29,,2858,330,,,0
2301,'Semaine-03',1603,,2859,330,,,0,25,,2860,330,,,0,30,,2861,330,,,0,70,,2862,330,,,0,28,,2863,330,,,0,69,,2864,330,,,0,29,,2865,330,,,0
3300,'Dimanche-01',552,,682,230,,,0,82,,680,230,,,0,91,,691,230,,,0,81,,701,230,,,0,43,,703,230,,,0,93,,704,230,,,0,80,,705,230,,,0,80,,706,230,,,0,40,,707,230,,,0,80,,683,230,,,0,80,,684,230,,,0,39,,685,230,,,0,80,,686,230,,,0,80,,687,230,,,0,39,,688,230,,,0,79,,689,230,,,0,39,,690,230,,,0,79,,692,230,,,0,79,,693,230,,,0,40,,694,230,,,0,87,,695,230,,,0,85,,696,230,,,0,85,,697,230,,,0,87,,698,230,,,0,46,,699,230,,,0,83,,700,230,,,0,88,,681,230,,,0,83,,702,230,,,0,119,,708,230,0,8 6,0
3300,'Fête-1-01',612,,3181,230,,,0,41,,3179,230,,,0,82,,3190,230,,,0,82,,3200,230,,,0,42,,3202,230,,,0,84,,3203,230,,,0,81,,3204,230,,,0,82,,3205,230,,,0,42,,3206,230,,,0,82,,3182,230,,,0,82,,3183,230,,,0,42,,3184,230,,,0,82,,3185,230,,,0,82,,3186,230,,,0,82,,3187,230,,,0,42,,3188,230,,,0,82,,3189,230,,,0,85,,3191,230,,,0,39,,3192,230,,,0,82,,3193,230,,,0,82,,3194,230,,,0,39,,3195,230,,,0,81,,3196,230,,,0,81,,3197,230,,,0,42,,3198,230,,,0,83,,3199,230,,,0,86,,3201,230,,,0,86,,3180,230,,,0,113,,3207,230,0,8 6,0
3300,'Samedi-01',612,,769,230,,,0,41,,767,230,,,0,82,,778,230,,,0,82,,788,230,,,0,42,,790,230,,,0,84,,791,230,,,0,81,,792,230,,,0,82,,793,230,,,0,42,,794,230,,,0,82,,770,230,,,0,82,,771,230,,,0,42,,772,230,,,0,82,,773,230,,,0,82,,774,230,,,0,82,,775,230,,,0,42,,776,230,,,0,82,,777,230,,,0,85,,779,230,,,0,39,,780,230,,,0,82,,781,230,,,0,82,,782,230,,,0,39,,783,230,,,0,81,,784,230,,,0,81,,785,230,,,0,42,,786,230,,,0,83,,787,230,,,0,86,,789,230,,,0,86,,768,230,,,0,113,,795,230,0,8 6,0
3300,'Semaine-01',619,,796,230,,,0,40,,824,230,,,0,81,,805,230,,,0,80,,815,230,,,0,80,,818,230,,,0,40,,819,230,,,0,80,,820,230,,,0,82,,821,230,,,0,41,,822,230,,,0,83,,797,230,,,0,83,,798,230,,,0,43,,799,230,,,0,82,,800,230,,,0,83,,801,230,,,0,86,,802,230,,,0,45,,803,230,,,0,85,,804,230,,,0,84,,806,230,,,0,83,,807,230,,,0,43,,808,230,,,0,82,,809,230,,,0,80,,810,230,,,0,40,,811,230,,,0,79,,812,230,,,0,80,,813,230,,,0,40,,814,230,,,0,80,,816,230,,,0,80,,817,230,,,0,96,,823,180,0,8 6,0
3300,'Semaine-02',614,,3208,230,,,0,41,,3236,230,,,0,82,,3217,230,,,0,82,,3227,230,,,0,82,,3230,230,,,0,42,,3231,230,,,0,82,,3232,230,,,0,83,,3233,230,,,0,43,,3234,230,,,0,83,,3209,230,,,0,83,,3210,230,,,0,83,,3211,230,,,0,43,,3212,230,,,0,85,,3213,230,,,0,87,,3214,230,,,0,87,,3215,230,,,0,45,,3216,230,,,0,84,,3218,230,,,0,81,,3219,230,,,0,41,,3220,230,,,0,81,,3221,230,,,0,81,,3222,230,,,0,41,,3223,230,,,0,80,,3224,230,,,0,80,,3225,230,,,0,40,,3226,230,,,0,80,,3228,230,,,0,80,,3229,230,,,0,85,,3235,180,0,8 6,0
3300,'Semaine-03',619,,3237,230,,,0,40,,3265,230,,,0,81,,3246,230,,,0,80,,3256,230,,,0,80,,3259,230,,,0,40,,3260,230,,,0,80,,3261,230,,,0,82,,3262,230,,,0,41,,3263,230,,,0,83,,3238,230,,,0,83,,3239,230,,,0,43,,3240,230,,,0,82,,3241,230,,,0,83,,3242,230,,,0,86,,3243,230,,,0,45,,3244,230,,,0,85,,3245,230,,,0,84,,3247,230,,,0,83,,3248,230,,,0,43,,3249,230,,,0,82,,3250,230,,,0,80,,3251,230,,,0,40,,3252,230,,,0,79,,3253,230,,,0,80,,3254,230,,,0,40,,3255,230,,,0,80,,3257,230,,,0,80,,3258,230,,,0,96,,3264,180,0,8 6,0
