100,'Dimanche-01',635,,12,590,,,0,200,,1,590,,,0,167,,2,590,,,0,130,,3,590,,,0,125,,4,590,,,0,163,,5,590,,,0,118,,6,590,,,0,120,,7,590,,,0,163,,8,590,,,0,135,,9,590,,,0,155,,10,590,,,0,115,,11,590,,,0
100,'Fête-1-01',635,,24,590,,,0,200,,13,590,,,0,167,,14,590,,,0,130,,15,590,,,0,125,,16,590,,,0,163,,17,590,,,0,118,,18,590,,,0,120,,19,590,,,0,163,,20,590,,,0,135,,21,590,,,0,155,,22,590,,,0,115,,23,590,,,0
100,'Fête-2-02',522,,25,590,,,0,104,,26,590,,,0,26,,27,590,,,0,82,,28,590,,,0,118,,29,590,,,0,103,,32,590,,,0,95,,41,590,,,0,100,,33,590,,,0,102,,42,590,,,0,80,,34,590,,,0,100,,35,590,,,0,100,,39,590,,,0,110,,36,590,,,0,75,,37,590,,,0,105,,30,590,,,0,92,,31,590,,,0,132,,40,590,,,0,184,,38,590,,,0
100,'Samedi-01',635,,54,590,,,0,200,,43,590,,,0,167,,44,590,,,0,130,,45,590,,,0,125,,46,590,,,0,163,,47,590,,,0,118,,48,590,,,0,120,,49,590,,,0,163,,50,590,,,0,135,,51,590,,,0,155,,52,590,,,0,115,,53,590,,,0
100,'Semaine-01',522,,55,590,,,0,104,,56,590,,,0,26,,57,590,,,0,82,,58,590,,,0,118,,59,590,,,0,104,,62,590,,,0,94,,71,590,,,0,101,,63,590,,,0,101,,72,590,,,0,78,,64,590,,,0,102,,65,590,,,0,100,,69,590,,,0,110,,66,590,,,0,75,,67,590,,,0,105,,60,590,,,0,92,,61,590,,,0,132,,70,590,,,0,184,,68,590,,,0
2600,'Fête-2-02',501,,361,230,,,0,16,,362,240,,,0
2600,'Semaine-01',501,,363,230,,,0,16,,364,240,,,0
2800,'Fête-2-02',512,,407,120,,,0,20,,406,120,,,0,20,,404,360,,,0,60,,412,120,,,0,20,,403,380,,,0,20,,405,360,,,0,61,,408,120,,,0,20,,409,120,,,0,20,,410,120,,,0,60,,411,120,,,0
2800,'Semaine-01',512,,417,120,,,0,20,,416,120,,,0,20,,414,360,,,0,50,,428,120,,,0,10,,424,120,,,0,10,,425,120,,,0,10,,413,380,,,0,8,,426,120,,,0,8,,415,360,,,0,8,,429,120,,,0,49,,427,120,,,0,8,,418,120,,,0,10,,419,120,,,0,10,,420,120,,,0,10,,421,120,,,0,10,,422,120,,,0,60,,423,120,,,0
3300,'Dimanche-01',610,,682,500,,,0,42,,680,500,,,0,91,,691,500,,,0,81,,701,500,,,0,83,,703,500,,,0,93,,704,500,,,0,40,,705,500,,,0,80,,706,500,,,0,80,,707,500,,,0,40,,683,500,,,0,80,,684,500,,,0,39,,685,500,,,0,80,,686,500,,,0,80,,687,500,,,0,39,,688,500,,,0,79,,689,500,,,0,79,,690,500,,,0,39,,692,500,,,0,79,,693,500,,,0,80,,694,500,,,0,87,,695,500,,,0,45,,696,500,,,0,85,,697,500,,,0,87,,698,500,,,0,86,,699,500,,,0,43,,700,500,,,0,88,,681,500,,,0,83,,702,500,,,0
3300,'Fête-1-01',630,,711,500,,,0,81,,709,500,,,0,42,,720,500,,,0,82,,730,500,,,0,82,,732,500,,,0,84,,733,500,,,0,41,,734,500,,,0,82,,735,500,,,0,82,,736,500,,,0,42,,712,500,,,0,82,,713,500,,,0,82,,714,500,,,0,42,,715,500,,,0,82,,716,500,,,0,82,,717,500,,,0,82,,718,500,,,0,42,,719,500,,,0,85,,721,500,,,0,79,,722,500,,,0,42,,723,500,,,0,82,,724,500,,,0,79,,725,500,,,0,41,,726,500,,,0,81,,727,500,,,0,82,,728,500,,,0,43,,729,500,,,0,86,,731,500,,,0,86,,710,500,,,0
3300,'Fête-2-02',637,,738,500,,,0,80,,766,500,,,0,41,,747,500,,,0,80,,757,500,,,0,80,,760,500,,,0,40,,761,500,,,0,80,,762,500,,,0,82,,763,500,,,0,81,,764,500,,,0,43,,739,500,,,0,83,,740,500,,,0,83,,741,500,,,0,43,,742,500,,,0,84,,743,500,,,0,86,,744,500,,,0,84,,745,500,,,0,45,,746,500,,,0,84,,748,500,,,0,81,,749,500,,,0,83,,750,500,,,0,42,,751,500,,,0,80,,752,500,,,0,80,,753,500,,,0,39,,754,500,,,0,80,,755,500,,,0,80,,756,500,,,0,40,,758,500,,,0,80,,759,500,,,0
3300,'Samedi-01',630,,769,500,,,0,81,,767,500,,,0,42,,778,500,,,0,82,,788,500,,,0,82,,790,500,,,0,84,,791,500,,,0,41,,792,500,,,0,82,,793,500,,,0,82,,794,500,,,0,42,,770,500,,,0,82,,771,500,,,0,82,,772,500,,,0,42,,773,500,,,0,82,,774,500,,,0,82,,775,500,,,0,82,,776,500,,,0,42,,777,500,,,0,85,,779,500,,,0,79,,780,500,,,0,42,,781,500,,,0,82,,782,500,,,0,79,,783,500,,,0,41,,784,500,,,0,81,,785,500,,,0,82,,786,500,,,0,43,,787,500,,,0,86,,789,500,,,0,86,,768,500,,,0
3300,'Semaine-01',637,,796,500,,,0,80,,824,500,,,0,41,,805,500,,,0,80,,815,500,,,0,80,,818,500,,,0,40,,819,500,,,0,80,,820,500,,,0,82,,821,500,,,0,81,,822,500,,,0,43,,797,500,,,0,83,,798,500,,,0,83,,799,500,,,0,43,,800,500,,,0,84,,801,500,,,0,86,,802,500,,,0,84,,803,500,,,0,45,,804,500,,,0,84,,806,500,,,0,81,,807,500,,,0,83,,808,500,,,0,42,,809,500,,,0,80,,810,500,,,0,80,,811,500,,,0,39,,812,500,,,0,80,,813,500,,,0,80,,814,500,,,0,40,,816,500,,,0,80,,817,500,,,0
9000,'Semaine-01',646,,825,140,,,0,63,,826,140,,,0
