11100,'Dimanche-01',850,,857,550,4,,0,187,,856,550,4,,0,291,,858,550,4,,0,291,,859,550,4,,0,305,,860,550,4,,0
11100,'Fête-1-03',850,,2996,550,4,,0,187,,2995,550,4,,0,291,,2997,550,4,,0,291,,2998,550,4,,0,305,,2999,550,4,,0
11100,'Fête-2-01',610,,3007,550,4,,0,30,,3005,550,4,,0,70,,3008,550,4,,0,30,,3006,550,4,,0,70,,3012,550,4,,0,30,,3013,550,4,,0,69,,3004,550,4,,0,100,,3014,550,4,,0,329,,3003,550,4,,0,400,,3009,550,4,,0,70,,3011,550,4,,0,30,,3010,550,4,,0,170,,3015,550,4,,0
11100,'Samedi-01',850,,887,550,4,,0,187,,886,550,4,,0,291,,888,550,4,,0,291,,889,550,4,,0,305,,890,550,4,,0
11100,'Semaine-01',615,,896,550,4,,0,98,,897,550,4,,0,111,,898,550,4,,0,95,,899,550,4,,0,114,,912,550,4,,0,75,,894,550,4,,0,225,,895,550,4,,0,380,,906,550,4,,0,99,,908,550,4,,0,393,,910,480,4,,0
11101,'Dimanche-01',853,,917,10,,,0,187,,916,10,,,0,295,,918,10,,,0,288,,919,10,,,0,305,,920,10,,,0
11101,'Fête-1-03',853,,3018,10,,,0,187,,3017,10,,,0,295,,3019,10,,,0,288,,3020,10,,,0,305,,3021,10,,,0
11101,'Fête-2-01',700,,3033,20,,,0,100,,3036,20,,,0,100,,3037,20,,,0,15,,3035,10,,,0,230,,3039,10,,,0,200,,3025,10,,,0,190,,3026,20,,,0,70,,3028,20,,,0,30,,3029,20,,,0,70,,3030,20,,,0,30,,3031,20,,,0,70,,3032,20,,,0,30,,3034,20,,,0,70,,3027,20,,,0,110,,3038,10,,,0
11101,'Samedi-01',853,,949,10,,,0,187,,948,10,,,0,295,,950,10,,,0,288,,951,10,,,0,305,,952,10,,,0
11101,'Semaine-01',625,,965,10,,,0,95,,972,10,,,0,130,,973,10,,,0,95,,970,10,,,0,190,,975,10,,,0,265,,956,20,,,0,120,,959,20,,,0,110,,967,20,,,0,110,,968,20,,,0,95,,969,20,,,0,75,,958,20,,,0,305,,971,10,,,0
