2000,'Dimanche-01',710,,146,360,,,0,124,,147,360,,,0,166,,148,360,,,0,125,,149,360,,,0,125,,150,360,,,0,164,,151,360,,,0,125,,152,360,,,0,165,,153,360,,,0
2000,'Fête-1-03',710,,2686,360,,,0,124,,2687,360,,,0,166,,2688,360,,,0,125,,2689,360,,,0,125,,2690,360,,,0,164,,2691,360,,,0,125,,2692,360,,,0,165,,2693,360,,,0
2000,'Fête-2-01',653,,2694,350,,,0,165,,2695,350,,,0,125,,2696,350,,,0,166,,2697,350,,,0,126,,2698,350,,,0,165,,2699,350,,,0,126,,2700,350,,,0,126,,2701,350,,,0,166,,2702,350,,,0
2000,'Samedi-01',710,,171,360,,,0,124,,172,360,,,0,166,,173,360,,,0,125,,174,360,,,0,125,,175,360,,,0,164,,176,360,,,0,125,,177,360,,,0,165,,178,360,,,0
2000,'Semaine-01',653,,179,350,,,0,165,,180,350,,,0,125,,181,350,,,0,166,,182,350,,,0,126,,183,350,,,0,165,,184,350,,,0,126,,185,350,,,0,126,,186,350,,,0,166,,187,350,,,0
2000,'Semaine-01-0001100',1943,,189,350,,,0,164,,188,350,,,0
2000002000,'Dimanche-01',535,,1318,50,0,11 13,0,170,,1319,50,0,11 13,0,44,,1330,80,,,0,86,,1320,50,0,11 13,0,84,,1331,80,,,0,86,,1321,50,0,11 13,0,45,,1332,80,,,0,86,,1322,50,0,11 13,0,85,,1333,80,,,0,85,,1323,50,0,11 13,0,45,,1334,80,,,0,85,,1324,50,0,11 13,0,85,,1335,80,,,0,85,,1325,50,0,11 13,0,45,,1336,80,,,0,85,,1326,50,0,11 13,0,85,,1337,80,,,0,85,,1327,50,0,11 13,0,44,,1338,80,,,0,86,,1328,50,0,11 13,0,84,,1339,80,,,0,86,,1329,50,0,11 13,0,44,,1340,80,,,0,170,,1341,80,,,0
2000002000,'Fête-1-03',535,,3183,50,0,11 13,0,170,,3184,50,0,11 13,0,44,,3195,80,,,0,86,,3185,50,0,11 13,0,84,,3196,80,,,0,86,,3186,50,0,11 13,0,45,,3197,80,,,0,86,,3187,50,0,11 13,0,85,,3198,80,,,0,85,,3188,50,0,11 13,0,45,,3199,80,,,0,85,,3189,50,0,11 13,0,85,,3200,80,,,0,85,,3190,50,0,11 13,0,45,,3201,80,,,0,85,,3191,50,0,11 13,0,85,,3202,80,,,0,85,,3192,50,0,11 13,0,44,,3203,80,,,0,86,,3193,50,0,11 13,0,84,,3204,80,,,0,86,,3194,50,0,11 13,0,44,,3205,80,,,0,170,,3206,80,,,0
2000002000,'Fête-2-01',440,,3208,50,0,11 13,0,79,,3207,50,0,11 13,0,17,,3209,80,0,11 13,0,72,,3210,50,0,11 13,0,33,,3226,80,,,0,98,,3227,80,,,0,68,,3228,80,,,0,99,,3213,50,0,11 13,0,31,,3229,80,,,0,69,,3214,50,0,11 13,0,34,,3230,80,,,0,66,,3215,50,0,11 13,0,34,,3231,80,,,0,61,,3216,50,0,11 13,0,34,,3232,80,,,0,21,,3217,50,0,11 13,0,83,,3233,80,,,0,67,,3218,50,0,11 13,0,35,,3234,80,,,0,63,,3219,80,0,11 13,0,32,,3235,80,,,0,70,,3220,50,0,11 13,0,29,,3236,80,,,0,105,,3237,80,,,0,100,,3224,80,,,0,74,,3223,80,,,0,93,,3222,80,,,0,93,,3221,80,,,0,50,,3225,50,0,11 13,0,73,,3212,80,,,0,179,,3211,80,,,0
2000002000,'Samedi-01',535,,1397,50,0,11 13,0,170,,1398,50,0,11 13,0,44,,1409,80,,,0,86,,1399,50,0,11 13,0,84,,1410,80,,,0,86,,1400,50,0,11 13,0,45,,1411,80,,,0,86,,1401,50,0,11 13,0,85,,1412,80,,,0,85,,1402,50,0,11 13,0,45,,1413,80,,,0,85,,1403,50,0,11 13,0,85,,1414,80,,,0,85,,1404,50,0,11 13,0,45,,1415,80,,,0,85,,1405,50,0,11 13,0,85,,1416,80,,,0,85,,1406,50,0,11 13,0,44,,1417,80,,,0,86,,1407,50,0,11 13,0,84,,1418,80,,,0,86,,1408,50,0,11 13,0,44,,1419,80,,,0,170,,1420,80,,,0
2000002000,'Semaine-01',440,,1422,50,0,11 13,0,79,,1421,50,0,11 13,0,17,,1423,80,0,11 13,0,72,,1424,50,0,11 13,0,33,,1440,80,,,0,98,,1441,80,,,0,68,,1442,80,,,0,99,,1427,50,0,11 13,0,31,,1443,80,,,0,69,,1428,50,0,11 13,0,34,,1444,80,,,0,66,,1429,50,0,11 13,0,34,,1445,80,,,0,61,,1430,50,0,11 13,0,34,,1446,80,,,0,21,,1431,50,0,11 13,0,83,,1447,80,,,0,67,,1432,50,0,11 13,0,35,,1448,80,,,0,63,,1433,80,0,11 13,0,32,,1449,80,,,0,70,,1434,50,0,11 13,0,29,,1450,80,,,0,105,,1451,80,,,0,100,,1438,80,,,0,74,,1437,80,,,0,93,,1436,80,,,0,93,,1435,80,,,0,50,,1439,50,0,11 13,0,73,,1426,80,,,0,179,,1425,80,,,0
