100,'Dimanche-01',654,,12,720,4,,0,200,,1,720,4,,0,168,,2,720,4,,0,131,,3,720,4,,0,165,,4,720,4,,0,123,,5,720,4,,0,118,,6,720,4,,0,160,,7,720,4,,0,123,,8,720,4,,0,175,,9,720,4,,0,115,,10,720,4,,0,115,,11,720,4,,0
100,'Samedi-01',654,,54,720,4,,0,200,,43,720,4,,0,168,,44,720,4,,0,131,,45,720,4,,0,165,,46,720,4,,0,123,,47,720,4,,0,118,,48,720,4,,0,160,,49,720,4,,0,123,,50,720,4,,0,175,,51,720,4,,0,115,,52,720,4,,0,115,,53,720,4,,0
100,'Semaine-01',543,,55,720,4,,0,105,,56,720,4,,0,67,,57,720,4,,0,43,,58,720,4,,0,156,,59,720,4,,0,103,,62,720,4,,0,92,,71,720,4,,0,103,,63,720,4,,0,104,,72,720,4,,0,38,,64,720,4,,0,101,,65,720,4,,0,100,,69,720,4,,0,150,,66,720,4,,0,34,,67,720,4,,0,104,,60,720,4,,0,92,,61,720,4,,0,171,,70,720,4,,0,143,,68,720,4,,0
2100,'Semaine-01',600,,240,360,4,,0,30,,241,360,4,,0,73,,242,360,4,,0,36,,243,360,4,,0,70,,244,360,4,,0,36,,245,360,4,,0
2300,'Semaine-01',601,,295,400,4,,0,26,,296,400,4,,0,17,,297,400,4,,0,75,,298,400,4,,0,26,,299,400,4,,0,61,,300,400,4,,0,20,,301,400,4,,0,20,,302,400,4,,0
2500,'Semaine-01',618,,346,380,4,,0,34,,343,400,4,,0,61,,347,380,4,,0,29,,344,400,4,,0,66,,348,380,4,,0,29,,345,400,4,,0
2600,'Semaine-01',515,,363,350,4,,0,16,,364,360,4,,0
3100,'Dimanche-01',735,,492,440,4,,0,219,,493,440,4,,0,278,,491,440,4,,0,123,,484,440,4,,0,160,,485,440,4,,0,118,,486,440,4,,0,118,,487,440,4,,0,159,,488,440,4,,0,127,,489,440,4,,0,221,,483,440,4,,0,253,,490,440,4,,0
3100,'Samedi-01',624,,537,440,4,,0,83,,548,440,4,,0,205,,549,440,4,,0,125,,546,440,4,,0,164,,536,440,4,,0,124,,547,440,4,,0,124,,538,440,4,,0,164,,539,440,4,,0,124,,540,440,4,,0,164,,541,440,4,,0,124,,542,440,4,,0,27,,543,440,4,,0,256,,544,440,4,,0,213,,545,440,4,,0
3100,'Semaine-01',638,,574,440,4,,0,80,,550,440,4,,0,82,,560,440,4,,0,40,,575,440,4,,0,80,,569,440,4,,0,80,,570,440,4,,0,37,,571,440,4,,0,79,,577,440,4,,0,84,,572,440,4,,0,43,,573,440,4,,0,83,,551,440,4,,0,83,,552,440,4,,0,42,,553,440,4,,0,84,,554,440,4,,0,84,,555,440,4,,0,85,,556,440,4,,0,46,,557,440,4,,0,83,,558,440,4,,0,84,,559,440,4,,0,42,,561,440,4,,0,82,,562,440,4,,0,79,,563,440,4,,0,80,,564,440,4,,0,37,,565,440,4,,0,80,,566,440,4,,0,40,,567,440,4,,0,80,,568,440,4,,0
3200,'Dimanche-01',630,,578,450,4,,0,214,,583,450,4,,0,263,,586,450,4,,0,152,,587,450,4,,0,159,,579,450,4,,0,122,,589,450,4,,0,160,,580,450,4,,0,119,,582,450,4,,0,118,,581,450,4,,0,213,,584,450,4,,0,256,,585,450,4,,0
3200,'Samedi-01',601,,635,330,4,,0,141,,641,450,4,,0,77,,636,450,4,,0,120,,644,450,4,,0,163,,645,450,4,,0,124,,646,450,4,,0,124,,637,450,4,,0,164,,648,450,4,,0,124,,638,450,4,,0,168,,639,450,4,,0,120,,640,450,4,,0,274,,642,450,4,,0,216,,643,450,4,,0
3200,'Semaine-01',702,,674,450,4,,0,41,,649,450,4,,0,80,,677,450,4,,0,80,,660,450,4,,0,40,,668,450,4,,0,77,,669,450,4,,0,81,,670,450,4,,0,41,,671,450,4,,0,83,,672,450,4,,0,83,,673,450,4,,0,43,,650,450,4,,0,82,,651,450,4,,0,83,,652,450,4,,0,86,,676,450,4,,0,18,,653,100,4,,0,27,,654,450,4,,0,59,,678,100,4,,0,24,,655,450,4,,0,20,,679,100,4,,0,65,,656,450,4,,0,44,,657,450,4,,0,81,,658,450,4,,0,83,,659,450,4,,0,80,,661,450,4,,0,40,,662,450,4,,0,80,,663,450,4,,0,80,,664,450,4,,0,40,,665,450,4,,0,80,,666,450,4,,0,80,,667,450,4,,0
9800,'Semaine-01',703,,855,240,4,,0,102,,843,340,4,,0,104,,847,340,4,,0,105,,848,340,4,,0,506,,849,340,4,,0,105,,850,340,4,,0,105,,851,340,4,,0,105,,852,340,4,,0,102,,853,340,4,,0,97,,854,340,4,,0,95,,844,340,4,,0,90,,845,340,4,,0
11100,'Dimanche-01',840,,857,470,4,,0,187,,856,470,4,,0,291,,858,470,4,,0,289,,859,470,4,,0,305,,860,470,4,,0
11100,'Samedi-01',840,,887,470,4,,0,187,,886,470,4,,0,291,,888,470,4,,0,289,,889,470,4,,0,305,,890,470,4,,0
11100,'Semaine-01',606,,896,470,4,,0,96,,897,470,4,,0,110,,898,470,4,,0,95,,899,470,4,,0,114,,912,470,4,,0,36,,894,470,4,,0,265,,895,470,4,,0,380,,906,470,4,,0,99,,908,470,4,,0,354,,910,400,4,,0
