100,'Dimanche-01',701,,12,780,4,,0,201,,1,780,4,,0,129,,2,780,4,,0,171,,3,780,4,,0,125,,4,780,4,,0,123,,5,780,4,,0,157,,6,780,4,,0,120,,7,780,4,,0,123,,8,780,4,,0,175,,9,780,4,,0,115,,10,780,4,,0,115,,11,780,4,,0
100,'Samedi-01',701,,54,780,4,,0,201,,43,780,4,,0,129,,44,780,4,,0,171,,45,780,4,,0,125,,46,780,4,,0,123,,47,780,4,,0,157,,48,780,4,,0,120,,49,780,4,,0,123,,50,780,4,,0,175,,51,780,4,,0,115,,52,780,4,,0,115,,53,780,4,,0
100,'Semaine-01',549,,55,780,4,,0,106,,56,780,4,,0,68,,57,780,4,,0,84,,58,780,4,,0,115,,59,780,4,,0,103,,62,780,4,,0,92,,71,780,4,,0,103,,63,780,4,,0,105,,72,780,4,,0,78,,64,780,4,,0,101,,65,780,4,,0,100,,69,780,4,,0,110,,66,780,4,,0,34,,67,780,4,,0,103,,60,780,4,,0,92,,61,780,4,,0,171,,70,780,4,,0,142,,68,780,4,,0
2100,'Semaine-01',607,,240,420,4,,0,30,,241,420,4,,0,73,,242,420,4,,0,37,,243,420,4,,0,70,,244,420,4,,0,36,,245,420,4,,0
2300,'Semaine-01',608,,295,460,4,,0,27,,296,460,4,,0,17,,297,460,4,,0,75,,298,460,4,,0,26,,299,460,4,,0,61,,300,460,4,,0,20,,301,460,4,,0,20,,302,460,4,,0
2500,'Semaine-01',624,,346,440,4,,0,34,,343,460,4,,0,61,,347,440,4,,0,29,,344,460,4,,0,66,,348,440,4,,0,29,,345,460,4,,0
2600,'Semaine-01',521,,363,410,4,,0,16,,364,420,4,,0
3100,'Dimanche-01',741,,492,500,4,,0,260,,493,500,4,,0,238,,491,500,4,,0,163,,484,500,4,,0,120,,485,500,4,,0,118,,486,500,4,,0,118,,487,500,4,,0,159,,488,500,4,,0,127,,489,500,4,,0,260,,483,500,4,,0,213,,490,500,4,,0
3100,'Samedi-01',630,,537,500,4,,0,83,,548,500,4,,0,206,,549,500,4,,0,125,,546,500,4,,0,164,,536,500,4,,0,124,,547,500,4,,0,124,,538,500,4,,0,164,,539,500,4,,0,124,,540,500,4,,0,164,,541,500,4,,0,124,,542,500,4,,0,26,,543,500,4,,0,256,,544,500,4,,0,213,,545,500,4,,0
3100,'Semaine-01',644,,574,500,4,,0,80,,550,500,4,,0,82,,560,500,4,,0,41,,575,500,4,,0,80,,569,500,4,,0,80,,570,500,4,,0,37,,571,500,4,,0,79,,577,500,4,,0,84,,572,500,4,,0,43,,573,500,4,,0,83,,551,500,4,,0,83,,552,500,4,,0,42,,553,500,4,,0,84,,554,500,4,,0,84,,555,500,4,,0,85,,556,500,4,,0,46,,557,500,4,,0,82,,558,500,4,,0,84,,559,500,4,,0,82,,561,500,4,,0,42,,562,500,4,,0,79,,563,500,4,,0,80,,564,500,4,,0,37,,565,500,4,,0,80,,566,500,4,,0,80,,567,500,4,,0,40,,568,500,4,,0
3200,'Dimanche-01',637,,578,510,4,,0,214,,583,510,4,,0,263,,586,510,4,,0,192,,587,510,4,,0,119,,579,510,4,,0,122,,589,510,4,,0,160,,580,510,4,,0,119,,582,510,4,,0,118,,581,510,4,,0,212,,584,510,4,,0,256,,585,510,4,,0
3200,'Samedi-01',608,,635,390,4,,0,141,,641,510,4,,0,77,,636,510,4,,0,120,,644,510,4,,0,163,,645,510,4,,0,124,,646,510,4,,0,124,,637,510,4,,0,164,,648,510,4,,0,124,,638,510,4,,0,168,,639,510,4,,0,120,,640,510,4,,0,273,,642,510,4,,0,216,,643,510,4,,0
3200,'Semaine-01',708,,674,510,4,,0,42,,649,510,4,,0,80,,677,510,4,,0,80,,660,510,4,,0,40,,668,510,4,,0,77,,669,510,4,,0,81,,670,510,4,,0,41,,671,510,4,,0,83,,672,510,4,,0,83,,673,510,4,,0,43,,650,510,4,,0,82,,651,510,4,,0,84,,652,510,4,,0,86,,676,510,4,,0,17,,653,160,4,,0,28,,654,510,4,,0,58,,678,160,4,,0,24,,655,510,4,,0,20,,679,160,4,,0,65,,656,510,4,,0,84,,657,510,4,,0,40,,658,510,4,,0,83,,659,510,4,,0,80,,661,510,4,,0,40,,662,510,4,,0,80,,663,510,4,,0,80,,664,510,4,,0,40,,665,510,4,,0,80,,666,510,4,,0,80,,667,510,4,,0
9800,'Semaine-01',709,,855,300,4,,0,102,,843,400,4,,0,104,,847,400,4,,0,105,,848,400,4,,0,506,,849,400,4,,0,105,,850,400,4,,0,105,,851,400,4,,0,104,,852,400,4,,0,102,,853,400,4,,0,97,,854,400,4,,0,94,,844,400,4,,0,90,,845,400,4,,0
11100,'Dimanche-01',847,,857,530,4,,0,187,,856,530,4,,0,291,,858,530,4,,0,290,,859,530,4,,0,305,,860,530,4,,0
11100,'Samedi-01',847,,887,530,4,,0,187,,886,530,4,,0,291,,888,530,4,,0,290,,889,530,4,,0,305,,890,530,4,,0
11100,'Semaine-01',612,,896,530,4,,0,98,,897,530,4,,0,110,,898,530,4,,0,95,,899,530,4,,0,114,,912,530,4,,0,76,,894,530,4,,0,225,,895,530,4,,0,380,,906,530,4,,0,99,,908,530,4,,0,393,,910,460,4,,0
