2000002300,'Dimanche-01',549,,1719,50,,,0,79,,1721,50,,,0,74,,1722,50,,,0,101,,1723,50,,,0,41,,1724,50,,,0,75,,1725,50,,,0,107,,1726,50,,,0,97,,1727,50,,,0,95,,1728,50,,,0,82,,1729,50,,,0,37,,1730,50,,,0,83,,1731,50,,,0,39,,1732,50,,,0,82,,1733,50,,,0,78,,1734,50,,,0,40,,1735,50,,,0,79,,1736,50,,,0,82,,1737,50,,,0,36,,1738,50,,,0,146,,1739,50,,,0,109,,1740,50,,,0,112,,1741,50,,,0,104,,1742,50,,,0,111,,1743,50,,,0,102,,1720,50,,,0
2000002300,'Fête-1-01',551,,3847,50,,,0,83,,3849,50,,,0,81,,3850,50,,,0,35,,3851,50,,,0,87,,3852,50,,,0,84,,3853,50,,,0,81,,3854,50,,,0,53,,3855,50,,,0,90,,3856,50,,,0,85,,3857,50,,,0,79,,3858,50,,,0,41,,3859,50,,,0,83,,3860,50,,,0,85,,3861,50,,,0,39,,3862,50,,,0,85,,3863,50,,,0,83,,3864,50,,,0,80,,3865,50,,,0,40,,3866,50,,,0,85,,3867,50,,,0,87,,3868,50,,,0,104,,3869,50,,,0,80,,3870,50,,,0,32,,3871,50,,,0,104,,3872,50,,,0,111,,3873,50,,,0,96,,3848,50,,,0
2000002300,'Samedi-01',551,,1799,50,,,0,83,,1801,50,,,0,81,,1802,50,,,0,35,,1803,50,,,0,87,,1804,50,,,0,84,,1805,50,,,0,81,,1806,50,,,0,53,,1807,50,,,0,90,,1808,50,,,0,85,,1809,50,,,0,79,,1810,50,,,0,41,,1811,50,,,0,83,,1812,50,,,0,85,,1813,50,,,0,39,,1814,50,,,0,85,,1815,50,,,0,83,,1816,50,,,0,80,,1817,50,,,0,40,,1818,50,,,0,85,,1819,50,,,0,87,,1820,50,,,0,104,,1821,50,,,0,80,,1822,50,,,0,32,,1823,50,,,0,104,,1824,50,,,0,111,,1825,50,,,0,96,,1800,50,,,0
2000002300,'Semaine-01',558,,1826,50,,,0,80,,1827,50,,,0,80,,1851,50,,,0,41,,1852,50,,,0,79,,1828,50,,,0,80,,1850,50,,,0,40,,1848,50,,,0,81,,1847,50,,,0,82,,1849,50,,,0,83,,1846,50,,,0,43,,1843,50,,,0,83,,1845,50,,,0,82,,1844,50,,,0,42,,1842,50,,,0,85,,1841,50,,,0,85,,1840,50,,,0,86,,1839,50,,,0,45,,1838,50,,,0,85,,1837,50,,,0,82,,1836,50,,,0,82,,1835,50,,,0,39,,1834,50,,,0,80,,1833,50,,,0,80,,1832,50,,,0,40,,1831,50,,,0,80,,1830,50,,,0,80,,1829,50,,,0,121,,1853,50,,,0
2000002300,'Semaine-02',558,,3874,50,,,0,80,,3875,50,,,0,80,,3899,50,,,0,41,,3900,50,,,0,79,,3876,50,,,0,80,,3898,50,,,0,40,,3896,50,,,0,81,,3895,50,,,0,82,,3897,50,,,0,83,,3894,50,,,0,43,,3891,50,,,0,83,,3893,50,,,0,82,,3892,50,,,0,42,,3890,50,,,0,85,,3889,50,,,0,85,,3888,50,,,0,86,,3887,50,,,0,45,,3886,50,,,0,85,,3885,50,,,0,82,,3884,50,,,0,82,,3883,50,,,0,39,,3882,50,,,0,80,,3881,50,,,0,80,,3880,50,,,0,40,,3879,50,,,0,80,,3878,50,,,0,80,,3877,50,,,0,121,,3901,50,,,0
2000002300,'Semaine-03',558,,3902,50,,,0,80,,3903,50,,,0,80,,3927,50,,,0,41,,3928,50,,,0,79,,3904,50,,,0,80,,3926,50,,,0,40,,3924,50,,,0,81,,3923,50,,,0,82,,3925,50,,,0,83,,3922,50,,,0,43,,3919,50,,,0,83,,3921,50,,,0,82,,3920,50,,,0,42,,3918,50,,,0,85,,3917,50,,,0,85,,3916,50,,,0,86,,3915,50,,,0,45,,3914,50,,,0,85,,3913,50,,,0,82,,3912,50,,,0,82,,3911,50,,,0,39,,3910,50,,,0,80,,3909,50,,,0,80,,3908,50,,,0,40,,3907,50,,,0,80,,3906,50,,,0,80,,3905,50,,,0,121,,3929,50,,,0
2000002301,'Dimanche-01',612,,1854,50,,,0,34,,1864,50,,,0,80,,1859,50,,,0,101,,1869,50,,,0,76,,1865,50,,,0,40,,1858,50,,,0,107,,1860,50,,,0,97,,1861,50,,,0,95,,1868,50,,,0,75,,1862,50,,,0,84,,1857,50,,,0,38,,1870,50,,,0,84,,1863,50,,,0,77,,1867,50,,,0,43,,1866,50,,,0,79,,1856,50,,,0,80,,1871,50,,,0,37,,1872,50,,,0,81,,1877,50,,,0,106,,1874,50,,,0,109,,1873,50,,,0,112,,1878,50,,,0,104,,1876,50,,,0,151,,1875,50,,,0,102,,1855,50,,,0
2000002301,'Fête-1-01',615,,3930,50,,,0,43,,3940,50,,,0,76,,3935,50,,,0,75,,3946,50,,,0,92,,3941,50,,,0,40,,3934,50,,,0,85,,3943,50,,,0,88,,3936,50,,,0,95,,3937,50,,,0,40,,3945,50,,,0,84,,3938,50,,,0,76,,3933,50,,,0,48,,3947,50,,,0,80,,3939,50,,,0,84,,3944,50,,,0,80,,3942,50,,,0,48,,3932,50,,,0,75,,3948,50,,,0,85,,3949,50,,,0,40,,3954,50,,,0,92,,3951,50,,,0,104,,3950,50,,,0,72,,3955,50,,,0,40,,3956,50,,,0,144,,3953,50,,,0,111,,3952,50,,,0,96,,3931,50,,,0
2000002301,'Samedi-01',615,,1935,50,,,0,43,,1945,50,,,0,76,,1940,50,,,0,75,,1951,50,,,0,92,,1946,50,,,0,40,,1939,50,,,0,85,,1948,50,,,0,88,,1941,50,,,0,95,,1942,50,,,0,40,,1950,50,,,0,84,,1943,50,,,0,76,,1938,50,,,0,48,,1952,50,,,0,80,,1944,50,,,0,84,,1949,50,,,0,80,,1947,50,,,0,48,,1937,50,,,0,75,,1953,50,,,0,85,,1954,50,,,0,40,,1959,50,,,0,92,,1956,50,,,0,104,,1955,50,,,0,72,,1960,50,,,0,40,,1961,50,,,0,144,,1958,50,,,0,111,,1957,50,,,0,96,,1936,50,,,0
2000002301,'Semaine-01',622,,1990,50,,,0,80,,1987,50,,,0,40,,1988,50,,,0,80,,1989,50,,,0,80,,1985,50,,,0,40,,1986,50,,,0,80,,1983,50,,,0,81,,1982,50,,,0,42,,1984,50,,,0,83,,1980,50,,,0,83,,1977,50,,,0,43,,1981,50,,,0,82,,1979,50,,,0,82,,1978,50,,,0,85,,1976,50,,,0,45,,1975,50,,,0,86,,1974,50,,,0,85,,1973,50,,,0,85,,1972,50,,,0,42,,1971,50,,,0,82,,1970,50,,,0,79,,1969,50,,,0,40,,1968,50,,,0,80,,1967,50,,,0,80,,1966,50,,,0,40,,1965,50,,,0,80,,1964,50,,,0,74,,1963,50,,,0,58,,1962,50,,,0
2000002301,'Semaine-02',622,,3985,50,,,0,80,,3982,50,,,0,40,,3983,50,,,0,80,,3984,50,,,0,80,,3980,50,,,0,40,,3981,50,,,0,80,,3978,50,,,0,81,,3977,50,,,0,42,,3979,50,,,0,83,,3975,50,,,0,83,,3972,50,,,0,43,,3976,50,,,0,82,,3974,50,,,0,82,,3973,50,,,0,85,,3971,50,,,0,45,,3970,50,,,0,86,,3969,50,,,0,85,,3968,50,,,0,85,,3967,50,,,0,42,,3966,50,,,0,82,,3965,50,,,0,79,,3964,50,,,0,40,,3963,50,,,0,80,,3962,50,,,0,80,,3961,50,,,0,40,,3960,50,,,0,80,,3959,50,,,0,74,,3958,50,,,0,58,,3957,50,,,0
2000002301,'Semaine-03',622,,4014,50,,,0,80,,4011,50,,,0,40,,4012,50,,,0,80,,4013,50,,,0,80,,4009,50,,,0,40,,4010,50,,,0,80,,4007,50,,,0,81,,4006,50,,,0,42,,4008,50,,,0,83,,4004,50,,,0,83,,4001,50,,,0,43,,4005,50,,,0,82,,4003,50,,,0,82,,4002,50,,,0,85,,4000,50,,,0,45,,3999,50,,,0,86,,3998,50,,,0,85,,3997,50,,,0,85,,3996,50,,,0,42,,3995,50,,,0,82,,3994,50,,,0,79,,3993,50,,,0,40,,3992,50,,,0,80,,3991,50,,,0,80,,3990,50,,,0,40,,3989,50,,,0,80,,3988,50,,,0,74,,3987,50,,,0,58,,3986,50,,,0
