2100,'Fête-2-01',528,,2720,70,,,0,30,,2721,70,,,0,70,,2722,70,,,0,75,,2723,70,,,0,30,,2724,70,,,0,75,,2725,70,,,0
2100,'Semaine-01',528,,240,70,,,0,30,,241,70,,,0,70,,242,70,,,0,75,,243,70,,,0,30,,244,70,,,0,75,,245,70,,,0
2101,'Fête-2-01',1626,,2726,220,,,0,30,,2727,220,,,0,69,,2728,220,,,0,29,,2729,220,,,0,70,,2730,220,,,0
2101,'Semaine-01',1626,,254,220,,,0,23,,255,220,,,0,66,,256,220,,,0,24,,257,220,,,0,65,,258,220,,,0,28,,259,220,,,0
3300,'Dimanche-01',605,,682,430,,,0,42,,680,430,,,0,91,,691,430,,,0,81,,701,430,,,0,83,,703,430,,,0,53,,704,430,,,0,80,,705,430,,,0,80,,706,430,,,0,40,,707,430,,,0,80,,683,430,,,0,80,,684,430,,,0,39,,685,430,,,0,80,,686,430,,,0,80,,687,430,,,0,39,,688,430,,,0,79,,689,430,,,0,79,,690,430,,,0,39,,692,430,,,0,79,,693,430,,,0,80,,694,430,,,0,47,,695,430,,,0,85,,696,430,,,0,85,,697,430,,,0,87,,698,430,,,0,46,,699,430,,,0,83,,700,430,,,0,88,,681,430,,,0,83,,702,430,,,0
3300,'Fête-1-03',625,,2926,430,,,0,81,,2924,430,,,0,42,,2935,430,,,0,82,,2945,430,,,0,82,,2947,430,,,0,44,,2948,430,,,0,81,,2949,430,,,0,82,,2950,430,,,0,82,,2951,430,,,0,42,,2927,430,,,0,82,,2928,430,,,0,82,,2929,430,,,0,42,,2930,430,,,0,82,,2931,430,,,0,82,,2932,430,,,0,42,,2933,430,,,0,82,,2934,430,,,0,85,,2936,430,,,0,79,,2937,430,,,0,42,,2938,430,,,0,82,,2939,430,,,0,79,,2940,430,,,0,41,,2941,430,,,0,81,,2942,430,,,0,82,,2943,430,,,0,43,,2944,430,,,0,86,,2946,430,,,0,86,,2925,430,,,0
3300,'Fête-2-01',632,,2953,430,,,0,80,,2981,430,,,0,41,,2962,430,,,0,80,,2972,430,,,0,80,,2975,430,,,0,40,,2976,430,,,0,80,,2977,430,,,0,82,,2978,430,,,0,41,,2979,430,,,0,83,,2954,430,,,0,83,,2955,430,,,0,83,,2956,430,,,0,43,,2957,430,,,0,83,,2958,430,,,0,86,,2959,430,,,0,85,,2960,430,,,0,45,,2961,430,,,0,84,,2963,430,,,0,81,,2964,430,,,0,43,,2965,430,,,0,82,,2966,430,,,0,80,,2967,430,,,0,40,,2968,430,,,0,79,,2969,430,,,0,80,,2970,430,,,0,40,,2971,430,,,0,80,,2973,430,,,0,80,,2974,430,,,0
3300,'Samedi-01',625,,769,430,,,0,81,,767,430,,,0,42,,778,430,,,0,82,,788,430,,,0,82,,790,430,,,0,44,,791,430,,,0,81,,792,430,,,0,82,,793,430,,,0,82,,794,430,,,0,42,,770,430,,,0,82,,771,430,,,0,82,,772,430,,,0,42,,773,430,,,0,82,,774,430,,,0,82,,775,430,,,0,42,,776,430,,,0,82,,777,430,,,0,85,,779,430,,,0,79,,780,430,,,0,42,,781,430,,,0,82,,782,430,,,0,79,,783,430,,,0,41,,784,430,,,0,81,,785,430,,,0,82,,786,430,,,0,43,,787,430,,,0,86,,789,430,,,0,86,,768,430,,,0
3300,'Semaine-01',632,,796,430,,,0,80,,824,430,,,0,41,,805,430,,,0,80,,815,430,,,0,80,,818,430,,,0,40,,819,430,,,0,80,,820,430,,,0,82,,821,430,,,0,41,,822,430,,,0,83,,797,430,,,0,83,,798,430,,,0,83,,799,430,,,0,43,,800,430,,,0,83,,801,430,,,0,86,,802,430,,,0,85,,803,430,,,0,45,,804,430,,,0,84,,806,430,,,0,81,,807,430,,,0,43,,808,430,,,0,82,,809,430,,,0,80,,810,430,,,0,40,,811,430,,,0,79,,812,430,,,0,80,,813,430,,,0,40,,814,430,,,0,80,,816,430,,,0,80,,817,430,,,0
14001,'Dimanche-01',818,,979,30,,,0,115,,980,30,,,0,115,,981,30,,,0,155,,982,30,,,0,115,,983,30,,,0,115,,984,30,,,0,120,,985,30,,,0,160,,978,30,,,0
14001,'Fête-1-03',818,,3043,30,,,0,115,,3044,30,,,0,115,,3045,30,,,0,155,,3046,30,,,0,115,,3047,30,,,0,115,,3048,30,,,0,120,,3049,30,,,0,160,,3042,30,,,0
14001,'Fête-2-01',849,,3052,30,,,0,160,,3053,30,,,0,121,,3054,30,,,0,124,,3055,30,,,0,165,,3056,30,,,0,125,,3057,30,,,0,170,,3058,30,,,0,124,,3059,30,,,0,120,,3060,30,,,0,155,,3061,30,,,0
14001,'Samedi-01',818,,1010,30,,,0,115,,1011,30,,,0,115,,1012,30,,,0,155,,1013,30,,,0,115,,1014,30,,,0,115,,1015,30,,,0,120,,1016,30,,,0,160,,1009,30,,,0
14001,'Semaine-01',849,,1019,30,,,0,160,,1020,30,,,0,121,,1021,30,,,0,124,,1022,30,,,0,165,,1023,30,,,0,125,,1024,30,,,0,170,,1025,30,,,0,124,,1026,30,,,0,120,,1027,30,,,0,155,,1028,30,,,0
