101,'Dimanche-01',757,,73,500,,,0,246,,74,500,,,0,131,,75,500,,,0,173,,76,500,,,0,127,,77,500,,,0,120,,78,500,,,0,160,,79,500,,,0,120,,80,500,,,0,117,,81,500,,,0,174,,82,500,,,0,114,,83,500,,,0,113,,84,500,,,0
101,'Fête-1-01',757,,85,500,,,0,246,,86,500,,,0,131,,87,500,,,0,173,,88,500,,,0,127,,89,500,,,0,120,,90,500,,,0,160,,91,500,,,0,120,,92,500,,,0,117,,93,500,,,0,174,,94,500,,,0,114,,95,500,,,0,113,,96,500,,,0
101,'Fête-2-02',657,,97,500,,,0,101,,106,500,,,0,70,,108,500,,,0,90,,109,500,,,0,110,,110,500,,,0,105,,111,500,,,0,95,,113,500,,,0,105,,112,500,,,0,106,,114,500,,,0,81,,98,500,,,0,105,,99,500,,,0,96,,100,500,,,0,105,,101,500,,,0,74,,102,500,,,0,103,,103,500,,,0,43,,104,500,,,0,173,,105,500,,,0,134,,107,500,,,0
101,'Samedi-01',757,,115,500,,,0,246,,116,500,,,0,131,,117,500,,,0,173,,118,500,,,0,127,,119,500,,,0,120,,120,500,,,0,160,,121,500,,,0,120,,122,500,,,0,117,,123,500,,,0,174,,124,500,,,0,114,,125,500,,,0,113,,126,500,,,0
101,'Semaine-01',657,,127,500,,,0,46,,145,370,,,0,55,,136,500,,,0,70,,138,500,,,0,90,,139,500,,,0,110,,140,500,,,0,105,,141,500,,,0,95,,143,500,,,0,105,,142,500,,,0,106,,144,500,,,0,81,,128,500,,,0,105,,129,500,,,0,96,,130,500,,,0,105,,131,500,,,0,74,,132,500,,,0,103,,133,500,,,0,43,,134,500,,,0,173,,135,500,,,0,134,,137,500,,,0
2000,'Dimanche-01',726,,146,680,,,0,124,,147,680,,,0,166,,148,680,,,0,125,,149,680,,,0,165,,150,680,,,0,125,,151,680,,,0,125,,152,680,,,0,165,,153,680,,,0
2000,'Fête-1-01',726,,154,680,,,0,124,,155,680,,,0,166,,156,680,,,0,125,,157,680,,,0,165,,158,680,,,0,125,,159,680,,,0,125,,160,680,,,0,165,,161,680,,,0
2000,'Fête-2-02',711,,162,670,,,0,125,,163,670,,,0,165,,164,670,,,0,126,,165,670,,,0,126,,166,670,,,0,165,,167,670,,,0,126,,168,670,,,0,166,,169,670,,,0,126,,170,670,,,0
2000,'Samedi-01',726,,171,680,,,0,124,,172,680,,,0,166,,173,680,,,0,125,,174,680,,,0,165,,175,680,,,0,125,,176,680,,,0,125,,177,680,,,0,165,,178,680,,,0
2000,'Semaine-01',711,,179,670,,,0,125,,180,670,,,0,165,,181,670,,,0,126,,182,670,,,0,126,,183,670,,,0,165,,184,670,,,0,126,,185,670,,,0,166,,186,670,,,0,126,,187,670,,,0
2000,'Semaine-01-0001100',1959,,189,670,,,0,164,,188,670,,,0
2801,'Fête-2-02',1704,,431,390,0,7,0,44,,430,390,,,0,68,,432,390,0,7,0
2801,'Semaine-01',1704,,443,390,0,7,0,44,,442,390,,,0,68,,444,390,0,7,0
