2000,'Dimanche-01',721,,146,580,,,0,124,,147,580,,,0,166,,148,580,,,0,125,,149,580,,,0,165,,150,580,,,0,124,,151,580,,,0,125,,152,580,,,0,165,,153,580,,,0
2000,'Fête-1-01',721,,154,580,,,0,124,,155,580,,,0,166,,156,580,,,0,125,,157,580,,,0,165,,158,580,,,0,124,,159,580,,,0,125,,160,580,,,0,165,,161,580,,,0
2000,'Fête-2-02',705,,162,570,,,0,125,,163,570,,,0,125,,164,570,,,0,166,,165,570,,,0,126,,166,570,,,0,165,,167,570,,,0,126,,168,570,,,0,166,,169,570,,,0,126,,170,570,,,0
2000,'Samedi-01',721,,171,580,,,0,124,,172,580,,,0,166,,173,580,,,0,125,,174,580,,,0,165,,175,580,,,0,124,,176,580,,,0,125,,177,580,,,0,165,,178,580,,,0
2000,'Semaine-01',705,,179,570,,,0,125,,180,570,,,0,125,,181,570,,,0,166,,182,570,,,0,126,,183,570,,,0,165,,184,570,,,0,126,,185,570,,,0,166,,186,570,,,0,126,,187,570,,,0
2000,'Semaine-01-0001100',1955,,189,570,,,0,164,,188,570,,,0
2000001901,'Dimanche-01',740,,1246,20,0,19,0,170,,1247,20,0,19,0,131,,1248,20,0,19,0,171,,1249,20,0,19,0,130,,1250,20,0,19,0,170,,1251,20,0,19,0,130,,1252,20,0,19,0,170,,1253,20,0,19,0,129,,1254,20,0,19,0,170,,1255,20,0,19,0,130,,1256,20,0,19,0,170,,1257,20,0,19,0
2000001901,'Fête-1-01',740,,1258,20,0,19,0,170,,1259,20,0,19,0,131,,1260,20,0,19,0,171,,1261,20,0,19,0,130,,1262,20,0,19,0,170,,1263,20,0,19,0,130,,1264,20,0,19,0,170,,1265,20,0,19,0,129,,1266,20,0,19,0,170,,1267,20,0,19,0,130,,1268,20,0,19,0,170,,1269,20,0,19,0
2000001901,'Fête-2-02',656,,1270,20,0,19,0,100,,1271,20,0,19,0,70,,1272,20,0,19,0,101,,1273,20,0,19,0,100,,1274,20,0,19,0,95,,1275,20,0,19,0,100,,1276,20,0,19,0,100,,1277,20,0,19,0,100,,1278,20,0,19,0,100,,1279,20,0,19,0,103,,1280,20,0,19,0,101,,1281,20,0,19,0,100,,1282,20,0,19,0,30,,1283,20,0,19,0,96,,1284,20,0,19,0,99,,1285,20,0,19,0,160,,1286,20,0,19,0,139,,1287,20,0,19,0
2000001901,'Samedi-01',740,,1288,20,0,19,0,170,,1289,20,0,19,0,131,,1290,20,0,19,0,171,,1291,20,0,19,0,130,,1292,20,0,19,0,170,,1293,20,0,19,0,130,,1294,20,0,19,0,170,,1295,20,0,19,0,129,,1296,20,0,19,0,170,,1297,20,0,19,0,130,,1298,20,0,19,0,170,,1299,20,0,19,0
2000001901,'Semaine-01',656,,1300,20,0,19,0,100,,1301,20,0,19,0,70,,1302,20,0,19,0,101,,1303,20,0,19,0,100,,1304,20,0,19,0,95,,1305,20,0,19,0,100,,1306,20,0,19,0,100,,1307,20,0,19,0,100,,1308,20,0,19,0,100,,1309,20,0,19,0,103,,1310,20,0,19,0,101,,1311,20,0,19,0,100,,1312,20,0,19,0,30,,1313,20,0,19,0,96,,1314,20,0,19,0,99,,1315,20,0,19,0,160,,1316,20,0,19,0,139,,1317,20,0,19,0
