2700,'Semaine-01',542,,375,10,,,0,80,,376,10,,,0,80,,377,10,,,0,40,,378,10,,,0,80,,379,10,,,0,787,,380,10,,,0,43,,381,10,,,0,86,,382,10,,,0,84,,383,10,,,0,86,,384,10,,,0
2700,'Semaine-02',537,,2915,10,,,0,79,,2916,10,,,0,41,,2917,10,,,0,82,,2918,10,,,0,82,,2919,10,,,0,800,,2920,10,,,0,86,,2921,10,,,0,45,,2922,10,,,0,80,,2923,10,,,0,84,,2924,10,,,0
2700,'Semaine-03',542,,2925,10,,,0,80,,2926,10,,,0,80,,2927,10,,,0,40,,2928,10,,,0,80,,2929,10,,,0,787,,2930,10,,,0,43,,2931,10,,,0,86,,2932,10,,,0,84,,2933,10,,,0,86,,2934,10,,,0
2701,'Semaine-01',622,,394,230,4,,0,80,,395,230,4,,0,40,,396,230,4,,0,80,,397,230,4,,0,785,,401,230,4,,0,41,,398,230,4,,0,85,,402,230,4,,0,86,,399,230,4,,0,85,,400,230,4,,0
2701,'Semaine-02',616,,2935,230,4,,0,41,,2936,230,4,,0,82,,2937,230,4,,0,82,,2938,230,4,,0,800,,2942,230,4,,0,84,,2939,230,4,,0,47,,2943,230,4,,0,80,,2940,230,4,,0,84,,2941,230,4,,0
2701,'Semaine-03',622,,2944,230,4,,0,80,,2945,230,4,,0,40,,2946,230,4,,0,80,,2947,230,4,,0,785,,2951,230,4,,0,41,,2948,230,4,,0,85,,2952,230,4,,0,86,,2949,230,4,,0,85,,2950,230,4,,0
2000002700,'Dimanche-01',635,,2153,180,4,,0,90,,2157,180,4,,0,81,,2154,180,4,,0,43,,2158,180,4,,0,93,,2159,180,4,,0,83,,2160,180,4,,0,85,,2161,180,4,,0,35,,2162,180,4,,0,74,,2163,180,4,,0,85,,2164,180,4,,0,39,,2165,180,4,,0,80,,2166,180,4,,0,80,,2167,180,4,,0,42,,2168,180,4,,0,76,,2169,180,4,,0,83,,2170,180,4,,0,35,,2171,180,4,,0,84,,2172,180,4,,0,35,,2173,180,4,,0,84,,2174,180,4,,0,84,,2175,180,4,,0,86,,2176,180,4,,0,44,,2155,180,4,,0,90,,2177,180,4,,0,82,,2178,180,4,,0,84,,2179,180,4,,0,89,,2180,180,4,,0,44,,2181,180,4,,0,82,,2156,180,4,,0
2000002700,'Fête-1-01',614,,4110,180,4,,0,43,,4114,180,4,,0,90,,4111,180,4,,0,77,,4115,180,4,,0,76,,4116,180,4,,0,44,,4117,180,4,,0,81,,4118,180,4,,0,82,,4119,180,4,,0,42,,4120,180,4,,0,82,,4121,180,4,,0,82,,4122,180,4,,0,42,,4123,180,4,,0,82,,4124,180,4,,0,82,,4125,180,4,,0,82,,4126,180,4,,0,42,,4127,180,4,,0,82,,4128,180,4,,0,86,,4129,180,4,,0,38,,4130,180,4,,0,82,,4131,180,4,,0,82,,4132,180,4,,0,42,,4133,180,4,,0,74,,4112,180,4,,0,77,,4134,180,4,,0,50,,4135,180,4,,0,86,,4136,180,4,,0,80,,4137,180,4,,0,89,,4138,180,4,,0,39,,4113,180,4,,0,76,,4139,180,4,,0
2000002700,'Samedi-01',614,,2234,180,4,,0,43,,2238,180,4,,0,90,,2235,180,4,,0,77,,2239,180,4,,0,76,,2240,180,4,,0,44,,2241,180,4,,0,81,,2242,180,4,,0,82,,2243,180,4,,0,42,,2244,180,4,,0,82,,2245,180,4,,0,82,,2246,180,4,,0,42,,2247,180,4,,0,82,,2248,180,4,,0,82,,2249,180,4,,0,82,,2250,180,4,,0,42,,2251,180,4,,0,82,,2252,180,4,,0,86,,2253,180,4,,0,38,,2254,180,4,,0,82,,2255,180,4,,0,82,,2256,180,4,,0,42,,2257,180,4,,0,74,,2236,180,4,,0,77,,2258,180,4,,0,50,,2259,180,4,,0,86,,2260,180,4,,0,80,,2261,180,4,,0,89,,2262,180,4,,0,39,,2237,180,4,,0,76,,2263,180,4,,0
2000002700,'Semaine-01',621,,2283,180,4,,0,281,,2264,180,4,,0,40,,2266,180,4,,0,80,,2282,180,4,,0,81,,2281,180,4,,0,41,,2280,180,4,,0,83,,2279,180,4,,0,83,,2278,180,4,,0,43,,2277,180,4,,0,82,,2276,180,4,,0,82,,2284,180,4,,0,85,,2285,180,4,,0,342,,2275,180,4,,0,83,,2274,180,4,,0,80,,2273,180,4,,0,40,,2272,180,4,,0,80,,2271,180,4,,0,80,,2270,180,4,,0,40,,2269,180,4,,0,80,,2268,180,4,,0,80,,2267,180,4,,0,40,,2265,180,4,,0
2000002700,'Semaine-02',621,,4159,180,4,,0,281,,4140,180,4,,0,40,,4142,180,4,,0,80,,4158,180,4,,0,81,,4157,180,4,,0,41,,4156,180,4,,0,83,,4155,180,4,,0,83,,4154,180,4,,0,43,,4153,180,4,,0,82,,4152,180,4,,0,82,,4160,180,4,,0,85,,4161,180,4,,0,342,,4151,180,4,,0,83,,4150,180,4,,0,80,,4149,180,4,,0,40,,4148,180,4,,0,80,,4147,180,4,,0,80,,4146,180,4,,0,40,,4145,180,4,,0,80,,4144,180,4,,0,80,,4143,180,4,,0,40,,4141,180,4,,0
2000002700,'Semaine-03',621,,4181,180,4,,0,281,,4162,180,4,,0,40,,4164,180,4,,0,80,,4180,180,4,,0,81,,4179,180,4,,0,41,,4178,180,4,,0,83,,4177,180,4,,0,83,,4176,180,4,,0,43,,4175,180,4,,0,82,,4174,180,4,,0,82,,4182,180,4,,0,85,,4183,180,4,,0,342,,4173,180,4,,0,83,,4172,180,4,,0,80,,4171,180,4,,0,40,,4170,180,4,,0,80,,4169,180,4,,0,80,,4168,180,4,,0,40,,4167,180,4,,0,80,,4166,180,4,,0,80,,4165,180,4,,0,40,,4163,180,4,,0
2000002701,'Dimanche-01',558,,2286,10,,,0,90,,2288,10,,,0,81,,2313,10,,,0,83,,2311,10,,,0,93,,2312,10,,,0,43,,2309,10,,,0,87,,2310,10,,,0,75,,2308,10,,,0,35,,2307,10,,,0,82,,2304,10,,,0,79,,2306,10,,,0,40,,2305,10,,,0,80,,2303,10,,,0,82,,2302,10,,,0,37,,2300,10,,,0,83,,2301,10,,,0,76,,2299,10,,,0,43,,2298,10,,,0,76,,2297,10,,,0,82,,2296,10,,,0,44,,2295,10,,,0,86,,2294,10,,,0,85,,2287,10,,,0,89,,2293,10,,,0,43,,2292,10,,,0,84,,2291,10,,,0,88,,2290,10,,,0,86,,2289,10,,,0
2000002701,'Fête-1-01',537,,4184,10,,,0,83,,4187,10,,,0,90,,4212,10,,,0,37,,4210,10,,,0,77,,4211,10,,,0,83,,4208,10,,,0,41,,4209,10,,,0,82,,4207,10,,,0,82,,4206,10,,,0,42,,4203,10,,,0,82,,4205,10,,,0,82,,4204,10,,,0,82,,4202,10,,,0,42,,4201,10,,,0,82,,4199,10,,,0,82,,4200,10,,,0,42,,4198,10,,,0,86,,4197,10,,,0,78,,4196,10,,,0,42,,4195,10,,,0,82,,4194,10,,,0,81,,4193,10,,,0,39,,4185,10,,,0,73,,4192,10,,,0,90,,4191,10,,,0,87,,4190,10,,,0,39,,4189,10,,,0,89,,4188,10,,,0,81,,4186,10,,,0
2000002701,'Samedi-01',537,,2363,10,,,0,83,,2366,10,,,0,90,,2391,10,,,0,37,,2389,10,,,0,77,,2390,10,,,0,83,,2387,10,,,0,41,,2388,10,,,0,82,,2386,10,,,0,82,,2385,10,,,0,42,,2382,10,,,0,82,,2384,10,,,0,82,,2383,10,,,0,82,,2381,10,,,0,42,,2380,10,,,0,82,,2378,10,,,0,82,,2379,10,,,0,42,,2377,10,,,0,86,,2376,10,,,0,78,,2375,10,,,0,42,,2374,10,,,0,82,,2373,10,,,0,81,,2372,10,,,0,39,,2364,10,,,0,73,,2371,10,,,0,90,,2370,10,,,0,87,,2369,10,,,0,39,,2368,10,,,0,89,,2367,10,,,0,81,,2365,10,,,0
2000002701,'Semaine-01',544,,2408,10,,,0,360,,2407,10,,,0,40,,2406,10,,,0,81,,2405,10,,,0,81,,2404,10,,,0,43,,2403,10,,,0,83,,2402,10,,,0,83,,2401,10,,,0,42,,2409,10,,,0,82,,2410,10,,,0,85,,2411,10,,,0,425,,2400,10,,,0,80,,2399,10,,,0,80,,2398,10,,,0,40,,2397,10,,,0,80,,2396,10,,,0,80,,2395,10,,,0,40,,2394,10,,,0,81,,2393,10,,,0,80,,2392,10,,,0
2000002701,'Semaine-02',544,,4229,10,,,0,360,,4228,10,,,0,40,,4227,10,,,0,81,,4226,10,,,0,81,,4225,10,,,0,43,,4224,10,,,0,83,,4223,10,,,0,83,,4222,10,,,0,42,,4230,10,,,0,82,,4231,10,,,0,85,,4232,10,,,0,425,,4221,10,,,0,80,,4220,10,,,0,80,,4219,10,,,0,40,,4218,10,,,0,80,,4217,10,,,0,80,,4216,10,,,0,40,,4215,10,,,0,81,,4214,10,,,0,80,,4213,10,,,0
2000002701,'Semaine-03',544,,4249,10,,,0,360,,4248,10,,,0,40,,4247,10,,,0,81,,4246,10,,,0,81,,4245,10,,,0,43,,4244,10,,,0,83,,4243,10,,,0,83,,4242,10,,,0,42,,4250,10,,,0,82,,4251,10,,,0,85,,4252,10,,,0,425,,4241,10,,,0,80,,4240,10,,,0,80,,4239,10,,,0,40,,4238,10,,,0,80,,4237,10,,,0,80,,4236,10,,,0,40,,4235,10,,,0,81,,4234,10,,,0,80,,4233,10,,,0
