100,'Dimanche-01',608,,12,230,,,0,200,,1,230,,,0,125,,2,230,,,0,170,,3,230,,,0,125,,4,230,,,0,124,,5,230,,,0,160,,6,230,,,0,120,,7,230,,,0,124,,8,230,,,0,175,,9,230,,,0,115,,10,230,,,0,155,,11,230,,,0
100,'Fête-1-01',608,,2637,230,,,0,200,,2626,230,,,0,125,,2627,230,,,0,170,,2628,230,,,0,125,,2629,230,,,0,124,,2630,230,,,0,160,,2631,230,,,0,120,,2632,230,,,0,124,,2633,230,,,0,175,,2634,230,,,0,115,,2635,230,,,0,155,,2636,230,,,0
100,'Samedi-01',608,,54,230,,,0,200,,43,230,,,0,125,,44,230,,,0,170,,45,230,,,0,125,,46,230,,,0,124,,47,230,,,0,160,,48,230,,,0,120,,49,230,,,0,124,,50,230,,,0,175,,51,230,,,0,115,,52,230,,,0,155,,53,230,,,0
100,'Semaine-01',452,,55,230,,,0,103,,56,230,,,0,65,,57,230,,,0,81,,58,230,,,0,119,,59,230,,,0,105,,62,230,,,0,94,,71,230,,,0,101,,63,230,,,0,100,,72,230,,,0,38,,64,230,,,0,142,,65,230,,,0,100,,69,230,,,0,110,,66,230,,,0,35,,67,230,,,0,108,,60,230,,,0,95,,61,230,,,0,173,,70,230,,,0,185,,68,230,,,0
100,'Semaine-02',450,,2638,230,,,0,100,,2639,230,,,0,70,,2640,230,,,0,81,,2641,230,,,0,129,,2642,230,,,0,99,,2645,230,,,0,30,,2654,230,,,0,100,,2646,230,,,0,146,,2655,230,,,0,95,,2647,230,,,0,100,,2648,230,,,0,100,,2652,230,,,0,110,,2649,230,,,0,49,,2650,230,,,0,154,,2643,230,,,0,90,,2644,230,,,0,103,,2653,230,,,0,197,,2651,230,,,0
100,'Semaine-03',452,,2656,230,,,0,103,,2657,230,,,0,65,,2658,230,,,0,81,,2659,230,,,0,119,,2660,230,,,0,105,,2663,230,,,0,94,,2672,230,,,0,101,,2664,230,,,0,100,,2673,230,,,0,38,,2665,230,,,0,142,,2666,230,,,0,100,,2670,230,,,0,110,,2667,230,,,0,35,,2668,230,,,0,108,,2661,230,,,0,95,,2662,230,,,0,173,,2671,230,,,0,185,,2669,230,,,0
2000,'Dimanche-01',718,,146,520,,,0,124,,147,520,,,0,166,,148,520,,,0,125,,149,520,,,0,125,,150,520,,,0,164,,151,520,,,0,125,,152,520,,,0,165,,153,520,,,0
2000,'Fête-1-01',718,,2722,520,,,0,124,,2723,520,,,0,166,,2724,520,,,0,125,,2725,520,,,0,125,,2726,520,,,0,164,,2727,520,,,0,125,,2728,520,,,0,165,,2729,520,,,0
2000,'Samedi-01',718,,171,520,,,0,124,,172,520,,,0,166,,173,520,,,0,125,,174,520,,,0,125,,175,520,,,0,164,,176,520,,,0,125,,177,520,,,0,165,,178,520,,,0
2000,'Semaine-01',701,,179,510,,,0,125,,180,510,,,0,125,,181,510,,,0,166,,182,510,,,0,126,,183,510,,,0,165,,184,510,,,0,126,,185,510,,,0,166,,186,510,,,0,126,,187,510,,,0
2000,'Semaine-01-0001100',1951,,189,510,,,0,164,,188,510,,,0
2000,'Semaine-02',701,,2730,510,,,0,125,,2731,510,,,0,125,,2732,510,,,0,166,,2733,510,,,0,126,,2734,510,,,0,165,,2735,510,,,0,126,,2736,510,,,0,166,,2737,510,,,0,126,,2738,510,,,0
2000,'Semaine-02-0001100',1951,,2740,510,,,0,164,,2739,510,,,0
2000,'Semaine-03',701,,2741,510,,,0,125,,2742,510,,,0,125,,2743,510,,,0,166,,2744,510,,,0,126,,2745,510,,,0,165,,2746,510,,,0,126,,2747,510,,,0,166,,2748,510,,,0,126,,2749,510,,,0
2000,'Semaine-03-0001100',1951,,2751,510,,,0,164,,2750,510,,,0
2800,'Semaine-01',528,,414,60,,,0,85,,413,100,,,0,20,,415,60,,,0
2800,'Semaine-02',528,,2954,60,,,0,85,,2953,100,,,0,15,,2955,60,,,0
2800,'Semaine-03',528,,2966,60,,,0,85,,2965,100,,,0,20,,2967,60,,,0
