101,'Dimanche-01',758,,73,530,,,0,246,,74,530,,,0,131,,75,530,,,0,173,,76,530,,,0,127,,77,530,,,0,120,,78,530,,,0,160,,79,530,,,0,120,,80,530,,,0,117,,81,530,,,0,174,,82,530,,,0,114,,83,530,,,0,113,,84,530,,,0
101,'Fête-1-01',758,,2674,530,,,0,246,,2675,530,,,0,131,,2676,530,,,0,173,,2677,530,,,0,127,,2678,530,,,0,120,,2679,530,,,0,160,,2680,530,,,0,120,,2681,530,,,0,117,,2682,530,,,0,174,,2683,530,,,0,114,,2684,530,,,0,113,,2685,530,,,0
101,'Samedi-01',758,,115,530,,,0,246,,116,530,,,0,131,,117,530,,,0,173,,118,530,,,0,127,,119,530,,,0,120,,120,530,,,0,160,,121,530,,,0,120,,122,530,,,0,117,,123,530,,,0,174,,124,530,,,0,114,,125,530,,,0,113,,126,530,,,0
101,'Semaine-01',658,,127,530,,,0,101,,136,530,,,0,70,,138,530,,,0,90,,139,530,,,0,110,,140,530,,,0,105,,141,530,,,0,95,,143,530,,,0,105,,142,530,,,0,106,,144,530,,,0,81,,128,530,,,0,105,,129,530,,,0,96,,130,530,,,0,105,,131,530,,,0,74,,132,530,,,0,103,,133,530,,,0,43,,134,530,,,0,173,,135,530,,,0,134,,137,530,,,0
101,'Semaine-02',653,,2686,530,,,0,101,,2695,530,,,0,70,,2697,530,,,0,100,,2698,530,,,0,105,,2699,530,,,0,95,,2700,530,,,0,100,,2702,530,,,0,100,,2701,530,,,0,111,,2703,530,,,0,86,,2687,530,,,0,110,,2688,530,,,0,91,,2689,530,,,0,105,,2690,530,,,0,29,,2691,530,,,0,69,,2692,530,,,0,108,,2693,530,,,0,182,,2694,530,,,0,189,,2696,530,,,0
101,'Semaine-03',658,,2704,530,,,0,101,,2713,530,,,0,70,,2715,530,,,0,90,,2716,530,,,0,110,,2717,530,,,0,105,,2718,530,,,0,95,,2720,530,,,0,105,,2719,530,,,0,106,,2721,530,,,0,81,,2705,530,,,0,105,,2706,530,,,0,96,,2707,530,,,0,105,,2708,530,,,0,74,,2709,530,,,0,103,,2710,530,,,0,43,,2711,530,,,0,173,,2712,530,,,0,134,,2714,530,,,0
2001,'Dimanche-01',730,,190,30,,,0,124,,191,30,,,0,166,,192,30,,,0,125,,193,30,,,0,165,,194,30,,,0,125,,195,30,,,0,165,,196,30,,,0,125,,197,30,,,0
2001,'Fête-1-01',730,,2752,30,,,0,124,,2753,30,,,0,166,,2754,30,,,0,125,,2755,30,,,0,165,,2756,30,,,0,125,,2757,30,,,0,165,,2758,30,,,0,125,,2759,30,,,0
2001,'Samedi-01',730,,215,30,,,0,124,,216,30,,,0,166,,217,30,,,0,125,,218,30,,,0,165,,219,30,,,0,125,,220,30,,,0,165,,221,30,,,0,125,,222,30,,,0
2001,'Semaine-01',715,,223,30,,,0,125,,224,30,,,0,165,,225,30,,,0,126,,226,30,,,0,126,,227,30,,,0,165,,228,30,,,0,126,,229,30,,,0,166,,230,30,,,0,126,,231,30,,,0
2001,'Semaine-01-0001100',2003,,233,30,,,0,124,,232,30,,,0
2001,'Semaine-02',715,,2760,30,,,0,125,,2761,30,,,0,165,,2762,30,,,0,126,,2763,30,,,0,126,,2764,30,,,0,165,,2765,30,,,0,126,,2766,30,,,0,166,,2767,30,,,0,126,,2768,30,,,0
2001,'Semaine-02-0001100',2003,,2770,30,,,0,124,,2769,30,,,0
2001,'Semaine-03',715,,2771,30,,,0,125,,2772,30,,,0,165,,2773,30,,,0,126,,2774,30,,,0,126,,2775,30,,,0,165,,2776,30,,,0,126,,2777,30,,,0,166,,2778,30,,,0,126,,2779,30,,,0
2001,'Semaine-03-0001100',2003,,2781,30,,,0,124,,2780,30,,,0
2801,'Semaine-01',1710,,443,420,0,7,0,39,,442,420,,,0,68,,444,420,0,7,0
2801,'Semaine-02',1655,,2980,420,0,7,0,99,,2979,420,,,0,67,,2981,420,0,7,0
2801,'Semaine-03',1710,,2994,420,0,7,0,39,,2993,420,,,0,68,,2995,420,0,7,0
