2400,'Fête-2-02',632,,317,210,,,0,80,,318,210,,,0,40,,320,210,,,0,80,,321,210,,,0,80,,319,210,,,0
2400,'Semaine-01',610,,322,210,,,0,22,,323,210,,,0,74,,324,210,,,0,52,,326,210,,,0,74,,327,210,,,0,80,,325,210,,,0
2500,'Fête-2-02',600,,340,250,,,0,34,,337,270,,,0,21,,341,250,,,0,69,,338,270,,,0,26,,342,250,,,0,69,,339,270,,,0
2500,'Semaine-01',600,,346,250,,,0,34,,343,270,,,0,21,,347,250,,,0,69,,344,270,,,0,26,,348,250,,,0,69,,345,270,,,0
2700,'Fête-2-02',553,,365,170,,,0,80,,366,170,,,0,80,,367,170,,,0,40,,368,170,,,0,80,,369,170,,,0,786,,370,170,,,0,83,,371,170,,,0,46,,372,170,,,0,84,,373,170,,,0,86,,374,170,,,0
2700,'Semaine-01',553,,375,170,,,0,80,,376,170,,,0,80,,377,170,,,0,40,,378,170,,,0,80,,379,170,,,0,786,,380,170,,,0,83,,381,170,,,0,46,,382,170,,,0,84,,383,170,,,0,86,,384,170,,,0
3100,'Dimanche-01',721,,492,310,,,0,218,,493,310,,,0,278,,491,310,,,0,123,,484,310,,,0,160,,485,310,,,0,118,,486,310,,,0,118,,487,310,,,0,119,,488,310,,,0,167,,489,310,,,0,221,,483,310,,,0,215,,490,310,,,0
3100,'Fête-1-01',610,,495,310,,,0,43,,506,310,,,0,204,,507,310,,,0,165,,504,310,,,0,124,,494,310,,,0,164,,505,310,,,0,124,,496,310,,,0,124,,497,310,,,0,164,,498,310,,,0,124,,499,310,,,0,164,,500,310,,,0,27,,501,310,,,0,216,,502,310,,,0,255,,503,310,,,0
3100,'Fête-2-02',618,,532,310,,,0,40,,508,310,,,0,80,,518,310,,,0,80,,533,310,,,0,40,,527,310,,,0,80,,528,310,,,0,80,,529,310,,,0,41,,535,310,,,0,83,,530,310,,,0,83,,531,310,,,0,83,,509,310,,,0,43,,510,310,,,0,82,,511,310,,,0,82,,512,310,,,0,85,,513,310,,,0,45,,514,310,,,0,86,,515,310,,,0,85,,516,310,,,0,84,,517,310,,,0,42,,519,310,,,0,82,,520,310,,,0,79,,521,310,,,0,40,,522,310,,,0,79,,523,310,,,0,80,,524,310,,,0,40,,525,310,,,0,80,,526,310,,,0,121,,534,310,0,5 6,0
3100,'Samedi-01',610,,537,310,,,0,43,,548,310,,,0,204,,549,310,,,0,165,,546,310,,,0,124,,536,310,,,0,164,,547,310,,,0,124,,538,310,,,0,124,,539,310,,,0,164,,540,310,,,0,124,,541,310,,,0,164,,542,310,,,0,27,,543,310,,,0,216,,544,310,,,0,255,,545,310,,,0
3100,'Semaine-01',618,,574,310,,,0,40,,550,310,,,0,80,,560,310,,,0,80,,575,310,,,0,40,,569,310,,,0,80,,570,310,,,0,80,,571,310,,,0,41,,577,310,,,0,83,,572,310,,,0,83,,573,310,,,0,83,,551,310,,,0,43,,552,310,,,0,82,,553,310,,,0,82,,554,310,,,0,85,,555,310,,,0,45,,556,310,,,0,86,,557,310,,,0,85,,558,310,,,0,84,,559,310,,,0,42,,561,310,,,0,82,,562,310,,,0,79,,563,310,,,0,40,,564,310,,,0,79,,565,310,,,0,80,,566,310,,,0,40,,567,310,,,0,80,,568,310,,,0,121,,576,310,0,5 6,0
