11100,'Dimanche-01',710,,861,170,0,5 6,0,100,,857,170,0,5 10,0,145,,856,170,0,5 10,0,290,,858,170,0,5 10,0,290,,859,170,0,5 10,0,200,,862,170,0,5 6,0,106,,860,170,0,5 10,0,380,,863,170,0,5 6,0
11100,'Fête-1-01',710,,3297,170,0,5 6,0,100,,3293,170,0,5 10,0,145,,3292,170,0,5 10,0,290,,3294,170,0,5 10,0,290,,3295,170,0,5 10,0,200,,3298,170,0,5 6,0,106,,3296,170,0,5 10,0,380,,3299,170,0,5 6,0
11100,'Samedi-01',710,,891,170,0,5 6,0,100,,887,170,0,5 10,0,145,,886,170,0,5 10,0,290,,888,170,0,5 10,0,290,,889,170,0,5 10,0,200,,892,170,0,5 6,0,106,,890,170,0,5 10,0,380,,893,170,0,5 6,0
11100,'Semaine-01',520,,902,170,0,5 15,0,15,,896,170,0,5 10,0,20,,900,170,0,5 15,0,65,,903,170,0,5 15,0,5,,897,170,0,5 10,0,15,,901,170,0,5 15,0,70,,909,170,0,5 15,0,20,,904,170,0,5 15,0,5,,898,170,0,5 10,0,15,,911,170,0,5 15,0,80,,899,170,0,5 10,0,120,,912,170,0,5 10,0,75,,894,170,0,5 10,0,105,,914,170,0,5 6,0,120,,895,170,0,5 10,0,380,,906,170,0,5 10,0,12,,905,170,0,5 15,0,90,,908,170,0,5 10,0,20,,907,170,0,5 15,0,273,,913,170,0,5 6,0,105,,910,170,0,5 10,0
11100,'Semaine-02',520,,3304,170,0,5 14,0,30,,3302,170,0,5 14,0,70,,3305,170,0,5 14,0,30,,3303,170,0,5 14,0,70,,3309,170,0,5 14,0,30,,3310,170,0,5 14,0,70,,3301,170,0,5 10,0,106,,3311,170,0,5 10,0,99,,3315,170,0,5 10,0,105,,3313,170,0,5 6,0,128,,3300,170,0,5 10,0,400,,3306,170,0,5 14,0,66,,3308,170,0,5 14,0,31,,3307,170,0,5 14,0,270,,3312,170,0,5 6,0,105,,3314,170,0,5 10,0
11100,'Semaine-03',520,,3324,170,0,5 15,0,15,,3318,170,0,5 10,0,20,,3322,170,0,5 15,0,65,,3325,170,0,5 15,0,5,,3319,170,0,5 10,0,15,,3323,170,0,5 15,0,70,,3331,170,0,5 15,0,20,,3326,170,0,5 15,0,5,,3320,170,0,5 10,0,15,,3333,170,0,5 15,0,80,,3321,170,0,5 10,0,120,,3334,170,0,5 10,0,75,,3316,170,0,5 10,0,105,,3336,170,0,5 6,0,120,,3317,170,0,5 10,0,380,,3328,170,0,5 10,0,12,,3327,170,0,5 15,0,90,,3330,170,0,5 10,0,20,,3329,170,0,5 15,0,273,,3335,170,0,5 6,0,105,,3332,170,0,5 10,0
14001,'Dimanche-01',745,,977,230,,,0,112,,979,380,,,0,155,,980,380,,,0,116,,981,380,,,0,116,,982,380,,,0,115,,983,380,,,0,155,,984,380,,,0,120,,985,380,,,0,119,,978,380,,,0
14001,'Fête-1-01',745,,3383,230,,,0,112,,3385,380,,,0,155,,3386,380,,,0,116,,3387,380,,,0,116,,3388,380,,,0,115,,3389,380,,,0,155,,3390,380,,,0,120,,3391,380,,,0,119,,3384,380,,,0
14001,'Samedi-01',745,,1008,230,,,0,112,,1010,380,,,0,155,,1011,380,,,0,116,,1012,380,,,0,116,,1013,380,,,0,115,,1014,380,,,0,155,,1015,380,,,0,120,,1016,380,,,0,119,,1009,380,,,0
14001,'Semaine-01',610,,1018,230,,,0,97,,1029,250,,,0,103,,1017,330,,,0,121,,1019,380,,,0,120,,1020,380,,,0,162,,1021,380,,,0,125,,1022,380,,,0,165,,1023,380,,,0,125,,1024,380,,,0,124,,1025,380,,,0,166,,1026,380,,,0,119,,1027,380,,,0,113,,1028,380,,,0
14001,'Semaine-02',610,,3393,230,,,0,97,,3404,250,,,0,103,,3392,330,,,0,121,,3394,380,,,0,120,,3395,380,,,0,162,,3396,380,,,0,125,,3397,380,,,0,165,,3398,380,,,0,125,,3399,380,,,0,124,,3400,380,,,0,166,,3401,380,,,0,119,,3402,380,,,0,113,,3403,380,,,0
14001,'Semaine-03',610,,3406,230,,,0,97,,3417,250,,,0,103,,3405,330,,,0,121,,3407,380,,,0,120,,3408,380,,,0,162,,3409,380,,,0,125,,3410,380,,,0,165,,3411,380,,,0,125,,3412,380,,,0,124,,3413,380,,,0,166,,3414,380,,,0,119,,3415,380,,,0,113,,3416,380,,,0
