2100,'Fête-2-01',540,,2720,230,,,0,70,,2721,230,,,0,30,,2722,230,,,0,75,,2723,230,,,0,30,,2724,230,,,0,75,,2725,230,,,0
2100,'Semaine-01',540,,240,230,,,0,70,,241,230,,,0,30,,242,230,,,0,75,,243,230,,,0,30,,244,230,,,0,75,,245,230,,,0
2101,'Fête-2-01',1636,,2726,380,,,0,70,,2727,380,,,0,29,,2728,380,,,0,69,,2729,380,,,0,30,,2730,380,,,0
2101,'Semaine-01',1636,,254,380,,,0,23,,255,380,,,0,66,,256,380,,,0,24,,257,380,,,0,65,,258,380,,,0,28,,259,380,,,0
2201,'Fête-2-01',1641,,2740,240,,,0,65,,2744,240,,,0,25,,2741,240,,,0,25,,2745,240,,,0,65,,2743,240,,,0,23,,2742,240,,,0
2201,'Semaine-01',1641,,281,240,,,0,65,,285,240,,,0,25,,282,240,,,0,25,,286,240,,,0,65,,284,240,,,0,23,,283,240,,,0
3200,'Dimanche-01',611,,578,320,,,0,214,,583,320,,,0,223,,586,320,,,0,192,,587,320,,,0,119,,579,320,,,0,162,,589,320,,,0,120,,580,320,,,0,159,,582,320,,,0,118,,581,320,,,0,214,,584,320,,,0,216,,585,320,,,0,253,,588,320,0,6,0
3200,'Fête-1-03',542,,2879,200,,,0,181,,2885,320,,,0,77,,2880,320,,,0,120,,2888,320,,,0,123,,2889,320,,,0,164,,2890,320,,,0,124,,2881,320,,,0,124,,2892,320,,,0,164,,2882,320,,,0,128,,2883,320,,,0,160,,2884,320,,,0,235,,2886,320,,,0,216,,2887,320,,,0,247,,2891,320,0,6,0
3200,'Fête-2-01',638,,2918,320,,,0,80,,2893,320,,,0,40,,2921,320,,,0,80,,2904,320,,,0,80,,2912,320,,,0,40,,2913,320,,,0,81,,2914,320,,,0,81,,2915,320,,,0,83,,2916,320,,,0,43,,2917,320,,,0,83,,2894,320,,,0,82,,2895,320,,,0,42,,2896,320,,,0,85,,2920,320,,,0,85,,2898,320,,,0,85,,2899,320,,,0,45,,2900,320,,,0,85,,2901,320,,,0,82,,2902,320,,,0,83,,2903,320,,,0,41,,2905,320,,,0,80,,2906,320,,,0,80,,2907,320,,,0,40,,2908,320,,,0,80,,2909,320,,,0,80,,2910,320,,,0,40,,2911,320,,,0
3200,'Samedi-01',542,,635,200,,,0,181,,641,320,,,0,77,,636,320,,,0,120,,644,320,,,0,123,,645,320,,,0,164,,646,320,,,0,124,,637,320,,,0,124,,648,320,,,0,164,,638,320,,,0,128,,639,320,,,0,160,,640,320,,,0,235,,642,320,,,0,216,,643,320,,,0,247,,647,320,0,6,0
3200,'Semaine-01',638,,674,320,,,0,80,,649,320,,,0,40,,677,320,,,0,80,,660,320,,,0,80,,668,320,,,0,40,,669,320,,,0,81,,670,320,,,0,81,,671,320,,,0,83,,672,320,,,0,43,,673,320,,,0,83,,650,320,,,0,82,,651,320,,,0,42,,652,320,,,0,85,,676,320,,,0,85,,654,320,,,0,85,,655,320,,,0,45,,656,320,,,0,85,,657,320,,,0,82,,658,320,,,0,83,,659,320,,,0,41,,661,320,,,0,80,,662,320,,,0,80,,663,320,,,0,40,,664,320,,,0,80,,665,320,,,0,80,,666,320,,,0,40,,667,320,,,0
11100,'Dimanche-01',722,,861,340,0,5 6,0,100,,857,340,0,5 10,0,187,,856,340,0,5 10,0,291,,858,340,0,5 10,0,249,,859,340,0,5 10,0,198,,862,340,0,5 6,0,107,,860,340,0,5 10,0,379,,863,340,0,5 6,0
11100,'Fête-1-03',722,,3000,340,0,5 6,0,100,,2996,340,0,5 10,0,187,,2995,340,0,5 10,0,291,,2997,340,0,5 10,0,249,,2998,340,0,5 10,0,198,,3001,340,0,5 6,0,107,,2999,340,0,5 10,0,379,,3002,340,0,5 6,0
11100,'Fête-2-01',534,,3007,340,0,5 14,0,70,,3005,340,0,5 14,0,30,,3008,340,0,5 14,0,70,,3006,340,0,5 14,0,30,,3012,340,0,5 14,0,70,,3013,340,0,5 14,0,33,,3004,340,0,5 10,0,100,,3014,340,0,5 10,0,207,,3016,340,0,5 6,0,165,,3003,340,0,5 10,0,400,,3009,340,0,5 14,0,30,,3011,340,0,5 14,0,70,,3010,340,0,5 14,0,130,,3015,340,0,5 10,0
11100,'Samedi-01',722,,891,340,0,5 6,0,100,,887,340,0,5 10,0,187,,886,340,0,5 10,0,291,,888,340,0,5 10,0,249,,889,340,0,5 10,0,198,,892,340,0,5 6,0,107,,890,340,0,5 10,0,379,,893,340,0,5 6,0
11100,'Semaine-01',534,,902,340,,,0,15,,896,340,0,5 10,0,60,,900,340,,,0,27,,903,340,,,0,6,,897,340,0,5 10,0,14,,901,340,,,0,51,,915,340,0,16 17,0,20,,909,340,,,0,20,,904,340,,,0,5,,898,340,0,16 17,0,55,,911,340,,,0,40,,899,340,0,16 17,0,157,,912,340,0,16 17,0,35,,894,340,0,16 17,0,105,,914,340,0,5 6,0,160,,895,340,0,5 10,0,341,,906,340,0,5 10,0,6,,905,270,,,0,93,,908,340,0,5 10,0,58,,907,270,,,0,233,,913,270,0,5 6,0,103,,910,270,0,5 10,0
