11101,'Dimanche-01',739,,921,110,,,0,184,,917,240,,,0,189,,916,240,,,0,297,,918,240,,,0,249,,919,240,,,0,152,,922,110,,,0,149,,920,240,,,0,292,,923,110,,,0
11101,'Fête-1-01',739,,3342,110,,,0,184,,3338,240,,,0,189,,3337,240,,,0,297,,3339,240,,,0,249,,3340,240,,,0,152,,3343,110,,,0,149,,3341,240,,,0,292,,3344,110,,,0
11101,'Samedi-01',739,,953,110,,,0,184,,949,240,,,0,189,,948,240,,,0,297,,950,240,,,0,249,,951,240,,,0,152,,954,110,,,0,149,,952,240,,,0,292,,955,110,,,0
11101,'Semaine-01',654,,965,240,,,0,97,,972,240,,,0,450,,976,110,,,0,7,,975,240,,,0,227,,956,240,,,0,110,,957,180,,,0,10,,959,240,,,0,91,,960,180,,,0,59,,967,240,,,0,16,,962,180,,,0,30,,963,180,,,0,53,,961,180,,,0,11,,968,240,,,0,9,,964,180,,,0,84,,969,240,,,0,37,,958,250,,,0,107,,974,110,,,0,194,,971,240,,,0
11101,'Semaine-02',732,,3353,250,,,0,109,,3356,250,,,0,100,,3357,250,,,0,261,,3360,110,,,0,16,,3359,240,,,0,207,,3345,240,,,0,183,,3346,250,,,0,25,,3348,250,,,0,70,,3349,250,,,0,30,,3350,250,,,0,70,,3351,250,,,0,30,,3352,250,,,0,88,,3354,250,,,0,23,,3347,250,,,0,103,,3358,110,,,0,202,,3361,240,,,0
11101,'Semaine-03',654,,3371,240,,,0,97,,3378,240,,,0,450,,3382,110,,,0,7,,3381,240,,,0,227,,3362,240,,,0,110,,3363,180,,,0,10,,3365,240,,,0,91,,3366,180,,,0,59,,3373,240,,,0,16,,3368,180,,,0,30,,3369,180,,,0,53,,3367,180,,,0,11,,3374,240,,,0,9,,3370,180,,,0,84,,3375,240,,,0,37,,3364,250,,,0,107,,3380,110,,,0,194,,3377,240,,,0
14001,'Dimanche-01',836,,979,120,,,0,115,,980,120,,,0,155,,981,120,,,0,115,,982,120,,,0,115,,983,120,,,0,115,,984,120,,,0,160,,985,120,,,0,120,,978,120,,,0
14001,'Fête-1-01',836,,3385,120,,,0,115,,3386,120,,,0,155,,3387,120,,,0,115,,3388,120,,,0,115,,3389,120,,,0,115,,3390,120,,,0,160,,3391,120,,,0,120,,3384,120,,,0
14001,'Samedi-01',836,,1010,120,,,0,115,,1011,120,,,0,155,,1012,120,,,0,115,,1013,120,,,0,115,,1014,120,,,0,115,,1015,120,,,0,160,,1016,120,,,0,120,,1009,120,,,0
14001,'Semaine-01',749,,1017,70,,,0,161,,1019,120,,,0,120,,1020,120,,,0,121,,1021,120,,,0,165,,1022,120,,,0,125,,1023,120,,,0,165,,1024,120,,,0,125,,1025,120,,,0,126,,1026,120,,,0,160,,1027,120,,,0,113,,1028,120,,,0
14001,'Semaine-02',749,,3392,70,,,0,161,,3394,120,,,0,120,,3395,120,,,0,121,,3396,120,,,0,165,,3397,120,,,0,125,,3398,120,,,0,165,,3399,120,,,0,125,,3400,120,,,0,126,,3401,120,,,0,160,,3402,120,,,0,113,,3403,120,,,0
14001,'Semaine-03',749,,3405,70,,,0,161,,3407,120,,,0,120,,3408,120,,,0,121,,3409,120,,,0,165,,3410,120,,,0,125,,3411,120,,,0,165,,3412,120,,,0,125,,3413,120,,,0,126,,3414,120,,,0,160,,3415,120,,,0,113,,3416,120,,,0
