11100,'Dimanche-01',712,,861,230,0,5 6,0,100,,857,230,0,5 10,0,146,,856,230,0,5 10,0,290,,858,230,0,5 10,0,289,,859,230,0,5 10,0,200,,862,230,0,5 6,0,106,,860,230,0,5 10,0,380,,863,230,0,5 6,0
11100,'Fête-1-01',712,,3297,230,0,5 6,0,100,,3293,230,0,5 10,0,146,,3292,230,0,5 10,0,290,,3294,230,0,5 10,0,289,,3295,230,0,5 10,0,200,,3298,230,0,5 6,0,106,,3296,230,0,5 10,0,380,,3299,230,0,5 6,0
11100,'Samedi-01',712,,891,230,0,5 6,0,100,,887,230,0,5 10,0,146,,886,230,0,5 10,0,290,,888,230,0,5 10,0,289,,889,230,0,5 10,0,200,,892,230,0,5 6,0,106,,890,230,0,5 10,0,380,,893,230,0,5 6,0
11100,'Semaine-01',523,,902,230,0,5 15,0,15,,896,230,0,5 10,0,20,,900,230,0,5 15,0,66,,903,230,0,5 15,0,6,,897,230,0,5 10,0,14,,901,230,0,5 15,0,71,,909,230,0,5 15,0,20,,904,230,0,5 15,0,5,,898,230,0,5 10,0,15,,911,230,0,5 15,0,80,,899,230,0,5 10,0,118,,912,230,0,5 10,0,75,,894,230,0,5 10,0,105,,914,230,0,5 6,0,120,,895,230,0,5 10,0,380,,906,230,0,5 10,0,12,,905,230,0,5 15,0,89,,908,230,0,5 10,0,22,,907,230,0,5 15,0,273,,913,230,0,5 6,0,103,,910,230,0,5 10,0
11100,'Semaine-02',523,,3304,230,0,5 14,0,30,,3302,230,0,5 14,0,72,,3305,230,0,5 14,0,30,,3303,230,0,5 14,0,70,,3309,230,0,5 14,0,30,,3310,230,0,5 14,0,70,,3301,230,0,5 10,0,106,,3311,230,0,5 10,0,97,,3315,230,0,5 10,0,105,,3313,230,0,5 6,0,168,,3300,230,0,5 10,0,400,,3306,230,0,5 14,0,25,,3308,230,0,5 14,0,31,,3307,230,0,5 14,0,270,,3312,230,0,5 6,0,105,,3314,230,0,5 10,0
11100,'Semaine-03',523,,3324,230,0,5 15,0,15,,3318,230,0,5 10,0,20,,3322,230,0,5 15,0,66,,3325,230,0,5 15,0,6,,3319,230,0,5 10,0,14,,3323,230,0,5 15,0,71,,3331,230,0,5 15,0,20,,3326,230,0,5 15,0,5,,3320,230,0,5 10,0,15,,3333,230,0,5 15,0,80,,3321,230,0,5 10,0,118,,3334,230,0,5 10,0,75,,3316,230,0,5 10,0,105,,3336,230,0,5 6,0,120,,3317,230,0,5 10,0,380,,3328,230,0,5 10,0,12,,3327,230,0,5 15,0,89,,3330,230,0,5 10,0,22,,3329,230,0,5 15,0,273,,3335,230,0,5 6,0,103,,3332,230,0,5 10,0
14001,'Dimanche-01',754,,977,340,,,0,152,,979,490,,,0,115,,980,490,,,0,116,,981,490,,,0,116,,982,490,,,0,155,,983,490,,,0,115,,984,490,,,0,120,,985,490,,,0,159,,978,490,,,0
14001,'Fête-1-01',754,,3383,340,,,0,152,,3385,490,,,0,115,,3386,490,,,0,116,,3387,490,,,0,116,,3388,490,,,0,155,,3389,490,,,0,115,,3390,490,,,0,120,,3391,490,,,0,159,,3384,490,,,0
14001,'Samedi-01',754,,1008,340,,,0,152,,1010,490,,,0,115,,1011,490,,,0,116,,1012,490,,,0,116,,1013,490,,,0,155,,1014,490,,,0,115,,1015,490,,,0,120,,1016,490,,,0,159,,1009,490,,,0
14001,'Semaine-01',619,,1018,340,,,0,97,,1029,360,,,0,103,,1017,440,,,0,121,,1019,490,,,0,160,,1020,490,,,0,123,,1021,490,,,0,125,,1022,490,,,0,165,,1023,490,,,0,125,,1024,490,,,0,164,,1025,490,,,0,125,,1026,490,,,0,119,,1027,490,,,0,113,,1028,490,,,0
14001,'Semaine-02',619,,3393,340,,,0,97,,3404,360,,,0,103,,3392,440,,,0,121,,3394,490,,,0,160,,3395,490,,,0,123,,3396,490,,,0,125,,3397,490,,,0,165,,3398,490,,,0,125,,3399,490,,,0,164,,3400,490,,,0,125,,3401,490,,,0,119,,3402,490,,,0,113,,3403,490,,,0
14001,'Semaine-03',619,,3406,340,,,0,97,,3417,360,,,0,103,,3405,440,,,0,121,,3407,490,,,0,160,,3408,490,,,0,123,,3409,490,,,0,125,,3410,490,,,0,165,,3411,490,,,0,125,,3412,490,,,0,164,,3413,490,,,0,125,,3414,490,,,0,119,,3415,490,,,0,113,,3416,490,,,0
