2000,'Dimanche-01',721,,146,590,,,0,124,,147,590,,,0,166,,148,590,,,0,125,,149,590,,,0,165,,150,590,,,0,124,,151,590,,,0,125,,152,590,,,0,165,,153,590,,,0
2000,'Fête-1-03',721,,2686,590,,,0,124,,2687,590,,,0,166,,2688,590,,,0,125,,2689,590,,,0,165,,2690,590,,,0,124,,2691,590,,,0,125,,2692,590,,,0,165,,2693,590,,,0
2000,'Fête-2-01',705,,2694,580,,,0,125,,2695,580,,,0,125,,2696,580,,,0,166,,2697,580,,,0,126,,2698,580,,,0,165,,2699,580,,,0,126,,2700,580,,,0,166,,2701,580,,,0,126,,2702,580,,,0
2000,'Samedi-01',721,,171,590,,,0,124,,172,590,,,0,166,,173,590,,,0,125,,174,590,,,0,165,,175,590,,,0,124,,176,590,,,0,125,,177,590,,,0,165,,178,590,,,0
2000,'Semaine-01',705,,179,580,,,0,125,,180,580,,,0,125,,181,580,,,0,166,,182,580,,,0,126,,183,580,,,0,165,,184,580,,,0,126,,185,580,,,0,166,,186,580,,,0,126,,187,580,,,0
2000,'Semaine-01-0001100',1955,,189,580,,,0,164,,188,580,,,0
2000001901,'Dimanche-01',740,,1246,30,0,19,0,170,,1247,30,0,19,0,131,,1248,30,0,19,0,171,,1249,30,0,19,0,130,,1250,30,0,19,0,170,,1251,30,0,19,0,130,,1252,30,0,19,0,170,,1253,30,0,19,0,129,,1254,30,0,19,0,170,,1255,30,0,19,0,130,,1256,30,0,19,0,170,,1257,30,0,19,0
2000001901,'Fête-1-03',740,,3153,30,0,19,0,170,,3154,30,0,19,0,131,,3155,30,0,19,0,171,,3156,30,0,19,0,130,,3157,30,0,19,0,170,,3158,30,0,19,0,130,,3159,30,0,19,0,170,,3160,30,0,19,0,129,,3161,30,0,19,0,170,,3162,30,0,19,0,130,,3163,30,0,19,0,170,,3164,30,0,19,0
2000001901,'Fête-2-01',656,,3165,30,0,19,0,100,,3166,30,0,19,0,70,,3167,30,0,19,0,101,,3168,30,0,19,0,100,,3169,30,0,19,0,95,,3170,30,0,19,0,100,,3171,30,0,19,0,100,,3172,30,0,19,0,100,,3173,30,0,19,0,100,,3174,30,0,19,0,103,,3175,30,0,19,0,101,,3176,30,0,19,0,100,,3177,30,0,19,0,30,,3178,30,0,19,0,96,,3179,30,0,19,0,99,,3180,30,0,19,0,160,,3181,30,0,19,0,139,,3182,30,0,19,0
2000001901,'Samedi-01',740,,1288,30,0,19,0,170,,1289,30,0,19,0,131,,1290,30,0,19,0,171,,1291,30,0,19,0,130,,1292,30,0,19,0,170,,1293,30,0,19,0,130,,1294,30,0,19,0,170,,1295,30,0,19,0,129,,1296,30,0,19,0,170,,1297,30,0,19,0,130,,1298,30,0,19,0,170,,1299,30,0,19,0
2000001901,'Semaine-01',656,,1300,30,0,19,0,100,,1301,30,0,19,0,70,,1302,30,0,19,0,101,,1303,30,0,19,0,100,,1304,30,0,19,0,95,,1305,30,0,19,0,100,,1306,30,0,19,0,100,,1307,30,0,19,0,100,,1308,30,0,19,0,100,,1309,30,0,19,0,103,,1310,30,0,19,0,101,,1311,30,0,19,0,100,,1312,30,0,19,0,30,,1313,30,0,19,0,96,,1314,30,0,19,0,99,,1315,30,0,19,0,160,,1316,30,0,19,0,139,,1317,30,0,19,0
