101,'Dimanche-01',728,,73,120,,,0,205,,74,120,,,0,170,,75,120,,,0,132,,76,120,,,0,166,,77,120,,,0,120,,78,120,,,0,120,,79,120,,,0,160,,80,120,,,0,119,,81,120,,,0,134,,82,120,,,0,154,,83,120,,,0,115,,84,120,,,0
101,'Fête-1-01',728,,2674,120,,,0,205,,2675,120,,,0,170,,2676,120,,,0,132,,2677,120,,,0,166,,2678,120,,,0,120,,2679,120,,,0,120,,2680,120,,,0,160,,2681,120,,,0,119,,2682,120,,,0,134,,2683,120,,,0,154,,2684,120,,,0,115,,2685,120,,,0
101,'Samedi-01',728,,115,120,,,0,205,,116,120,,,0,170,,117,120,,,0,132,,118,120,,,0,166,,119,120,,,0,120,,120,120,,,0,120,,121,120,,,0,160,,122,120,,,0,119,,123,120,,,0,134,,124,120,,,0,154,,125,120,,,0,115,,126,120,,,0
101,'Semaine-01',626,,127,120,,,0,100,,136,120,,,0,30,,138,120,,,0,90,,139,120,,,0,111,,140,120,,,0,145,,141,120,,,0,55,,143,120,,,0,101,,142,120,,,0,146,,144,120,,,0,40,,128,120,,,0,102,,129,120,,,0,97,,130,120,,,0,109,,131,120,,,0,74,,132,120,,,0,104,,133,120,,,0,84,,134,120,,,0,134,,135,120,,,0,175,,137,120,,,0
101,'Semaine-02',621,,2686,120,,,0,100,,2695,120,,,0,30,,2697,120,,,0,100,,2698,120,,,0,106,,2699,120,,,0,95,,2700,120,,,0,100,,2702,120,,,0,96,,2701,120,,,0,111,,2703,120,,,0,85,,2687,120,,,0,107,,2688,120,,,0,92,,2689,120,,,0,109,,2690,120,,,0,69,,2691,120,,,0,29,,2692,120,,,0,109,,2693,120,,,0,184,,2694,120,,,0,190,,2696,120,,,0
101,'Semaine-03',626,,2704,120,,,0,100,,2713,120,,,0,30,,2715,120,,,0,90,,2716,120,,,0,111,,2717,120,,,0,145,,2718,120,,,0,55,,2720,120,,,0,101,,2719,120,,,0,146,,2721,120,,,0,40,,2705,120,,,0,102,,2706,120,,,0,97,,2707,120,,,0,109,,2708,120,,,0,74,,2709,120,,,0,104,,2710,120,,,0,84,,2711,120,,,0,134,,2712,120,,,0,175,,2714,120,,,0
2101,'Semaine-01',658,,260,120,0,5 6,0,79,,261,120,0,5 6,0,81,,262,120,0,5 6,0,796,,254,120,,,0,23,,255,120,,,0,66,,256,120,,,0,25,,257,120,,,0,25,,258,120,,,0,68,,259,120,,,0
2101,'Semaine-02',656,,2800,120,0,5 6,0,82,,2801,120,0,5 6,0,82,,2802,120,0,5 6,0,797,,2794,120,,,0,25,,2795,120,,,0,64,,2796,120,,,0,25,,2797,120,,,0,25,,2798,120,,,0,68,,2799,120,,,0
2101,'Semaine-03',658,,2809,120,0,5 6,0,79,,2810,120,0,5 6,0,81,,2811,120,0,5 6,0,796,,2803,120,,,0,23,,2804,120,,,0,66,,2805,120,,,0,25,,2806,120,,,0,25,,2807,120,,,0,68,,2808,120,,,0
2301,'Semaine-01',1548,,310,120,,,0,65,,311,120,,,0,30,,312,120,,,0,70,,313,120,,,0,29,,314,120,,,0,69,,315,120,,,0,30,,316,120,,,0
2301,'Semaine-02',1548,,2852,120,,,0,65,,2853,120,,,0,30,,2854,120,,,0,70,,2855,120,,,0,24,,2856,120,,,0,74,,2857,120,,,0,30,,2858,120,,,0
2301,'Semaine-03',1548,,2859,120,,,0,65,,2860,120,,,0,30,,2861,120,,,0,70,,2862,120,,,0,29,,2863,120,,,0,69,,2864,120,,,0,30,,2865,120,,,0
2501,'Semaine-01',1552,,355,120,,,0,80,,356,120,,,0,74,,357,120,,,0,39,,358,120,,,0,80,,359,120,,,0,28,,360,120,,,0
2501,'Semaine-02',1552,,2899,120,,,0,80,,2900,120,,,0,74,,2901,120,,,0,39,,2902,120,,,0,75,,2903,120,,,0,33,,2904,120,,,0
2501,'Semaine-03',1552,,2905,120,,,0,80,,2906,120,,,0,74,,2907,120,,,0,39,,2908,120,,,0,80,,2909,120,,,0,28,,2910,120,,,0
2801,'Semaine-01',1352,,445,60,0,6,0,186,,451,60,0,6,0,17,,454,60,0,6,0,55,,458,60,0,6,0,17,,455,60,0,6,0,15,,443,60,0,7,0,10,,457,60,0,6,0,50,,446,60,0,6,0,9,,447,60,0,6,0,10,,442,60,,,0,10,,448,60,0,6,0,8,,449,60,0,6,0,10,,444,60,0,7,0,54,,450,60,0,6,0,11,,452,60,0,6,0,25,,453,60,0,6,0
2801,'Semaine-02',1352,,2982,60,0,6,0,186,,2986,60,0,6,0,17,,2989,60,0,6,0,55,,2992,60,0,6,0,17,,2980,60,0,7,0,15,,2990,60,0,6,0,15,,2991,60,0,6,0,54,,2983,60,0,6,0,15,,2979,60,,,0,13,,2984,60,0,6,0,14,,2981,60,0,7,0,55,,2985,60,0,6,0,11,,2987,60,0,6,0,20,,2988,60,0,6,0
2801,'Semaine-03',1352,,2996,60,0,6,0,186,,3002,60,0,6,0,17,,3005,60,0,6,0,55,,3008,60,0,6,0,17,,3006,60,0,6,0,15,,2994,60,0,7,0,10,,3007,60,0,6,0,50,,2997,60,0,6,0,9,,2998,60,0,6,0,10,,2993,60,,,0,10,,2999,60,0,6,0,8,,3000,60,0,6,0,10,,2995,60,0,7,0,54,,3001,60,0,6,0,11,,3003,60,0,6,0,25,,3004,60,0,6,0
3100,'Dimanche-01',702,,492,120,,,0,217,,493,120,,,0,238,,491,120,,,0,163,,484,120,,,0,120,,485,120,,,0,118,,486,120,,,0,158,,487,120,,,0,119,,488,120,,,0,167,,489,120,,,0,221,,483,120,,,0,215,,490,120,,,0
3100,'Fête-1-01',551,,3034,120,,,0,83,,3045,120,,,0,203,,3046,120,,,0,165,,3043,120,,,0,124,,3033,120,,,0,124,,3044,120,,,0,164,,3035,120,,,0,124,,3036,120,,,0,164,,3037,120,,,0,124,,3038,120,,,0,124,,3039,120,,,0,67,,3040,120,,,0,216,,3041,120,,,0,215,,3042,120,,,0
3100,'Samedi-01',551,,537,120,,,0,83,,548,120,,,0,203,,549,120,,,0,165,,546,120,,,0,124,,536,120,,,0,124,,547,120,,,0,164,,538,120,,,0,124,,539,120,,,0,164,,540,120,,,0,124,,541,120,,,0,124,,542,120,,,0,67,,543,120,,,0,216,,544,120,,,0,215,,545,120,,,0
3100,'Semaine-01',558,,574,120,,,0,80,,550,120,,,0,80,,560,120,,,0,40,,575,120,,,0,80,,569,120,,,0,80,,570,120,,,0,40,,571,120,,,0,81,,577,120,,,0,81,,572,120,,,0,83,,573,120,,,0,43,,551,120,,,0,83,,552,120,,,0,82,,553,120,,,0,42,,554,120,,,0,85,,555,120,,,0,85,,556,120,,,0,85,,557,120,,,0,45,,558,120,,,0,85,,559,120,,,0,83,,561,120,,,0,82,,562,120,,,0,40,,563,120,,,0,80,,564,120,,,0,80,,565,120,,,0,40,,566,120,,,0,80,,567,120,,,0,80,,568,120,,,0,121,,576,120,0,5 6,0
3100,'Semaine-02',552,,3071,120,,,0,81,,3047,120,,,0,81,,3057,120,,,0,42,,3072,120,,,0,82,,3066,120,,,0,82,,3067,120,,,0,82,,3068,120,,,0,42,,3074,120,,,0,83,,3069,120,,,0,83,,3070,120,,,0,43,,3048,120,,,0,83,,3049,120,,,0,83,,3050,120,,,0,84,,3051,120,,,0,46,,3052,120,,,0,87,,3053,120,,,0,86,,3054,120,,,0,85,,3055,120,,,0,42,,3056,120,,,0,81,,3058,120,,,0,81,,3059,120,,,0,41,,3060,120,,,0,81,,3061,120,,,0,81,,3062,120,,,0,40,,3063,120,,,0,80,,3064,120,,,0,80,,3065,120,,,0,111,,3073,120,0,5 6,0
3100,'Semaine-03',558,,3099,120,,,0,80,,3075,120,,,0,80,,3085,120,,,0,40,,3100,120,,,0,80,,3094,120,,,0,80,,3095,120,,,0,40,,3096,120,,,0,81,,3102,120,,,0,81,,3097,120,,,0,83,,3098,120,,,0,43,,3076,120,,,0,83,,3077,120,,,0,82,,3078,120,,,0,42,,3079,120,,,0,85,,3080,120,,,0,85,,3081,120,,,0,85,,3082,120,,,0,45,,3083,120,,,0,85,,3084,120,,,0,83,,3086,120,,,0,82,,3087,120,,,0,40,,3088,120,,,0,80,,3089,120,,,0,80,,3090,120,,,0,40,,3091,120,,,0,80,,3092,120,,,0,80,,3093,120,,,0,121,,3101,120,0,5 6,0
3200,'Dimanche-01',553,,578,120,,,0,254,,583,120,,,0,223,,586,120,,,0,192,,587,120,,,0,119,,579,120,,,0,162,,589,120,,,0,120,,580,120,,,0,119,,582,120,,,0,158,,581,120,,,0,215,,584,120,,,0,216,,585,120,,,0,213,,588,120,0,6,0
3200,'Fête-1-01',705,,3109,120,,,0,37,,3104,120,,,0,160,,3112,120,,,0,123,,3113,120,,,0,124,,3114,120,,,0,164,,3105,120,,,0,124,,3116,120,,,0,164,,3106,120,,,0,128,,3107,120,,,0,120,,3108,120,,,0,276,,3110,120,,,0,216,,3111,120,,,0,208,,3115,120,0,6,0
3200,'Samedi-01',705,,641,120,,,0,37,,636,120,,,0,160,,644,120,,,0,123,,645,120,,,0,124,,646,120,,,0,164,,637,120,,,0,124,,648,120,,,0,164,,638,120,,,0,128,,639,120,,,0,120,,640,120,,,0,276,,642,120,,,0,216,,643,120,,,0,208,,647,120,0,6,0
3200,'Semaine-01',621,,674,120,,,0,80,,649,120,,,0,39,,677,120,,,0,79,,660,120,,,0,40,,668,120,,,0,82,,669,120,,,0,81,,670,120,,,0,81,,671,120,,,0,43,,672,120,,,0,83,,673,120,,,0,83,,650,120,,,0,42,,651,120,,,0,82,,652,120,,,0,85,,676,120,,,0,85,,654,120,,,0,44,,655,120,,,0,86,,656,120,,,0,85,,657,120,,,0,82,,658,120,,,0,43,,659,120,,,0,81,,661,120,,,0,80,,662,120,,,0,40,,663,120,,,0,80,,664,120,,,0,80,,665,120,,,0,41,,666,120,,,0,80,,667,120,,,0,112,,675,120,0,6,0
3200,'Semaine-02',620,,3142,120,,,0,81,,3117,120,,,0,41,,3145,120,,,0,81,,3128,120,,,0,84,,3136,120,,,0,42,,3137,120,,,0,82,,3138,120,,,0,83,,3139,120,,,0,43,,3140,120,,,0,83,,3141,120,,,0,83,,3118,120,,,0,83,,3119,120,,,0,44,,3120,120,,,0,86,,3144,120,,,0,87,,3122,120,,,0,86,,3123,120,,,0,45,,3124,120,,,0,82,,3125,120,,,0,81,,3126,120,,,0,41,,3127,120,,,0,82,,3129,120,,,0,81,,3130,120,,,0,81,,3131,120,,,0,40,,3132,120,,,0,81,,3133,120,,,0,80,,3134,120,,,0,40,,3135,120,,,0,98,,3143,120,0,6,0
3200,'Semaine-03',621,,3173,120,,,0,80,,3148,120,,,0,39,,3176,120,,,0,79,,3159,120,,,0,40,,3167,120,,,0,82,,3168,120,,,0,81,,3169,120,,,0,81,,3170,120,,,0,43,,3171,120,,,0,83,,3172,120,,,0,83,,3149,120,,,0,42,,3150,120,,,0,82,,3151,120,,,0,85,,3175,120,,,0,85,,3153,120,,,0,44,,3154,120,,,0,86,,3155,120,,,0,85,,3156,120,,,0,82,,3157,120,,,0,43,,3158,120,,,0,81,,3160,120,,,0,80,,3161,120,,,0,40,,3162,120,,,0,80,,3163,120,,,0,80,,3164,120,,,0,41,,3165,120,,,0,80,,3166,120,,,0,112,,3174,120,0,6,0
11101,'Dimanche-01',911,,917,120,,,0,148,,916,120,,,0,296,,918,120,,,0,288,,919,120,,,0,304,,920,120,,,0
11101,'Fête-1-01',911,,3338,120,,,0,148,,3337,120,,,0,296,,3339,120,,,0,288,,3340,120,,,0,304,,3341,120,,,0
11101,'Samedi-01',911,,949,120,,,0,148,,948,120,,,0,296,,950,120,,,0,288,,951,120,,,0,304,,952,120,,,0
11101,'Semaine-01',640,,966,60,,,0,2,,965,120,,,0,95,,972,120,,,0,169,,973,120,,,0,95,,970,120,,,0,155,,975,120,,,0,265,,956,120,,,0,110,,957,60,,,0,10,,959,120,,,0,91,,960,60,,,0,19,,967,120,,,0,56,,962,60,,,0,30,,963,60,,,0,13,,961,60,,,0,51,,968,120,,,0,9,,964,60,,,0,45,,969,120,,,0,77,,958,130,,,0,302,,971,120,,,0
11101,'Semaine-02',720,,3353,130,,,0,107,,3356,130,,,0,101,,3357,130,,,0,8,,3355,120,,,0,270,,3359,120,,,0,205,,3345,120,,,0,143,,3346,130,,,0,65,,3348,130,,,0,30,,3349,130,,,0,70,,3350,130,,,0,30,,3351,130,,,0,70,,3352,130,,,0,89,,3354,130,,,0,24,,3347,130,,,0,305,,3361,120,,,0
11101,'Semaine-03',640,,3372,60,,,0,2,,3371,120,,,0,95,,3378,120,,,0,169,,3379,120,,,0,95,,3376,120,,,0,155,,3381,120,,,0,265,,3362,120,,,0,110,,3363,60,,,0,10,,3365,120,,,0,91,,3366,60,,,0,19,,3373,120,,,0,56,,3368,60,,,0,30,,3369,60,,,0,13,,3367,60,,,0,51,,3374,120,,,0,9,,3370,60,,,0,45,,3375,120,,,0,77,,3364,130,,,0,302,,3377,120,,,0
