101,'Dimanche-01',757,,73,480,,,0,246,,74,480,,,0,131,,75,480,,,0,173,,76,480,,,0,127,,77,480,,,0,120,,78,480,,,0,160,,79,480,,,0,120,,80,480,,,0,117,,81,480,,,0,174,,82,480,,,0,114,,83,480,,,0,113,,84,480,,,0
101,'Fête-1-03',757,,2656,480,,,0,246,,2657,480,,,0,131,,2658,480,,,0,173,,2659,480,,,0,127,,2660,480,,,0,120,,2661,480,,,0,160,,2662,480,,,0,120,,2663,480,,,0,117,,2664,480,,,0,174,,2665,480,,,0,114,,2666,480,,,0,113,,2667,480,,,0
101,'Fête-2-01',657,,2668,480,,,0,101,,2677,480,,,0,70,,2679,480,,,0,90,,2680,480,,,0,110,,2681,480,,,0,105,,2682,480,,,0,95,,2684,480,,,0,105,,2683,480,,,0,106,,2685,480,,,0,81,,2669,480,,,0,104,,2670,480,,,0,96,,2671,480,,,0,106,,2672,480,,,0,74,,2673,480,,,0,103,,2674,480,,,0,43,,2675,480,,,0,173,,2676,480,,,0,134,,2678,480,,,0
101,'Samedi-01',757,,115,480,,,0,246,,116,480,,,0,131,,117,480,,,0,173,,118,480,,,0,127,,119,480,,,0,120,,120,480,,,0,160,,121,480,,,0,120,,122,480,,,0,117,,123,480,,,0,174,,124,480,,,0,114,,125,480,,,0,113,,126,480,,,0
101,'Semaine-01',657,,127,480,,,0,46,,145,350,,,0,55,,136,480,,,0,70,,138,480,,,0,90,,139,480,,,0,110,,140,480,,,0,105,,141,480,,,0,95,,143,480,,,0,105,,142,480,,,0,106,,144,480,,,0,81,,128,480,,,0,104,,129,480,,,0,96,,130,480,,,0,106,,131,480,,,0,74,,132,480,,,0,103,,133,480,,,0,43,,134,480,,,0,173,,135,480,,,0,134,,137,480,,,0
2000,'Dimanche-01',725,,146,660,,,0,124,,147,660,,,0,166,,148,660,,,0,125,,149,660,,,0,165,,150,660,,,0,125,,151,660,,,0,125,,152,660,,,0,165,,153,660,,,0
2000,'Fête-1-03',725,,2686,660,,,0,124,,2687,660,,,0,166,,2688,660,,,0,125,,2689,660,,,0,165,,2690,660,,,0,125,,2691,660,,,0,125,,2692,660,,,0,165,,2693,660,,,0
2000,'Fête-2-01',710,,2694,650,,,0,125,,2695,650,,,0,165,,2696,650,,,0,126,,2697,650,,,0,126,,2698,650,,,0,165,,2699,650,,,0,126,,2700,650,,,0,166,,2701,650,,,0,126,,2702,650,,,0
2000,'Samedi-01',725,,171,660,,,0,124,,172,660,,,0,166,,173,660,,,0,125,,174,660,,,0,165,,175,660,,,0,125,,176,660,,,0,125,,177,660,,,0,165,,178,660,,,0
2000,'Semaine-01',710,,179,650,,,0,125,,180,650,,,0,165,,181,650,,,0,126,,182,650,,,0,126,,183,650,,,0,165,,184,650,,,0,126,,185,650,,,0,166,,186,650,,,0,126,,187,650,,,0
2000,'Semaine-01-0001100',1959,,189,650,,,0,164,,188,650,,,0
2801,'Fête-2-01',1704,,2814,370,0,7,0,44,,2813,370,,,0,68,,2815,370,0,7,0
2801,'Semaine-01',1704,,443,370,0,7,0,44,,442,370,,,0,68,,444,370,0,7,0
