101,'Dimanche-01',738,,73,230,,,0,205,,74,230,,,0,171,,75,230,,,0,133,,76,230,,,0,167,,77,230,,,0,120,,78,230,,,0,120,,79,230,,,0,160,,80,230,,,0,117,,81,230,,,0,174,,82,230,,,0,114,,83,230,,,0,114,,84,230,,,0
101,'Samedi-01',738,,115,230,,,0,205,,116,230,,,0,171,,117,230,,,0,133,,118,230,,,0,167,,119,230,,,0,120,,120,230,,,0,120,,121,230,,,0,160,,122,230,,,0,117,,123,230,,,0,174,,124,230,,,0,114,,125,230,,,0,114,,126,230,,,0
101,'Semaine-01',637,,127,230,,,0,6,,145,100,,,0,94,,136,230,,,0,70,,138,230,,,0,50,,139,230,,,0,151,,140,230,,,0,105,,141,230,,,0,95,,143,230,,,0,103,,142,230,,,0,106,,144,230,,,0,41,,128,230,,,0,143,,129,230,,,0,56,,130,230,,,0,147,,131,230,,,0,34,,132,230,,,0,103,,133,230,,,0,84,,134,230,,,0,134,,135,230,,,0,175,,137,230,,,0
2301,'Semaine-01',1558,,310,240,,,0,65,,311,240,,,0,30,,312,240,,,0,70,,313,240,,,0,28,,314,240,,,0,69,,315,240,,,0,30,,316,240,,,0
2401,'Semaine-01',1645,,332,140,,,0,85,,333,140,,,0,85,,336,140,,,0,21,,335,140,,,0,64,,334,140,,,0
2801,'Semaine-01',1402,,445,170,0,6,0,149,,451,170,0,6,0,62,,454,170,0,6,0,10,,458,170,0,6,0,12,,455,170,0,6,0,15,,443,170,0,7,0,5,,456,170,0,6,0,50,,457,170,0,6,0,10,,446,170,0,6,0,9,,447,170,0,6,0,10,,442,170,,,0,10,,448,170,0,6,0,8,,449,170,0,6,0,50,,444,170,0,7,0,14,,450,170,0,6,0,10,,452,170,0,6,0,25,,453,170,0,6,0
3300,'Dimanche-01',544,,682,110,,,0,82,,680,110,,,0,90,,691,110,,,0,41,,701,110,,,0,83,,703,110,,,0,93,,704,110,,,0,80,,705,110,,,0,40,,706,110,,,0,80,,707,110,,,0,80,,683,110,,,0,40,,684,110,,,0,79,,685,110,,,0,80,,686,110,,,0,40,,687,110,,,0,79,,688,110,,,0,79,,689,110,,,0,39,,690,110,,,0,79,,692,110,,,0,79,,693,110,,,0,40,,694,110,,,0,87,,695,110,,,0,85,,696,110,,,0,86,,697,110,,,0,47,,698,110,,,0,86,,699,110,,,0,83,,700,110,,,0,88,,681,110,,,0,43,,702,110,,,0,159,,708,110,0,8 6,0
3300,'Samedi-01',604,,769,110,,,0,41,,767,110,,,0,81,,778,110,,,0,82,,788,110,,,0,42,,790,110,,,0,84,,791,110,,,0,81,,792,110,,,0,42,,793,110,,,0,82,,794,110,,,0,82,,770,110,,,0,82,,771,110,,,0,42,,772,110,,,0,82,,773,110,,,0,82,,774,110,,,0,42,,775,110,,,0,82,,776,110,,,0,82,,777,110,,,0,85,,779,110,,,0,39,,780,110,,,0,82,,781,110,,,0,82,,782,110,,,0,39,,783,110,,,0,82,,784,110,,,0,81,,785,110,,,0,42,,786,110,,,0,83,,787,110,,,0,86,,789,110,,,0,86,,768,110,,,0,113,,795,110,0,8 6,0
3300,'Semaine-01',611,,796,110,,,0,40,,824,110,,,0,81,,805,110,,,0,80,,815,110,,,0,40,,818,110,,,0,79,,819,110,,,0,80,,820,110,,,0,42,,821,110,,,0,81,,822,110,,,0,83,,797,110,,,0,83,,798,110,,,0,43,,799,110,,,0,82,,800,110,,,0,82,,801,110,,,0,46,,802,110,,,0,85,,803,110,,,0,85,,804,110,,,0,84,,806,110,,,0,44,,807,110,,,0,83,,808,110,,,0,82,,809,110,,,0,40,,810,110,,,0,80,,811,110,,,0,80,,812,110,,,0,40,,813,110,,,0,80,,814,110,,,0,80,,816,110,,,0,40,,817,110,,,0,96,,823,60,0,8 6,0
9001,'Semaine-01',1843,,828,140,,,0
