2400,'Fête-2-01',633,,2761,240,,,0,80,,2762,240,,,0,40,,2764,240,,,0,80,,2765,240,,,0,80,,2763,240,,,0
2400,'Semaine-01',611,,322,240,,,0,22,,323,240,,,0,74,,324,240,,,0,52,,326,240,,,0,74,,327,240,,,0,80,,325,240,,,0
2500,'Fête-2-01',601,,2773,280,,,0,34,,2770,300,,,0,21,,2774,280,,,0,69,,2771,300,,,0,26,,2775,280,,,0,69,,2772,300,,,0
2500,'Semaine-01',601,,346,280,,,0,34,,343,300,,,0,21,,347,280,,,0,69,,344,300,,,0,26,,348,280,,,0,69,,345,300,,,0
2700,'Fête-2-01',554,,2784,200,,,0,80,,2785,200,,,0,80,,2786,200,,,0,40,,2787,200,,,0,80,,2788,200,,,0,786,,2789,200,,,0,83,,2790,200,,,0,46,,2791,200,,,0,85,,2792,200,,,0,86,,2793,200,,,0
2700,'Semaine-01',554,,375,200,,,0,80,,376,200,,,0,80,,377,200,,,0,40,,378,200,,,0,80,,379,200,,,0,786,,380,200,,,0,83,,381,200,,,0,46,,382,200,,,0,85,,383,200,,,0,86,,384,200,,,0
3100,'Dimanche-01',722,,492,340,,,0,218,,493,340,,,0,278,,491,340,,,0,123,,484,340,,,0,160,,485,340,,,0,118,,486,340,,,0,118,,487,340,,,0,119,,488,340,,,0,167,,489,340,,,0,221,,483,340,,,0,215,,490,340,,,0
3100,'Fête-1-03',611,,2838,340,,,0,43,,2849,340,,,0,204,,2850,340,,,0,165,,2847,340,,,0,124,,2837,340,,,0,164,,2848,340,,,0,124,,2839,340,,,0,124,,2840,340,,,0,164,,2841,340,,,0,124,,2842,340,,,0,164,,2843,340,,,0,27,,2844,340,,,0,216,,2845,340,,,0,255,,2846,340,,,0
3100,'Fête-2-01',620,,2875,340,,,0,80,,2851,340,,,0,40,,2861,340,,,0,80,,2876,340,,,0,80,,2870,340,,,0,40,,2871,340,,,0,80,,2872,340,,,0,80,,2878,340,,,0,43,,2873,340,,,0,83,,2874,340,,,0,83,,2852,340,,,0,43,,2853,340,,,0,82,,2854,340,,,0,82,,2855,340,,,0,85,,2856,340,,,0,45,,2857,340,,,0,86,,2858,340,,,0,85,,2859,340,,,0,84,,2860,340,,,0,42,,2862,340,,,0,82,,2863,340,,,0,79,,2864,340,,,0,40,,2865,340,,,0,79,,2866,340,,,0,80,,2867,340,,,0,40,,2868,340,,,0,80,,2869,340,,,0,121,,2877,340,0,5 6,0
3100,'Samedi-01',611,,537,340,,,0,43,,548,340,,,0,204,,549,340,,,0,165,,546,340,,,0,124,,536,340,,,0,164,,547,340,,,0,124,,538,340,,,0,124,,539,340,,,0,164,,540,340,,,0,124,,541,340,,,0,164,,542,340,,,0,27,,543,340,,,0,216,,544,340,,,0,255,,545,340,,,0
3100,'Semaine-01',620,,574,340,,,0,80,,550,340,,,0,40,,560,340,,,0,80,,575,340,,,0,80,,569,340,,,0,40,,570,340,,,0,80,,571,340,,,0,80,,577,340,,,0,43,,572,340,,,0,83,,573,340,,,0,83,,551,340,,,0,43,,552,340,,,0,82,,553,340,,,0,82,,554,340,,,0,85,,555,340,,,0,45,,556,340,,,0,86,,557,340,,,0,85,,558,340,,,0,84,,559,340,,,0,42,,561,340,,,0,82,,562,340,,,0,79,,563,340,,,0,40,,564,340,,,0,79,,565,340,,,0,80,,566,340,,,0,40,,567,340,,,0,80,,568,340,,,0,121,,576,340,0,5 6,0
