100,'Dimanche-01',632,,12,550,,,0,200,,1,550,,,0,127,,2,550,,,0,170,,3,550,,,0,125,,4,550,,,0,163,,5,550,,,0,118,,6,550,,,0,120,,7,550,,,0,163,,8,550,,,0,135,,9,550,,,0,155,,10,550,,,0,115,,11,550,,,0
100,'Fête-1-03',632,,2637,550,,,0,200,,2626,550,,,0,127,,2627,550,,,0,170,,2628,550,,,0,125,,2629,550,,,0,163,,2630,550,,,0,118,,2631,550,,,0,120,,2632,550,,,0,163,,2633,550,,,0,135,,2634,550,,,0,155,,2635,550,,,0,115,,2636,550,,,0
100,'Fête-2-01',519,,2638,550,,,0,104,,2639,550,,,0,26,,2640,550,,,0,81,,2641,550,,,0,119,,2642,550,,,0,103,,2645,550,,,0,95,,2654,550,,,0,100,,2646,550,,,0,101,,2655,550,,,0,80,,2647,550,,,0,100,,2648,550,,,0,100,,2652,550,,,0,110,,2649,550,,,0,75,,2650,550,,,0,106,,2643,550,,,0,92,,2644,550,,,0,133,,2653,550,,,0,184,,2651,550,,,0
100,'Samedi-01',632,,54,550,,,0,200,,43,550,,,0,127,,44,550,,,0,170,,45,550,,,0,125,,46,550,,,0,163,,47,550,,,0,118,,48,550,,,0,120,,49,550,,,0,163,,50,550,,,0,135,,51,550,,,0,155,,52,550,,,0,115,,53,550,,,0
100,'Semaine-01',519,,55,550,,,0,104,,56,550,,,0,26,,57,550,,,0,81,,58,550,,,0,119,,59,550,,,0,104,,62,550,,,0,94,,71,550,,,0,101,,63,550,,,0,100,,72,550,,,0,78,,64,550,,,0,102,,65,550,,,0,100,,69,550,,,0,110,,66,550,,,0,75,,67,550,,,0,106,,60,550,,,0,92,,61,550,,,0,133,,70,550,,,0,184,,68,550,,,0
2300,'Fête-2-01',538,,2746,220,,,0,65,,2747,220,,,0,15,,2748,220,,,0,35,,2749,220,,,0,65,,2750,220,,,0,20,,2751,220,,,0,20,,2752,220,,,0,60,,2753,220,,,0
2300,'Semaine-01',538,,295,220,,,0,65,,296,220,,,0,15,,297,220,,,0,35,,298,220,,,0,65,,299,220,,,0,20,,300,220,,,0,20,,301,220,,,0,60,,302,220,,,0
2800,'Fête-2-01',509,,2807,80,,,0,20,,2806,80,,,0,20,,2804,320,,,0,60,,2812,80,,,0,20,,2803,340,,,0,20,,2805,320,,,0,61,,2808,80,,,0,20,,2809,80,,,0,20,,2810,80,,,0,60,,2811,80,,,0
2800,'Semaine-01',509,,417,80,,,0,20,,416,80,,,0,20,,414,320,,,0,10,,428,80,,,0,50,,424,80,,,0,10,,425,80,,,0,10,,413,340,,,0,8,,426,80,,,0,8,,415,320,,,0,8,,429,80,,,0,49,,427,80,,,0,8,,418,80,,,0,10,,419,80,,,0,10,,420,80,,,0,10,,421,80,,,0,10,,422,80,,,0,60,,423,80,,,0
3300,'Dimanche-01',603,,682,400,,,0,42,,680,400,,,0,91,,691,400,,,0,81,,701,400,,,0,83,,703,400,,,0,53,,704,400,,,0,80,,705,400,,,0,80,,706,400,,,0,40,,707,400,,,0,80,,683,400,,,0,80,,684,400,,,0,39,,685,400,,,0,80,,686,400,,,0,80,,687,400,,,0,39,,688,400,,,0,79,,689,400,,,0,79,,690,400,,,0,39,,692,400,,,0,79,,693,400,,,0,80,,694,400,,,0,47,,695,400,,,0,85,,696,400,,,0,85,,697,400,,,0,87,,698,400,,,0,46,,699,400,,,0,83,,700,400,,,0,88,,681,400,,,0,83,,702,400,,,0
3300,'Fête-1-03',623,,2926,400,,,0,81,,2924,400,,,0,42,,2935,400,,,0,82,,2945,400,,,0,82,,2947,400,,,0,44,,2948,400,,,0,81,,2949,400,,,0,82,,2950,400,,,0,42,,2951,400,,,0,82,,2927,400,,,0,82,,2928,400,,,0,82,,2929,400,,,0,42,,2930,400,,,0,82,,2931,400,,,0,82,,2932,400,,,0,42,,2933,400,,,0,82,,2934,400,,,0,85,,2936,400,,,0,39,,2937,400,,,0,82,,2938,400,,,0,82,,2939,400,,,0,79,,2940,400,,,0,41,,2941,400,,,0,81,,2942,400,,,0,82,,2943,400,,,0,43,,2944,400,,,0,86,,2946,400,,,0,86,,2925,400,,,0
3300,'Fête-2-01',630,,2953,400,,,0,80,,2981,400,,,0,41,,2962,400,,,0,80,,2972,400,,,0,80,,2975,400,,,0,40,,2976,400,,,0,80,,2977,400,,,0,82,,2978,400,,,0,41,,2979,400,,,0,83,,2954,400,,,0,83,,2955,400,,,0,83,,2956,400,,,0,43,,2957,400,,,0,83,,2958,400,,,0,86,,2959,400,,,0,85,,2960,400,,,0,45,,2961,400,,,0,84,,2963,400,,,0,81,,2964,400,,,0,43,,2965,400,,,0,82,,2966,400,,,0,80,,2967,400,,,0,40,,2968,400,,,0,79,,2969,400,,,0,80,,2970,400,,,0,40,,2971,400,,,0,80,,2973,400,,,0,80,,2974,400,,,0
3300,'Samedi-01',623,,769,400,,,0,81,,767,400,,,0,42,,778,400,,,0,82,,788,400,,,0,82,,790,400,,,0,44,,791,400,,,0,81,,792,400,,,0,82,,793,400,,,0,42,,794,400,,,0,82,,770,400,,,0,82,,771,400,,,0,82,,772,400,,,0,42,,773,400,,,0,82,,774,400,,,0,82,,775,400,,,0,42,,776,400,,,0,82,,777,400,,,0,85,,779,400,,,0,39,,780,400,,,0,82,,781,400,,,0,82,,782,400,,,0,79,,783,400,,,0,41,,784,400,,,0,81,,785,400,,,0,82,,786,400,,,0,43,,787,400,,,0,86,,789,400,,,0,86,,768,400,,,0
3300,'Semaine-01',630,,796,400,,,0,80,,824,400,,,0,41,,805,400,,,0,80,,815,400,,,0,80,,818,400,,,0,40,,819,400,,,0,80,,820,400,,,0,82,,821,400,,,0,41,,822,400,,,0,83,,797,400,,,0,83,,798,400,,,0,83,,799,400,,,0,43,,800,400,,,0,83,,801,400,,,0,86,,802,400,,,0,85,,803,400,,,0,45,,804,400,,,0,84,,806,400,,,0,81,,807,400,,,0,43,,808,400,,,0,82,,809,400,,,0,80,,810,400,,,0,40,,811,400,,,0,79,,812,400,,,0,80,,813,400,,,0,40,,814,400,,,0,80,,816,400,,,0,80,,817,400,,,0
9000,'Semaine-01',643,,825,100,,,0,63,,826,100,,,0
