2200,'Fête-2-02',554,,263,50,,,0,70,,264,50,,,0,30,,265,50,,,0,73,,268,50,,,0,32,,266,50,,,0,72,,267,50,,,0
2200,'Semaine-01',554,,269,50,,,0,70,,270,50,,,0,30,,271,50,,,0,73,,274,50,,,0,32,,272,50,,,0,72,,273,50,,,0
3100,'Dimanche-01',711,,492,180,,,0,217,,493,180,,,0,278,,491,180,,,0,123,,484,180,,,0,120,,485,180,,,0,158,,486,180,,,0,118,,487,180,,,0,119,,488,180,,,0,167,,489,180,,,0,221,,483,180,,,0,215,,490,180,,,0
3100,'Fête-1-01',600,,495,180,,,0,43,,506,180,,,0,203,,507,180,,,0,165,,504,180,,,0,124,,494,180,,,0,124,,505,180,,,0,164,,496,180,,,0,124,,497,180,,,0,164,,498,180,,,0,124,,499,180,,,0,124,,500,180,,,0,67,,501,180,,,0,216,,502,180,,,0,215,,503,180,,,0
3100,'Fête-2-02',607,,532,180,,,0,40,,508,180,,,0,80,,518,180,,,0,80,,533,180,,,0,40,,527,180,,,0,80,,528,180,,,0,80,,529,180,,,0,41,,535,180,,,0,81,,530,180,,,0,83,,531,180,,,0,43,,509,180,,,0,83,,510,180,,,0,82,,511,180,,,0,82,,512,180,,,0,45,,513,180,,,0,85,,514,180,,,0,86,,515,180,,,0,85,,516,180,,,0,45,,517,180,,,0,83,,519,180,,,0,82,,520,180,,,0,39,,521,180,,,0,80,,522,180,,,0,80,,523,180,,,0,40,,524,180,,,0,80,,525,180,,,0,80,,526,180,,,0,121,,534,180,0,5 6,0
3100,'Samedi-01',600,,537,180,,,0,43,,548,180,,,0,203,,549,180,,,0,165,,546,180,,,0,124,,536,180,,,0,124,,547,180,,,0,164,,538,180,,,0,124,,539,180,,,0,164,,540,180,,,0,124,,541,180,,,0,124,,542,180,,,0,67,,543,180,,,0,216,,544,180,,,0,215,,545,180,,,0
3100,'Semaine-01',607,,574,180,,,0,40,,550,180,,,0,80,,560,180,,,0,80,,575,180,,,0,40,,569,180,,,0,80,,570,180,,,0,80,,571,180,,,0,41,,577,180,,,0,81,,572,180,,,0,83,,573,180,,,0,43,,551,180,,,0,83,,552,180,,,0,82,,553,180,,,0,82,,554,180,,,0,45,,555,180,,,0,85,,556,180,,,0,86,,557,180,,,0,85,,558,180,,,0,45,,559,180,,,0,83,,561,180,,,0,82,,562,180,,,0,39,,563,180,,,0,80,,564,180,,,0,80,,565,180,,,0,40,,566,180,,,0,80,,567,180,,,0,80,,568,180,,,0,121,,576,180,0,5 6,0
11101,'Dimanche-01',735,,921,50,,,0,183,,917,180,,,0,189,,916,180,,,0,297,,918,180,,,0,248,,919,180,,,0,154,,922,50,,,0,148,,920,180,,,0,293,,923,50,,,0
11101,'Fête-1-01',735,,929,50,,,0,183,,925,180,,,0,189,,924,180,,,0,297,,926,180,,,0,248,,927,180,,,0,154,,930,50,,,0,148,,928,180,,,0,293,,931,50,,,0
11101,'Fête-2-02',727,,940,190,,,0,100,,943,190,,,0,100,,944,190,,,0,10,,942,190,,,0,220,,947,50,,,0,56,,946,180,,,0,201,,932,180,,,0,191,,933,190,,,0,30,,935,190,,,0,70,,936,190,,,0,30,,937,190,,,0,70,,938,190,,,0,30,,939,190,,,0,70,,941,190,,,0,30,,934,190,,,0,110,,945,180,,,0
11101,'Samedi-01',735,,953,50,,,0,183,,949,180,,,0,189,,948,180,,,0,297,,950,180,,,0,248,,951,180,,,0,154,,954,50,,,0,148,,952,180,,,0,293,,955,50,,,0
11101,'Semaine-01',646,,966,130,,,0,3,,965,180,,,0,96,,972,180,,,0,167,,973,190,,,0,95,,970,190,,,0,149,,976,50,,,0,47,,975,180,,,0,226,,956,190,,,0,110,,957,120,,,0,10,,959,190,,,0,91,,960,120,,,0,19,,967,190,,,0,56,,962,120,,,0,30,,963,120,,,0,13,,961,120,,,0,51,,968,190,,,0,9,,964,120,,,0,85,,969,190,,,0,37,,958,190,,,0,107,,974,50,,,0,194,,971,180,,,0
