101,'Dimanche-01',750,,73,380,,,0,206,,74,380,,,0,171,,75,380,,,0,173,,76,380,,,0,127,,77,380,,,0,120,,78,380,,,0,160,,79,380,,,0,120,,80,380,,,0,117,,81,380,,,0,174,,82,380,,,0,114,,83,380,,,0,113,,84,380,,,0
101,'Fête-1-03',750,,2656,380,,,0,206,,2657,380,,,0,171,,2658,380,,,0,173,,2659,380,,,0,127,,2660,380,,,0,120,,2661,380,,,0,160,,2662,380,,,0,120,,2663,380,,,0,117,,2664,380,,,0,174,,2665,380,,,0,114,,2666,380,,,0,113,,2667,380,,,0
101,'Fête-2-01',649,,2668,380,,,0,101,,2677,380,,,0,70,,2679,380,,,0,90,,2680,380,,,0,111,,2681,380,,,0,105,,2682,380,,,0,95,,2684,380,,,0,104,,2683,380,,,0,106,,2685,380,,,0,81,,2669,380,,,0,104,,2670,380,,,0,96,,2671,380,,,0,106,,2672,380,,,0,34,,2673,380,,,0,103,,2674,380,,,0,83,,2675,380,,,0,173,,2676,380,,,0,135,,2678,380,,,0
101,'Samedi-01',750,,115,380,,,0,206,,116,380,,,0,171,,117,380,,,0,173,,118,380,,,0,127,,119,380,,,0,120,,120,380,,,0,160,,121,380,,,0,120,,122,380,,,0,117,,123,380,,,0,174,,124,380,,,0,114,,125,380,,,0,113,,126,380,,,0
101,'Semaine-01',649,,127,380,,,0,6,,145,250,,,0,95,,136,380,,,0,70,,138,380,,,0,90,,139,380,,,0,111,,140,380,,,0,105,,141,380,,,0,95,,143,380,,,0,104,,142,380,,,0,106,,144,380,,,0,81,,128,380,,,0,104,,129,380,,,0,96,,130,380,,,0,106,,131,380,,,0,34,,132,380,,,0,103,,133,380,,,0,83,,134,380,,,0,173,,135,380,,,0,135,,137,380,,,0
2801,'Fête-2-01',1657,,2814,270,0,7,0,84,,2813,270,,,0,68,,2815,270,0,7,0
2801,'Semaine-01',1657,,443,270,0,7,0,84,,442,270,,,0,68,,444,270,0,7,0
2000000100,'Dimanche-01',553,,1030,20,4,,0,170,,1031,20,4,,0,130,,1032,20,4,,0,170,,1033,20,4,,0,130,,1034,20,4,,0,170,,1035,20,4,,0,130,,1036,20,4,,0,170,,1037,20,4,,0,130,,1038,20,4,,0,170,,1039,20,4,,0,130,,1040,20,4,,0,170,,1041,20,4,,0
2000000100,'Fête-1-03',553,,3063,20,4,,0,170,,3064,20,4,,0,130,,3065,20,4,,0,170,,3066,20,4,,0,130,,3067,20,4,,0,170,,3068,20,4,,0,130,,3069,20,4,,0,170,,3070,20,4,,0,130,,3071,20,4,,0,170,,3072,20,4,,0,130,,3073,20,4,,0,170,,3074,20,4,,0
2000000100,'Fête-2-01',459,,3087,20,4,,0,100,,3088,20,4,,0,70,,3089,20,4,,0,100,,3090,20,4,,0,100,,3091,20,4,,0,101,,3092,20,4,,0,90,,3093,20,4,,0,105,,3094,20,4,,0,100,,3095,20,4,,0,100,,3096,20,4,,0,100,,3097,20,4,,0,100,,3098,20,4,,0,100,,3099,20,4,,0,34,,3100,20,4,,0,100,,3101,20,4,,0,90,,3102,20,4,,0,171,,3103,20,4,,0,184,,3104,20,4,,0
2000000100,'Samedi-01',553,,1114,20,4,,0,170,,1115,20,4,,0,130,,1116,20,4,,0,170,,1117,20,4,,0,130,,1118,20,4,,0,170,,1119,20,4,,0,130,,1120,20,4,,0,170,,1121,20,4,,0,130,,1122,20,4,,0,170,,1123,20,4,,0,130,,1124,20,4,,0,170,,1125,20,4,,0
2000000100,'Semaine-01',459,,1138,20,4,,0,100,,1139,20,4,,0,70,,1140,20,4,,0,100,,1141,20,4,,0,100,,1142,20,4,,0,101,,1143,20,4,,0,90,,1144,20,4,,0,105,,1145,20,4,,0,100,,1146,20,4,,0,100,,1147,20,4,,0,100,,1148,20,4,,0,100,,1149,20,4,,0,100,,1150,20,4,,0,34,,1151,20,4,,0,100,,1152,20,4,,0,90,,1153,20,4,,0,171,,1154,20,4,,0,184,,1155,20,4,,0
