100,'Dimanche-01',633,,12,560,,,0,200,,1,560,,,0,126,,2,560,,,0,170,,3,560,,,0,125,,4,560,,,0,164,,5,560,,,0,118,,6,560,,,0,120,,7,560,,,0,163,,8,560,,,0,135,,9,560,,,0,155,,10,560,,,0,115,,11,560,,,0
100,'Fête-1-03',633,,2637,560,,,0,200,,2626,560,,,0,126,,2627,560,,,0,170,,2628,560,,,0,125,,2629,560,,,0,164,,2630,560,,,0,118,,2631,560,,,0,120,,2632,560,,,0,163,,2633,560,,,0,135,,2634,560,,,0,155,,2635,560,,,0,115,,2636,560,,,0
100,'Fête-2-01',519,,2638,560,,,0,104,,2639,560,,,0,26,,2640,560,,,0,82,,2641,560,,,0,118,,2642,560,,,0,103,,2645,560,,,0,95,,2654,560,,,0,100,,2646,560,,,0,102,,2655,560,,,0,80,,2647,560,,,0,100,,2648,560,,,0,100,,2652,560,,,0,110,,2649,560,,,0,75,,2650,560,,,0,106,,2643,560,,,0,92,,2644,560,,,0,132,,2653,560,,,0,184,,2651,560,,,0
100,'Samedi-01',633,,54,560,,,0,200,,43,560,,,0,126,,44,560,,,0,170,,45,560,,,0,125,,46,560,,,0,164,,47,560,,,0,118,,48,560,,,0,120,,49,560,,,0,163,,50,560,,,0,135,,51,560,,,0,155,,52,560,,,0,115,,53,560,,,0
100,'Semaine-01',519,,55,560,,,0,104,,56,560,,,0,26,,57,560,,,0,82,,58,560,,,0,118,,59,560,,,0,104,,62,560,,,0,94,,71,560,,,0,101,,63,560,,,0,101,,72,560,,,0,78,,64,560,,,0,102,,65,560,,,0,100,,69,560,,,0,110,,66,560,,,0,75,,67,560,,,0,106,,60,560,,,0,92,,61,560,,,0,132,,70,560,,,0,184,,68,560,,,0
2300,'Fête-2-01',538,,2746,230,,,0,65,,2747,230,,,0,15,,2748,230,,,0,35,,2749,230,,,0,65,,2750,230,,,0,20,,2751,230,,,0,20,,2752,230,,,0,60,,2753,230,,,0
2300,'Semaine-01',538,,295,230,,,0,65,,296,230,,,0,15,,297,230,,,0,35,,298,230,,,0,65,,299,230,,,0,20,,300,230,,,0,20,,301,230,,,0,60,,302,230,,,0
2600,'Fête-2-01',459,,2782,200,,,0,55,,2783,210,,,0
2600,'Semaine-01',459,,363,200,,,0,55,,364,210,,,0
2800,'Fête-2-01',510,,2807,90,,,0,20,,2806,90,,,0,20,,2804,330,,,0,60,,2812,90,,,0,20,,2803,350,,,0,20,,2805,330,,,0,61,,2808,90,,,0,20,,2809,90,,,0,20,,2810,90,,,0,60,,2811,90,,,0
2800,'Semaine-01',510,,417,90,,,0,20,,416,90,,,0,20,,414,330,,,0,50,,428,90,,,0,10,,424,90,,,0,10,,425,90,,,0,10,,413,350,,,0,8,,426,90,,,0,8,,415,330,,,0,8,,429,90,,,0,49,,427,90,,,0,8,,418,90,,,0,10,,419,90,,,0,10,,420,90,,,0,10,,421,90,,,0,10,,422,90,,,0,60,,423,90,,,0
3300,'Dimanche-01',604,,682,410,,,0,42,,680,410,,,0,91,,691,410,,,0,81,,701,410,,,0,83,,703,410,,,0,53,,704,410,,,0,80,,705,410,,,0,80,,706,410,,,0,40,,707,410,,,0,80,,683,410,,,0,80,,684,410,,,0,39,,685,410,,,0,80,,686,410,,,0,80,,687,410,,,0,39,,688,410,,,0,79,,689,410,,,0,79,,690,410,,,0,39,,692,410,,,0,79,,693,410,,,0,80,,694,410,,,0,47,,695,410,,,0,85,,696,410,,,0,85,,697,410,,,0,87,,698,410,,,0,46,,699,410,,,0,83,,700,410,,,0,88,,681,410,,,0,83,,702,410,,,0
3300,'Fête-1-03',624,,2926,410,,,0,81,,2924,410,,,0,42,,2935,410,,,0,82,,2945,410,,,0,82,,2947,410,,,0,44,,2948,410,,,0,81,,2949,410,,,0,82,,2950,410,,,0,82,,2951,410,,,0,42,,2927,410,,,0,82,,2928,410,,,0,82,,2929,410,,,0,42,,2930,410,,,0,82,,2931,410,,,0,82,,2932,410,,,0,42,,2933,410,,,0,82,,2934,410,,,0,85,,2936,410,,,0,79,,2937,410,,,0,42,,2938,410,,,0,82,,2939,410,,,0,79,,2940,410,,,0,41,,2941,410,,,0,81,,2942,410,,,0,82,,2943,410,,,0,43,,2944,410,,,0,86,,2946,410,,,0,86,,2925,410,,,0
3300,'Fête-2-01',631,,2953,410,,,0,80,,2981,410,,,0,41,,2962,410,,,0,80,,2972,410,,,0,80,,2975,410,,,0,40,,2976,410,,,0,80,,2977,410,,,0,82,,2978,410,,,0,41,,2979,410,,,0,83,,2954,410,,,0,83,,2955,410,,,0,83,,2956,410,,,0,43,,2957,410,,,0,83,,2958,410,,,0,86,,2959,410,,,0,85,,2960,410,,,0,45,,2961,410,,,0,84,,2963,410,,,0,81,,2964,410,,,0,43,,2965,410,,,0,82,,2966,410,,,0,80,,2967,410,,,0,40,,2968,410,,,0,79,,2969,410,,,0,80,,2970,410,,,0,40,,2971,410,,,0,80,,2973,410,,,0,80,,2974,410,,,0
3300,'Samedi-01',624,,769,410,,,0,81,,767,410,,,0,42,,778,410,,,0,82,,788,410,,,0,82,,790,410,,,0,44,,791,410,,,0,81,,792,410,,,0,82,,793,410,,,0,82,,794,410,,,0,42,,770,410,,,0,82,,771,410,,,0,82,,772,410,,,0,42,,773,410,,,0,82,,774,410,,,0,82,,775,410,,,0,42,,776,410,,,0,82,,777,410,,,0,85,,779,410,,,0,79,,780,410,,,0,42,,781,410,,,0,82,,782,410,,,0,79,,783,410,,,0,41,,784,410,,,0,81,,785,410,,,0,82,,786,410,,,0,43,,787,410,,,0,86,,789,410,,,0,86,,768,410,,,0
3300,'Semaine-01',631,,796,410,,,0,80,,824,410,,,0,41,,805,410,,,0,80,,815,410,,,0,80,,818,410,,,0,40,,819,410,,,0,80,,820,410,,,0,82,,821,410,,,0,41,,822,410,,,0,83,,797,410,,,0,83,,798,410,,,0,83,,799,410,,,0,43,,800,410,,,0,83,,801,410,,,0,86,,802,410,,,0,85,,803,410,,,0,45,,804,410,,,0,84,,806,410,,,0,81,,807,410,,,0,43,,808,410,,,0,82,,809,410,,,0,80,,810,410,,,0,40,,811,410,,,0,79,,812,410,,,0,80,,813,410,,,0,40,,814,410,,,0,80,,816,410,,,0,80,,817,410,,,0
9000,'Semaine-01',644,,825,110,,,0,63,,826,110,,,0
