2000002300,'Dimanche-01',550,,1719,100,,,0,79,,1721,100,,,0,74,,1722,100,,,0,101,,1723,100,,,0,41,,1724,100,,,0,75,,1725,100,,,0,107,,1726,100,,,0,97,,1727,100,,,0,95,,1728,100,,,0,82,,1729,100,,,0,37,,1730,100,,,0,83,,1731,100,,,0,79,,1732,100,,,0,42,,1733,100,,,0,78,,1734,100,,,0,80,,1735,100,,,0,39,,1736,100,,,0,82,,1737,100,,,0,36,,1738,100,,,0,146,,1739,100,,,0,109,,1740,100,,,0,112,,1741,100,,,0,104,,1742,100,,,0,111,,1743,100,,,0,102,,1720,100,,,0
2000002300,'Fête-1-01',552,,3847,100,,,0,83,,3849,100,,,0,81,,3850,100,,,0,35,,3851,100,,,0,87,,3852,100,,,0,84,,3853,100,,,0,81,,3854,100,,,0,53,,3855,100,,,0,90,,3856,100,,,0,85,,3857,100,,,0,79,,3858,100,,,0,41,,3859,100,,,0,83,,3860,100,,,0,85,,3861,100,,,0,39,,3862,100,,,0,85,,3863,100,,,0,83,,3864,100,,,0,80,,3865,100,,,0,40,,3866,100,,,0,85,,3867,100,,,0,87,,3868,100,,,0,104,,3869,100,,,0,80,,3870,100,,,0,32,,3871,100,,,0,104,,3872,100,,,0,111,,3873,100,,,0,96,,3848,100,,,0
2000002300,'Samedi-01',552,,1799,100,,,0,83,,1801,100,,,0,81,,1802,100,,,0,35,,1803,100,,,0,87,,1804,100,,,0,84,,1805,100,,,0,81,,1806,100,,,0,53,,1807,100,,,0,90,,1808,100,,,0,85,,1809,100,,,0,79,,1810,100,,,0,41,,1811,100,,,0,83,,1812,100,,,0,85,,1813,100,,,0,39,,1814,100,,,0,85,,1815,100,,,0,83,,1816,100,,,0,80,,1817,100,,,0,40,,1818,100,,,0,85,,1819,100,,,0,87,,1820,100,,,0,104,,1821,100,,,0,80,,1822,100,,,0,32,,1823,100,,,0,104,,1824,100,,,0,111,,1825,100,,,0,96,,1800,100,,,0
2000002300,'Semaine-01',559,,1826,100,,,0,80,,1827,100,,,0,80,,1851,100,,,0,81,,1852,100,,,0,39,,1828,100,,,0,80,,1850,100,,,0,40,,1848,100,,,0,81,,1847,100,,,0,82,,1849,100,,,0,83,,1846,100,,,0,43,,1843,100,,,0,83,,1845,100,,,0,82,,1844,100,,,0,42,,1842,100,,,0,85,,1841,100,,,0,85,,1840,100,,,0,86,,1839,100,,,0,45,,1838,100,,,0,85,,1837,100,,,0,82,,1836,100,,,0,82,,1835,100,,,0,39,,1834,100,,,0,80,,1833,100,,,0,80,,1832,100,,,0,40,,1831,100,,,0,80,,1830,100,,,0,80,,1829,100,,,0,121,,1853,100,,,0
2000002300,'Semaine-02',559,,3874,100,,,0,80,,3875,100,,,0,80,,3899,100,,,0,81,,3900,100,,,0,39,,3876,100,,,0,80,,3898,100,,,0,40,,3896,100,,,0,81,,3895,100,,,0,82,,3897,100,,,0,83,,3894,100,,,0,43,,3891,100,,,0,83,,3893,100,,,0,82,,3892,100,,,0,42,,3890,100,,,0,85,,3889,100,,,0,85,,3888,100,,,0,86,,3887,100,,,0,45,,3886,100,,,0,85,,3885,100,,,0,82,,3884,100,,,0,82,,3883,100,,,0,39,,3882,100,,,0,80,,3881,100,,,0,80,,3880,100,,,0,40,,3879,100,,,0,80,,3878,100,,,0,80,,3877,100,,,0,121,,3901,100,,,0
2000002300,'Semaine-03',559,,3902,100,,,0,80,,3903,100,,,0,80,,3927,100,,,0,81,,3928,100,,,0,39,,3904,100,,,0,80,,3926,100,,,0,40,,3924,100,,,0,81,,3923,100,,,0,82,,3925,100,,,0,83,,3922,100,,,0,43,,3919,100,,,0,83,,3921,100,,,0,82,,3920,100,,,0,42,,3918,100,,,0,85,,3917,100,,,0,85,,3916,100,,,0,86,,3915,100,,,0,45,,3914,100,,,0,85,,3913,100,,,0,82,,3912,100,,,0,82,,3911,100,,,0,39,,3910,100,,,0,80,,3909,100,,,0,80,,3908,100,,,0,40,,3907,100,,,0,80,,3906,100,,,0,80,,3905,100,,,0,121,,3929,100,,,0
2000002301,'Dimanche-01',614,,1854,100,,,0,34,,1864,100,,,0,80,,1859,100,,,0,101,,1869,100,,,0,76,,1865,100,,,0,40,,1858,100,,,0,107,,1860,100,,,0,97,,1861,100,,,0,95,,1868,100,,,0,75,,1862,100,,,0,84,,1857,100,,,0,38,,1870,100,,,0,84,,1863,100,,,0,77,,1867,100,,,0,43,,1866,100,,,0,79,,1856,100,,,0,80,,1871,100,,,0,37,,1872,100,,,0,81,,1877,100,,,0,106,,1874,100,,,0,109,,1873,100,,,0,112,,1878,100,,,0,104,,1876,100,,,0,151,,1875,100,,,0,102,,1855,100,,,0
2000002301,'Fête-1-01',617,,3930,100,,,0,83,,3940,100,,,0,36,,3935,100,,,0,75,,3946,100,,,0,92,,3941,100,,,0,40,,3934,100,,,0,85,,3943,100,,,0,88,,3936,100,,,0,95,,3937,100,,,0,40,,3945,100,,,0,84,,3938,100,,,0,76,,3933,100,,,0,48,,3947,100,,,0,80,,3939,100,,,0,84,,3944,100,,,0,80,,3942,100,,,0,48,,3932,100,,,0,75,,3948,100,,,0,85,,3949,100,,,0,40,,3954,100,,,0,92,,3951,100,,,0,104,,3950,100,,,0,72,,3955,100,,,0,40,,3956,100,,,0,144,,3953,100,,,0,111,,3952,100,,,0,96,,3931,100,,,0
2000002301,'Samedi-01',617,,1935,100,,,0,83,,1945,100,,,0,36,,1940,100,,,0,75,,1951,100,,,0,92,,1946,100,,,0,40,,1939,100,,,0,85,,1948,100,,,0,88,,1941,100,,,0,95,,1942,100,,,0,40,,1950,100,,,0,84,,1943,100,,,0,76,,1938,100,,,0,48,,1952,100,,,0,80,,1944,100,,,0,84,,1949,100,,,0,80,,1947,100,,,0,48,,1937,100,,,0,75,,1953,100,,,0,85,,1954,100,,,0,40,,1959,100,,,0,92,,1956,100,,,0,104,,1955,100,,,0,72,,1960,100,,,0,40,,1961,100,,,0,144,,1958,100,,,0,111,,1957,100,,,0,96,,1936,100,,,0
2000002301,'Semaine-01',624,,1990,100,,,0,80,,1987,100,,,0,40,,1988,100,,,0,80,,1989,100,,,0,80,,1985,100,,,0,40,,1986,100,,,0,80,,1983,100,,,0,81,,1982,100,,,0,42,,1984,100,,,0,83,,1980,100,,,0,83,,1977,100,,,0,43,,1981,100,,,0,82,,1979,100,,,0,82,,1978,100,,,0,85,,1976,100,,,0,45,,1975,100,,,0,86,,1974,100,,,0,85,,1973,100,,,0,85,,1972,100,,,0,42,,1971,100,,,0,82,,1970,100,,,0,79,,1969,100,,,0,40,,1968,100,,,0,80,,1967,100,,,0,80,,1966,100,,,0,40,,1965,100,,,0,80,,1964,100,,,0,74,,1963,100,,,0,98,,1962,100,,,0
2000002301,'Semaine-02',624,,3985,100,,,0,80,,3982,100,,,0,40,,3983,100,,,0,80,,3984,100,,,0,80,,3980,100,,,0,40,,3981,100,,,0,80,,3978,100,,,0,81,,3977,100,,,0,42,,3979,100,,,0,83,,3975,100,,,0,83,,3972,100,,,0,43,,3976,100,,,0,82,,3974,100,,,0,82,,3973,100,,,0,85,,3971,100,,,0,45,,3970,100,,,0,86,,3969,100,,,0,85,,3968,100,,,0,85,,3967,100,,,0,42,,3966,100,,,0,82,,3965,100,,,0,79,,3964,100,,,0,40,,3963,100,,,0,80,,3962,100,,,0,80,,3961,100,,,0,40,,3960,100,,,0,80,,3959,100,,,0,74,,3958,100,,,0,98,,3957,100,,,0
2000002301,'Semaine-03',624,,4014,100,,,0,80,,4011,100,,,0,40,,4012,100,,,0,80,,4013,100,,,0,80,,4009,100,,,0,40,,4010,100,,,0,80,,4007,100,,,0,81,,4006,100,,,0,42,,4008,100,,,0,83,,4004,100,,,0,83,,4001,100,,,0,43,,4005,100,,,0,82,,4003,100,,,0,82,,4002,100,,,0,85,,4000,100,,,0,45,,3999,100,,,0,86,,3998,100,,,0,85,,3997,100,,,0,85,,3996,100,,,0,42,,3995,100,,,0,82,,3994,100,,,0,79,,3993,100,,,0,40,,3992,100,,,0,80,,3991,100,,,0,80,,3990,100,,,0,40,,3989,100,,,0,80,,3988,100,,,0,74,,3987,100,,,0,98,,3986,100,,,0
