11100,'Dimanche-01',717,,861,270,0,5 6,0,100,,857,270,0,5 10,0,186,,856,270,0,5 10,0,251,,858,270,0,5 10,0,289,,859,270,0,5 10,0,199,,862,270,0,5 6,0,106,,860,270,0,5 10,0,380,,863,270,0,5 6,0
11100,'Fête-1-01',717,,3297,270,0,5 6,0,100,,3293,270,0,5 10,0,186,,3292,270,0,5 10,0,251,,3294,270,0,5 10,0,289,,3295,270,0,5 10,0,199,,3298,270,0,5 6,0,106,,3296,270,0,5 10,0,380,,3299,270,0,5 6,0
11100,'Samedi-01',717,,891,270,0,5 6,0,100,,887,270,0,5 10,0,186,,886,270,0,5 10,0,251,,888,270,0,5 10,0,289,,889,270,0,5 10,0,199,,892,270,0,5 6,0,106,,890,270,0,5 10,0,380,,893,270,0,5 6,0
11100,'Semaine-01',529,,902,270,0,5 15,0,15,,896,270,0,5 10,0,60,,900,270,0,5 15,0,26,,903,270,0,5 15,0,6,,897,270,0,5 10,0,14,,901,270,0,5 15,0,71,,909,270,0,5 15,0,20,,904,270,0,5 15,0,5,,898,270,0,5 10,0,55,,911,270,0,5 15,0,40,,899,270,0,5 10,0,118,,912,270,0,5 10,0,75,,894,270,0,5 10,0,105,,914,270,0,5 6,0,120,,895,270,0,5 10,0,380,,906,270,0,5 10,0,100,,908,270,0,5 10,0
11100,'Semaine-02',529,,3304,270,0,5 14,0,30,,3302,270,0,5 14,0,72,,3305,270,0,5 14,0,70,,3303,270,0,5 14,0,30,,3309,270,0,5 14,0,70,,3310,270,0,5 14,0,30,,3301,270,0,5 10,0,106,,3311,270,0,5 10,0,97,,3315,270,0,5 10,0,105,,3313,270,0,5 6,0,168,,3300,270,0,5 10,0,400,,3306,270,0,5 14,0,24,,3308,270,0,5 14,0,71,,3307,270,0,5 14,0
11100,'Semaine-03',529,,3324,270,0,5 15,0,15,,3318,270,0,5 10,0,60,,3322,270,0,5 15,0,26,,3325,270,0,5 15,0,6,,3319,270,0,5 10,0,14,,3323,270,0,5 15,0,71,,3331,270,0,5 15,0,20,,3326,270,0,5 15,0,5,,3320,270,0,5 10,0,55,,3333,270,0,5 15,0,40,,3321,270,0,5 10,0,118,,3334,270,0,5 10,0,75,,3316,270,0,5 10,0,105,,3336,270,0,5 6,0,120,,3317,270,0,5 10,0,380,,3328,270,0,5 10,0,100,,3330,270,0,5 10,0
14001,'Dimanche-01',800,,977,390,,,0,112,,979,540,,,0,115,,980,540,,,0,116,,981,540,,,0,116,,982,540,,,0,155,,983,540,,,0,115,,984,540,,,0,120,,985,540,,,0
14001,'Fête-1-01',800,,3383,390,,,0,112,,3385,540,,,0,115,,3386,540,,,0,116,,3387,540,,,0,116,,3388,540,,,0,155,,3389,540,,,0,115,,3390,540,,,0,120,,3391,540,,,0
14001,'Samedi-01',800,,1008,390,,,0,112,,1010,540,,,0,115,,1011,540,,,0,116,,1012,540,,,0,116,,1013,540,,,0,155,,1014,540,,,0,115,,1015,540,,,0,120,,1016,540,,,0
14001,'Semaine-01',625,,1018,390,,,0,97,,1029,410,,,0,103,,1017,490,,,0,121,,1019,540,,,0,160,,1020,540,,,0,123,,1021,540,,,0,125,,1022,540,,,0,165,,1023,540,,,0,125,,1024,540,,,0,164,,1025,540,,,0,125,,1026,540,,,0,119,,1027,540,,,0
14001,'Semaine-02',625,,3393,390,,,0,97,,3404,410,,,0,103,,3392,490,,,0,121,,3394,540,,,0,160,,3395,540,,,0,123,,3396,540,,,0,125,,3397,540,,,0,165,,3398,540,,,0,125,,3399,540,,,0,164,,3400,540,,,0,125,,3401,540,,,0,119,,3402,540,,,0
14001,'Semaine-03',625,,3406,390,,,0,97,,3417,410,,,0,103,,3405,490,,,0,121,,3407,540,,,0,160,,3408,540,,,0,123,,3409,540,,,0,125,,3410,540,,,0,165,,3411,540,,,0,125,,3412,540,,,0,164,,3413,540,,,0,125,,3414,540,,,0,119,,3415,540,,,0
