100,'Dimanche-01',608,,12,210,,,0,200,,1,210,,,0,125,,2,210,,,0,170,,3,210,,,0,125,,4,210,,,0,124,,5,210,,,0,160,,6,210,,,0,120,,7,210,,,0,124,,8,210,,,0,175,,9,210,,,0,115,,10,210,,,0,155,,11,210,,,0
100,'Fête-1-01',608,,2637,210,,,0,200,,2626,210,,,0,125,,2627,210,,,0,170,,2628,210,,,0,125,,2629,210,,,0,124,,2630,210,,,0,160,,2631,210,,,0,120,,2632,210,,,0,124,,2633,210,,,0,175,,2634,210,,,0,115,,2635,210,,,0,155,,2636,210,,,0
100,'Samedi-01',608,,54,210,,,0,200,,43,210,,,0,125,,44,210,,,0,170,,45,210,,,0,125,,46,210,,,0,124,,47,210,,,0,160,,48,210,,,0,120,,49,210,,,0,124,,50,210,,,0,175,,51,210,,,0,115,,52,210,,,0,155,,53,210,,,0
100,'Semaine-01',452,,55,210,,,0,103,,56,210,,,0,65,,57,210,,,0,81,,58,210,,,0,119,,59,210,,,0,105,,62,210,,,0,94,,71,210,,,0,101,,63,210,,,0,100,,72,210,,,0,38,,64,210,,,0,142,,65,210,,,0,100,,69,210,,,0,110,,66,210,,,0,35,,67,210,,,0,108,,60,210,,,0,95,,61,210,,,0,173,,70,210,,,0,185,,68,210,,,0
100,'Semaine-02',450,,2638,210,,,0,100,,2639,210,,,0,70,,2640,210,,,0,81,,2641,210,,,0,129,,2642,210,,,0,99,,2645,210,,,0,30,,2654,210,,,0,100,,2646,210,,,0,146,,2655,210,,,0,95,,2647,210,,,0,100,,2648,210,,,0,100,,2652,210,,,0,110,,2649,210,,,0,49,,2650,210,,,0,154,,2643,210,,,0,90,,2644,210,,,0,103,,2653,210,,,0,197,,2651,210,,,0
100,'Semaine-03',452,,2656,210,,,0,103,,2657,210,,,0,65,,2658,210,,,0,81,,2659,210,,,0,119,,2660,210,,,0,105,,2663,210,,,0,94,,2672,210,,,0,101,,2664,210,,,0,100,,2673,210,,,0,38,,2665,210,,,0,142,,2666,210,,,0,100,,2670,210,,,0,110,,2667,210,,,0,35,,2668,210,,,0,108,,2661,210,,,0,95,,2662,210,,,0,173,,2671,210,,,0,185,,2669,210,,,0
2000,'Dimanche-01',705,,146,260,,,0,12,,146,500,,,0,112,,147,260,,,0,12,,147,500,,,0,114,,148,260,,,0,52,,148,500,,,0,113,,149,260,,,0,12,,149,500,,,0,113,,150,260,,,0,12,,150,500,,,0,152,,151,260,,,0,12,,151,500,,,0,113,,152,260,,,0,12,,152,500,,,0,113,,153,260,,,0,52,,153,500,,,0
2000,'Fête-1-01',705,,2722,260,,,0,12,,2722,500,,,0,112,,2723,260,,,0,12,,2723,500,,,0,114,,2724,260,,,0,52,,2724,500,,,0,113,,2725,260,,,0,12,,2725,500,,,0,113,,2726,260,,,0,12,,2726,500,,,0,152,,2727,260,,,0,12,,2727,500,,,0,113,,2728,260,,,0,12,,2728,500,,,0,113,,2729,260,,,0,52,,2729,500,,,0
2000,'Samedi-01',705,,171,260,,,0,12,,171,500,,,0,112,,172,260,,,0,12,,172,500,,,0,114,,173,260,,,0,52,,173,500,,,0,113,,174,260,,,0,12,,174,500,,,0,113,,175,260,,,0,12,,175,500,,,0,152,,176,260,,,0,12,,176,500,,,0,113,,177,260,,,0,12,,177,500,,,0,113,,178,260,,,0,52,,178,500,,,0
2000,'Semaine-01',648,,179,250,,,0,52,,179,490,,,0,113,,180,250,,,0,12,,180,490,,,0,113,,181,250,,,0,12,,181,490,,,0,154,,182,250,,,0,12,,182,490,,,0,114,,183,250,,,0,12,,183,490,,,0,113,,184,250,,,0,52,,184,490,,,0,114,,185,250,,,0,12,,185,490,,,0,114,,186,250,,,0,12,,186,490,,,0,154,,187,250,,,0,12,,187,490,,,0
2000,'Semaine-01-0001100',1938,,189,250,,,0,12,,189,490,,,0,152,,188,250,,,0,12,,188,490,,,0
2000,'Semaine-02',648,,2730,250,,,0,52,,2730,490,,,0,113,,2731,250,,,0,12,,2731,490,,,0,113,,2732,250,,,0,12,,2732,490,,,0,154,,2733,250,,,0,12,,2733,490,,,0,114,,2734,250,,,0,12,,2734,490,,,0,113,,2735,250,,,0,52,,2735,490,,,0,114,,2736,250,,,0,12,,2736,490,,,0,114,,2737,250,,,0,12,,2737,490,,,0,154,,2738,250,,,0,12,,2738,490,,,0
2000,'Semaine-02-0001100',1938,,2740,250,,,0,12,,2740,490,,,0,152,,2739,250,,,0,12,,2739,490,,,0
2000,'Semaine-03',648,,2741,250,,,0,52,,2741,490,,,0,113,,2742,250,,,0,12,,2742,490,,,0,113,,2743,250,,,0,12,,2743,490,,,0,154,,2744,250,,,0,12,,2744,490,,,0,114,,2745,250,,,0,12,,2745,490,,,0,113,,2746,250,,,0,52,,2746,490,,,0,114,,2747,250,,,0,12,,2747,490,,,0,114,,2748,250,,,0,12,,2748,490,,,0,154,,2749,250,,,0,12,,2749,490,,,0
2000,'Semaine-03-0001100',1938,,2751,250,,,0,12,,2751,490,,,0,152,,2750,250,,,0,12,,2750,490,,,0
2800,'Semaine-01',528,,414,40,,,0,85,,413,80,,,0,20,,415,40,,,0
2800,'Semaine-02',528,,2954,40,,,0,85,,2953,80,,,0,15,,2955,40,,,0
2800,'Semaine-03',528,,2966,40,,,0,85,,2965,80,,,0,20,,2967,40,,,0
2000002000,'Dimanche-01',531,,1318,10,0,11 13,0,13,,1318,140,4,,0,157,,1319,10,0,11 13,0,13,,1319,140,4,,0,31,,1330,40,,,0,13,,1330,170,4,,0,73,,1320,10,0,11 13,0,13,,1320,140,4,,0,71,,1331,40,,,0,13,,1331,170,4,,0,73,,1321,10,0,11 13,0,13,,1321,140,4,,0,32,,1332,40,,,0,13,,1332,170,4,,0,73,,1322,10,0,11 13,0,13,,1322,140,4,,0,72,,1333,40,,,0,13,,1333,170,4,,0,72,,1323,10,0,11 13,0,13,,1323,140,4,,0,32,,1334,40,,,0,53,,1334,170,4,,0,32,,1324,10,0,11 13,0,13,,1324,140,4,,0,72,,1335,40,,,0,13,,1335,170,4,,0,72,,1325,10,0,11 13,0,13,,1325,140,4,,0,32,,1336,40,,,0,53,,1336,170,4,,0,32,,1326,10,0,11 13,0,13,,1326,140,4,,0,72,,1337,40,,,0,13,,1337,170,4,,0,72,,1327,10,0,11 13,0,13,,1327,140,4,,0,31,,1338,40,,,0,13,,1338,170,4,,0,73,,1328,10,0,11 13,0,13,,1328,140,4,,0,71,,1339,40,,,0,13,,1339,170,4,,0,73,,1329,10,0,11 13,0,13,,1329,140,4,,0,31,,1340,40,,,0,13,,1340,170,4,,0,157,,1341,40,,,0,13,,1341,170,4,,0
2000002000,'Fête-1-01',531,,3610,10,0,11 13,0,13,,3610,140,4,,0,157,,3611,10,0,11 13,0,13,,3611,140,4,,0,31,,3622,40,,,0,13,,3622,170,4,,0,73,,3612,10,0,11 13,0,13,,3612,140,4,,0,71,,3623,40,,,0,13,,3623,170,4,,0,73,,3613,10,0,11 13,0,13,,3613,140,4,,0,32,,3624,40,,,0,13,,3624,170,4,,0,73,,3614,10,0,11 13,0,13,,3614,140,4,,0,72,,3625,40,,,0,13,,3625,170,4,,0,72,,3615,10,0,11 13,0,13,,3615,140,4,,0,32,,3626,40,,,0,53,,3626,170,4,,0,32,,3616,10,0,11 13,0,13,,3616,140,4,,0,72,,3627,40,,,0,13,,3627,170,4,,0,72,,3617,10,0,11 13,0,13,,3617,140,4,,0,32,,3628,40,,,0,53,,3628,170,4,,0,32,,3618,10,0,11 13,0,13,,3618,140,4,,0,72,,3629,40,,,0,13,,3629,170,4,,0,72,,3619,10,0,11 13,0,13,,3619,140,4,,0,31,,3630,40,,,0,13,,3630,170,4,,0,73,,3620,10,0,11 13,0,13,,3620,140,4,,0,71,,3631,40,,,0,13,,3631,170,4,,0,73,,3621,10,0,11 13,0,13,,3621,140,4,,0,31,,3632,40,,,0,13,,3632,170,4,,0,157,,3633,40,,,0,13,,3633,170,4,,0
2000002000,'Samedi-01',531,,1397,10,0,11 13,0,13,,1397,140,4,,0,157,,1398,10,0,11 13,0,13,,1398,140,4,,0,31,,1409,40,,,0,13,,1409,170,4,,0,73,,1399,10,0,11 13,0,13,,1399,140,4,,0,71,,1410,40,,,0,13,,1410,170,4,,0,73,,1400,10,0,11 13,0,13,,1400,140,4,,0,32,,1411,40,,,0,13,,1411,170,4,,0,73,,1401,10,0,11 13,0,13,,1401,140,4,,0,72,,1412,40,,,0,13,,1412,170,4,,0,72,,1402,10,0,11 13,0,13,,1402,140,4,,0,32,,1413,40,,,0,53,,1413,170,4,,0,32,,1403,10,0,11 13,0,13,,1403,140,4,,0,72,,1414,40,,,0,13,,1414,170,4,,0,72,,1404,10,0,11 13,0,13,,1404,140,4,,0,32,,1415,40,,,0,53,,1415,170,4,,0,32,,1405,10,0,11 13,0,13,,1405,140,4,,0,72,,1416,40,,,0,13,,1416,170,4,,0,72,,1406,10,0,11 13,0,13,,1406,140,4,,0,31,,1417,40,,,0,13,,1417,170,4,,0,73,,1407,10,0,11 13,0,13,,1407,140,4,,0,71,,1418,40,,,0,13,,1418,170,4,,0,73,,1408,10,0,11 13,0,13,,1408,140,4,,0,31,,1419,40,,,0,13,,1419,170,4,,0,157,,1420,40,,,0,13,,1420,170,4,,0
2000002000,'Semaine-01',436,,1422,10,0,11 13,0,13,,1422,140,4,,0,66,,1421,10,0,11 13,0,13,,1421,140,4,,0,4,,1423,40,0,11 13,0,20,,1423,190,4,,0,52,,1424,10,0,11 13,0,13,,1424,140,4,,0,20,,1440,40,,,0,20,,1440,190,4,,0,78,,1441,40,,,0,20,,1441,190,4,,0,48,,1442,40,,,0,13,,1442,170,4,,0,86,,1427,10,0,11 13,0,13,,1427,140,4,,0,18,,1443,40,,,0,13,,1443,170,4,,0,56,,1428,10,0,11 13,0,13,,1428,140,4,,0,21,,1444,40,,,0,13,,1444,170,4,,0,53,,1429,10,0,11 13,0,13,,1429,140,4,,0,21,,1445,40,,,0,13,,1445,170,4,,0,8,,1430,10,0,11 13,0,53,,1430,140,4,,0,21,,1446,40,,,0,13,,1446,170,4,,0,8,,1431,10,0,11 13,0,53,,1431,140,4,,0,30,,1447,40,,,0,13,,1447,170,4,,0,54,,1432,10,0,11 13,0,13,,1432,140,4,,0,22,,1448,40,,,0,20,,1448,190,4,,0,43,,1433,40,0,11 13,0,20,,1433,190,4,,0,12,,1449,40,,,0,13,,1449,170,4,,0,57,,1434,10,0,11 13,0,13,,1434,140,4,,0,16,,1450,40,,,0,20,,1450,190,4,,0,85,,1451,40,,,0,13,,1451,170,4,,0,87,,1438,40,,,0,13,,1438,170,4,,0,61,,1437,40,,,0,13,,1437,170,4,,0,80,,1436,40,,,0,13,,1436,170,4,,0,40,,1435,40,,,0,53,,1435,170,4,,0,37,,1439,10,0,11 13,0,13,,1439,140,4,,0,60,,1426,40,,,0,13,,1426,170,4,,0,126,,1425,40,,,0,53,,1425,170,4,,0
2000002000,'Semaine-02',436,,3635,10,0,11 13,0,13,,3635,140,4,,0,66,,3634,10,0,11 13,0,13,,3634,140,4,,0,4,,3636,40,0,11 13,0,20,,3636,190,4,,0,52,,3637,10,0,11 13,0,13,,3637,140,4,,0,20,,3653,40,,,0,20,,3653,190,4,,0,78,,3654,40,,,0,20,,3654,190,4,,0,48,,3655,40,,,0,13,,3655,170,4,,0,86,,3640,10,0,11 13,0,13,,3640,140,4,,0,18,,3656,40,,,0,13,,3656,170,4,,0,56,,3641,10,0,11 13,0,13,,3641,140,4,,0,21,,3657,40,,,0,13,,3657,170,4,,0,53,,3642,10,0,11 13,0,13,,3642,140,4,,0,21,,3658,40,,,0,13,,3658,170,4,,0,8,,3643,10,0,11 13,0,53,,3643,140,4,,0,21,,3659,40,,,0,13,,3659,170,4,,0,8,,3644,10,0,11 13,0,53,,3644,140,4,,0,30,,3660,40,,,0,13,,3660,170,4,,0,54,,3645,10,0,11 13,0,13,,3645,140,4,,0,22,,3661,40,,,0,20,,3661,190,4,,0,43,,3646,40,0,11 13,0,20,,3646,190,4,,0,12,,3662,40,,,0,13,,3662,170,4,,0,57,,3647,10,0,11 13,0,13,,3647,140,4,,0,16,,3663,40,,,0,20,,3663,190,4,,0,85,,3664,40,,,0,13,,3664,170,4,,0,87,,3651,40,,,0,13,,3651,170,4,,0,61,,3650,40,,,0,13,,3650,170,4,,0,80,,3649,40,,,0,13,,3649,170,4,,0,40,,3648,40,,,0,53,,3648,170,4,,0,37,,3652,10,0,11 13,0,13,,3652,140,4,,0,60,,3639,40,,,0,13,,3639,170,4,,0,126,,3638,40,,,0,53,,3638,170,4,,0
2000002000,'Semaine-03',436,,3666,10,0,11 13,0,13,,3666,140,4,,0,66,,3665,10,0,11 13,0,13,,3665,140,4,,0,4,,3667,40,0,11 13,0,20,,3667,190,4,,0,52,,3668,10,0,11 13,0,13,,3668,140,4,,0,20,,3684,40,,,0,20,,3684,190,4,,0,78,,3685,40,,,0,20,,3685,190,4,,0,48,,3686,40,,,0,13,,3686,170,4,,0,86,,3671,10,0,11 13,0,13,,3671,140,4,,0,18,,3687,40,,,0,13,,3687,170,4,,0,56,,3672,10,0,11 13,0,13,,3672,140,4,,0,21,,3688,40,,,0,13,,3688,170,4,,0,53,,3673,10,0,11 13,0,13,,3673,140,4,,0,21,,3689,40,,,0,13,,3689,170,4,,0,8,,3674,10,0,11 13,0,53,,3674,140,4,,0,21,,3690,40,,,0,13,,3690,170,4,,0,8,,3675,10,0,11 13,0,53,,3675,140,4,,0,30,,3691,40,,,0,13,,3691,170,4,,0,54,,3676,10,0,11 13,0,13,,3676,140,4,,0,22,,3692,40,,,0,20,,3692,190,4,,0,43,,3677,40,0,11 13,0,20,,3677,190,4,,0,12,,3693,40,,,0,13,,3693,170,4,,0,57,,3678,10,0,11 13,0,13,,3678,140,4,,0,16,,3694,40,,,0,20,,3694,190,4,,0,85,,3695,40,,,0,13,,3695,170,4,,0,87,,3682,40,,,0,13,,3682,170,4,,0,61,,3681,40,,,0,13,,3681,170,4,,0,80,,3680,40,,,0,13,,3680,170,4,,0,40,,3679,40,,,0,53,,3679,170,4,,0,37,,3683,10,0,11 13,0,13,,3683,140,4,,0,60,,3670,40,,,0,13,,3670,170,4,,0,126,,3669,40,,,0,53,,3669,170,4,,0
