2200,'Semaine-01',553,,269,40,,,0,70,,270,40,,,0,30,,271,40,,,0,73,,274,40,,,0,32,,272,40,,,0,72,,273,40,,,0
2200,'Semaine-02',546,,2812,40,,,0,70,,2813,40,,,0,35,,2814,40,,,0,70,,2817,40,,,0,35,,2815,40,,,0,74,,2816,40,,,0
2200,'Semaine-03',553,,2818,40,,,0,70,,2819,40,,,0,30,,2820,40,,,0,73,,2823,40,,,0,32,,2821,40,,,0,72,,2822,40,,,0
3100,'Dimanche-01',710,,492,170,,,0,217,,493,170,,,0,278,,491,170,,,0,123,,484,170,,,0,120,,485,170,,,0,158,,486,170,,,0,118,,487,170,,,0,119,,488,170,,,0,167,,489,170,,,0,221,,483,170,,,0,215,,490,170,,,0
3100,'Fête-1-01',559,,3034,170,,,0,83,,3045,170,,,0,203,,3046,170,,,0,165,,3043,170,,,0,124,,3033,170,,,0,124,,3044,170,,,0,164,,3035,170,,,0,124,,3036,170,,,0,164,,3037,170,,,0,124,,3038,170,,,0,124,,3039,170,,,0,67,,3040,170,,,0,216,,3041,170,,,0,215,,3042,170,,,0
3100,'Samedi-01',559,,537,170,,,0,83,,548,170,,,0,203,,549,170,,,0,165,,546,170,,,0,124,,536,170,,,0,124,,547,170,,,0,164,,538,170,,,0,124,,539,170,,,0,164,,540,170,,,0,124,,541,170,,,0,124,,542,170,,,0,67,,543,170,,,0,216,,544,170,,,0,215,,545,170,,,0
3100,'Semaine-01',606,,574,170,,,0,40,,550,170,,,0,80,,560,170,,,0,80,,575,170,,,0,40,,569,170,,,0,80,,570,170,,,0,80,,571,170,,,0,41,,577,170,,,0,82,,572,170,,,0,83,,573,170,,,0,43,,551,170,,,0,83,,552,170,,,0,82,,553,170,,,0,82,,554,170,,,0,45,,555,170,,,0,85,,556,170,,,0,86,,557,170,,,0,85,,558,170,,,0,45,,559,170,,,0,82,,561,170,,,0,82,,562,170,,,0,39,,563,170,,,0,80,,564,170,,,0,80,,565,170,,,0,40,,566,170,,,0,80,,567,170,,,0,80,,568,170,,,0,121,,576,170,0,5 6,0
3100,'Semaine-02',600,,3071,170,,,0,41,,3047,170,,,0,81,,3057,170,,,0,82,,3072,170,,,0,42,,3066,170,,,0,82,,3067,170,,,0,82,,3068,170,,,0,42,,3074,170,,,0,84,,3069,170,,,0,83,,3070,170,,,0,83,,3048,170,,,0,43,,3049,170,,,0,83,,3050,170,,,0,84,,3051,170,,,0,46,,3052,170,,,0,88,,3053,170,,,0,86,,3054,170,,,0,85,,3055,170,,,0,42,,3056,170,,,0,80,,3058,170,,,0,81,,3059,170,,,0,80,,3060,170,,,0,41,,3061,170,,,0,81,,3062,170,,,0,80,,3063,170,,,0,40,,3064,170,,,0,80,,3065,170,,,0,111,,3073,170,0,5 6,0
3100,'Semaine-03',606,,3099,170,,,0,40,,3075,170,,,0,80,,3085,170,,,0,80,,3100,170,,,0,40,,3094,170,,,0,80,,3095,170,,,0,80,,3096,170,,,0,41,,3102,170,,,0,82,,3097,170,,,0,83,,3098,170,,,0,43,,3076,170,,,0,83,,3077,170,,,0,82,,3078,170,,,0,82,,3079,170,,,0,45,,3080,170,,,0,85,,3081,170,,,0,86,,3082,170,,,0,85,,3083,170,,,0,45,,3084,170,,,0,82,,3086,170,,,0,82,,3087,170,,,0,39,,3088,170,,,0,80,,3089,170,,,0,80,,3090,170,,,0,40,,3091,170,,,0,80,,3092,170,,,0,80,,3093,170,,,0,121,,3101,170,0,5 6,0
11101,'Dimanche-01',735,,921,40,,,0,183,,917,170,,,0,188,,916,170,,,0,297,,918,170,,,0,249,,919,170,,,0,154,,922,40,,,0,148,,920,170,,,0,293,,923,40,,,0
11101,'Fête-1-01',735,,3342,40,,,0,183,,3338,170,,,0,188,,3337,170,,,0,297,,3339,170,,,0,249,,3340,170,,,0,154,,3343,40,,,0,148,,3341,170,,,0,293,,3344,40,,,0
11101,'Samedi-01',735,,953,40,,,0,183,,949,170,,,0,188,,948,170,,,0,297,,950,170,,,0,249,,951,170,,,0,154,,954,40,,,0,148,,952,170,,,0,293,,955,40,,,0
11101,'Semaine-01',646,,966,120,,,0,3,,965,170,,,0,96,,972,170,,,0,167,,973,180,,,0,95,,970,180,,,0,149,,976,40,,,0,47,,975,170,,,0,226,,956,170,,,0,110,,957,110,,,0,10,,959,170,,,0,91,,960,110,,,0,19,,967,170,,,0,56,,962,110,,,0,30,,963,110,,,0,13,,961,110,,,0,51,,968,170,,,0,9,,964,110,,,0,84,,969,170,,,0,37,,958,180,,,0,108,,974,40,,,0,194,,971,170,,,0
11101,'Semaine-02',727,,3353,180,,,0,108,,3356,180,,,0,101,,3357,180,,,0,6,,3355,180,,,0,215,,3360,40,,,0,56,,3359,170,,,0,206,,3345,170,,,0,183,,3346,180,,,0,25,,3348,180,,,0,30,,3349,180,,,0,70,,3350,180,,,0,30,,3351,180,,,0,70,,3352,180,,,0,88,,3354,180,,,0,24,,3347,180,,,0,103,,3358,40,,,0,202,,3361,170,,,0
11101,'Semaine-03',646,,3372,120,,,0,3,,3371,170,,,0,96,,3378,170,,,0,167,,3379,180,,,0,95,,3376,180,,,0,149,,3382,40,,,0,47,,3381,170,,,0,226,,3362,170,,,0,110,,3363,110,,,0,10,,3365,170,,,0,91,,3366,110,,,0,19,,3373,170,,,0,56,,3368,110,,,0,30,,3369,110,,,0,13,,3367,110,,,0,51,,3374,170,,,0,9,,3370,110,,,0,84,,3375,170,,,0,37,,3364,180,,,0,108,,3380,40,,,0,194,,3377,170,,,0
