100,'Dimanche-01',635,,12,580,,,0,200,,1,580,,,0,167,,2,580,,,0,130,,3,580,,,0,125,,4,580,,,0,163,,5,580,,,0,118,,6,580,,,0,120,,7,580,,,0,163,,8,580,,,0,135,,9,580,,,0,155,,10,580,,,0,115,,11,580,,,0
100,'Fête-1-01',635,,24,580,,,0,200,,13,580,,,0,167,,14,580,,,0,130,,15,580,,,0,125,,16,580,,,0,163,,17,580,,,0,118,,18,580,,,0,120,,19,580,,,0,163,,20,580,,,0,135,,21,580,,,0,155,,22,580,,,0,115,,23,580,,,0
100,'Fête-2-02',522,,25,580,,,0,104,,26,580,,,0,26,,27,580,,,0,82,,28,580,,,0,118,,29,580,,,0,103,,32,580,,,0,95,,41,580,,,0,100,,33,580,,,0,102,,42,580,,,0,80,,34,580,,,0,100,,35,580,,,0,100,,39,580,,,0,110,,36,580,,,0,75,,37,580,,,0,105,,30,580,,,0,92,,31,580,,,0,132,,40,580,,,0,184,,38,580,,,0
100,'Samedi-01',635,,54,580,,,0,200,,43,580,,,0,167,,44,580,,,0,130,,45,580,,,0,125,,46,580,,,0,163,,47,580,,,0,118,,48,580,,,0,120,,49,580,,,0,163,,50,580,,,0,135,,51,580,,,0,155,,52,580,,,0,115,,53,580,,,0
100,'Semaine-01',522,,55,580,,,0,104,,56,580,,,0,26,,57,580,,,0,82,,58,580,,,0,118,,59,580,,,0,104,,62,580,,,0,94,,71,580,,,0,101,,63,580,,,0,101,,72,580,,,0,78,,64,580,,,0,102,,65,580,,,0,100,,69,580,,,0,110,,66,580,,,0,75,,67,580,,,0,105,,60,580,,,0,92,,61,580,,,0,132,,70,580,,,0,184,,68,580,,,0
2600,'Fête-2-02',500,,361,220,,,0,16,,362,230,,,0
2600,'Semaine-01',500,,363,220,,,0,16,,364,230,,,0
2800,'Fête-2-02',512,,407,110,,,0,20,,406,110,,,0,20,,404,350,,,0,60,,412,110,,,0,20,,403,370,,,0,20,,405,350,,,0,61,,408,110,,,0,20,,409,110,,,0,20,,410,110,,,0,60,,411,110,,,0
2800,'Semaine-01',512,,417,110,,,0,20,,416,110,,,0,20,,414,350,,,0,50,,428,110,,,0,10,,424,110,,,0,10,,425,110,,,0,10,,413,370,,,0,8,,426,110,,,0,8,,415,350,,,0,8,,429,110,,,0,49,,427,110,,,0,8,,418,110,,,0,10,,419,110,,,0,10,,420,110,,,0,10,,421,110,,,0,10,,422,110,,,0,60,,423,110,,,0
3200,'Dimanche-01',604,,578,210,,,0,214,,583,210,,,0,223,,586,210,,,0,192,,587,210,,,0,119,,579,210,,,0,162,,589,210,,,0,120,,580,210,,,0,119,,582,210,,,0,158,,581,210,,,0,215,,584,210,,,0,216,,585,210,,,0,213,,588,210,0,6,0
3200,'Fête-1-01',535,,590,90,,,0,181,,596,210,,,0,37,,591,210,,,0,160,,599,210,,,0,123,,600,210,,,0,164,,601,210,,,0,124,,592,210,,,0,124,,603,210,,,0,164,,593,210,,,0,128,,594,210,,,0,160,,595,210,,,0,236,,597,210,,,0,216,,598,210,,,0,207,,602,210,0,6,0
3200,'Fête-2-02',631,,629,210,,,0,80,,604,210,,,0,40,,632,210,,,0,80,,615,210,,,0,80,,623,210,,,0,41,,624,210,,,0,81,,625,210,,,0,81,,626,210,,,0,43,,627,210,,,0,83,,628,210,,,0,83,,605,210,,,0,82,,606,210,,,0,42,,607,210,,,0,85,,631,210,,,0,85,,609,210,,,0,84,,610,210,,,0,46,,611,210,,,0,85,,612,210,,,0,82,,613,210,,,0,43,,614,210,,,0,81,,616,210,,,0,80,,617,210,,,0,40,,618,210,,,0,80,,619,210,,,0,80,,620,210,,,0,40,,621,210,,,0,80,,622,210,,,0,112,,630,210,4,,0
3200,'Samedi-01',535,,635,90,,,0,181,,641,210,,,0,37,,636,210,,,0,160,,644,210,,,0,123,,645,210,,,0,164,,646,210,,,0,124,,637,210,,,0,124,,648,210,,,0,164,,638,210,,,0,128,,639,210,,,0,160,,640,210,,,0,236,,642,210,,,0,216,,643,210,,,0,207,,647,210,0,6,0
3200,'Semaine-01',631,,674,210,,,0,80,,649,210,,,0,40,,677,210,,,0,80,,660,210,,,0,80,,668,210,,,0,41,,669,210,,,0,81,,670,210,,,0,81,,671,210,,,0,43,,672,210,,,0,83,,673,210,,,0,83,,650,210,,,0,82,,651,210,,,0,42,,652,210,,,0,85,,676,210,,,0,85,,654,210,,,0,84,,655,210,,,0,46,,656,210,,,0,85,,657,210,,,0,82,,658,210,,,0,43,,659,210,,,0,81,,661,210,,,0,80,,662,210,,,0,40,,663,210,,,0,80,,664,210,,,0,80,,665,210,,,0,40,,666,210,,,0,80,,667,210,,,0,112,,675,210,4,,0
9000,'Semaine-01',646,,825,130,,,0,63,,826,130,,,0
