2000,'Dimanche-01',707,,146,300,,,0,124,,147,300,,,0,126,,148,300,,,0,165,,149,300,,,0,125,,150,300,,,0,164,,151,300,,,0,125,,152,300,,,0,165,,153,300,,,0
2000,'Fête-1-01',707,,2722,300,,,0,124,,2723,300,,,0,126,,2724,300,,,0,165,,2725,300,,,0,125,,2726,300,,,0,164,,2727,300,,,0,125,,2728,300,,,0,165,,2729,300,,,0
2000,'Samedi-01',707,,171,300,,,0,124,,172,300,,,0,126,,173,300,,,0,165,,174,300,,,0,125,,175,300,,,0,164,,176,300,,,0,125,,177,300,,,0,165,,178,300,,,0
2000,'Semaine-01',650,,179,290,,,0,165,,180,290,,,0,125,,181,290,,,0,166,,182,290,,,0,126,,183,290,,,0,125,,184,290,,,0,166,,185,290,,,0,126,,186,290,,,0,166,,187,290,,,0
2000,'Semaine-01-0001100',1940,,189,290,,,0,164,,188,290,,,0
2000,'Semaine-02',650,,2730,290,,,0,165,,2731,290,,,0,125,,2732,290,,,0,166,,2733,290,,,0,126,,2734,290,,,0,125,,2735,290,,,0,166,,2736,290,,,0,126,,2737,290,,,0,166,,2738,290,,,0
2000,'Semaine-02-0001100',1940,,2740,290,,,0,164,,2739,290,,,0
2000,'Semaine-03',650,,2741,290,,,0,165,,2742,290,,,0,125,,2743,290,,,0,166,,2744,290,,,0,126,,2745,290,,,0,125,,2746,290,,,0,166,,2747,290,,,0,126,,2748,290,,,0,166,,2749,290,,,0
2000,'Semaine-03-0001100',1940,,2751,290,,,0,164,,2750,290,,,0
2000002000,'Dimanche-01',532,,1318,20,0,11 13,0,170,,1319,20,0,11 13,0,44,,1330,50,,,0,86,,1320,20,0,11 13,0,84,,1331,50,,,0,86,,1321,20,0,11 13,0,45,,1332,50,,,0,86,,1322,20,0,11 13,0,85,,1333,50,,,0,85,,1323,20,0,11 13,0,45,,1334,50,,,0,85,,1324,20,0,11 13,0,85,,1335,50,,,0,85,,1325,20,0,11 13,0,45,,1336,50,,,0,85,,1326,20,0,11 13,0,85,,1337,50,,,0,85,,1327,20,0,11 13,0,44,,1338,50,,,0,86,,1328,20,0,11 13,0,84,,1339,50,,,0,86,,1329,20,0,11 13,0,44,,1340,50,,,0,170,,1341,50,,,0
2000002000,'Fête-1-01',532,,3610,20,0,11 13,0,170,,3611,20,0,11 13,0,44,,3622,50,,,0,86,,3612,20,0,11 13,0,84,,3623,50,,,0,86,,3613,20,0,11 13,0,45,,3624,50,,,0,86,,3614,20,0,11 13,0,85,,3625,50,,,0,85,,3615,20,0,11 13,0,45,,3626,50,,,0,85,,3616,20,0,11 13,0,85,,3627,50,,,0,85,,3617,20,0,11 13,0,45,,3628,50,,,0,85,,3618,20,0,11 13,0,85,,3629,50,,,0,85,,3619,20,0,11 13,0,44,,3630,50,,,0,86,,3620,20,0,11 13,0,84,,3631,50,,,0,86,,3621,20,0,11 13,0,44,,3632,50,,,0,170,,3633,50,,,0
2000002000,'Samedi-01',532,,1397,20,0,11 13,0,170,,1398,20,0,11 13,0,44,,1409,50,,,0,86,,1399,20,0,11 13,0,84,,1410,50,,,0,86,,1400,20,0,11 13,0,45,,1411,50,,,0,86,,1401,20,0,11 13,0,85,,1412,50,,,0,85,,1402,20,0,11 13,0,45,,1413,50,,,0,85,,1403,20,0,11 13,0,85,,1414,50,,,0,85,,1404,20,0,11 13,0,45,,1415,50,,,0,85,,1405,20,0,11 13,0,85,,1416,50,,,0,85,,1406,20,0,11 13,0,44,,1417,50,,,0,86,,1407,20,0,11 13,0,84,,1418,50,,,0,86,,1408,20,0,11 13,0,44,,1419,50,,,0,170,,1420,50,,,0
2000002000,'Semaine-01',437,,1422,20,0,11 13,0,79,,1421,20,0,11 13,0,17,,1423,50,0,11 13,0,72,,1424,20,0,11 13,0,33,,1440,50,,,0,98,,1441,50,,,0,68,,1442,50,,,0,99,,1427,20,0,11 13,0,31,,1443,50,,,0,69,,1428,20,0,11 13,0,34,,1444,50,,,0,66,,1429,20,0,11 13,0,34,,1445,50,,,0,21,,1430,20,0,11 13,0,74,,1446,50,,,0,21,,1431,20,0,11 13,0,83,,1447,50,,,0,67,,1432,20,0,11 13,0,35,,1448,50,,,0,63,,1433,50,0,11 13,0,32,,1449,50,,,0,70,,1434,20,0,11 13,0,29,,1450,50,,,0,105,,1451,50,,,0,100,,1438,50,,,0,74,,1437,50,,,0,93,,1436,50,,,0,53,,1435,50,,,0,90,,1439,20,0,11 13,0,73,,1426,50,,,0,139,,1425,50,,,0
2000002000,'Semaine-02',437,,3635,20,0,11 13,0,79,,3634,20,0,11 13,0,17,,3636,50,0,11 13,0,72,,3637,20,0,11 13,0,33,,3653,50,,,0,98,,3654,50,,,0,68,,3655,50,,,0,99,,3640,20,0,11 13,0,31,,3656,50,,,0,69,,3641,20,0,11 13,0,34,,3657,50,,,0,66,,3642,20,0,11 13,0,34,,3658,50,,,0,21,,3643,20,0,11 13,0,74,,3659,50,,,0,21,,3644,20,0,11 13,0,83,,3660,50,,,0,67,,3645,20,0,11 13,0,35,,3661,50,,,0,63,,3646,50,0,11 13,0,32,,3662,50,,,0,70,,3647,20,0,11 13,0,29,,3663,50,,,0,105,,3664,50,,,0,100,,3651,50,,,0,74,,3650,50,,,0,93,,3649,50,,,0,53,,3648,50,,,0,90,,3652,20,0,11 13,0,73,,3639,50,,,0,139,,3638,50,,,0
2000002000,'Semaine-03',437,,3666,20,0,11 13,0,79,,3665,20,0,11 13,0,17,,3667,50,0,11 13,0,72,,3668,20,0,11 13,0,33,,3684,50,,,0,98,,3685,50,,,0,68,,3686,50,,,0,99,,3671,20,0,11 13,0,31,,3687,50,,,0,69,,3672,20,0,11 13,0,34,,3688,50,,,0,66,,3673,20,0,11 13,0,34,,3689,50,,,0,21,,3674,20,0,11 13,0,74,,3690,50,,,0,21,,3675,20,0,11 13,0,83,,3691,50,,,0,67,,3676,20,0,11 13,0,35,,3692,50,,,0,63,,3677,50,0,11 13,0,32,,3693,50,,,0,70,,3678,20,0,11 13,0,29,,3694,50,,,0,105,,3695,50,,,0,100,,3682,50,,,0,74,,3681,50,,,0,93,,3680,50,,,0,53,,3679,50,,,0,90,,3683,20,0,11 13,0,73,,3670,50,,,0,139,,3669,50,,,0
