2401,'Semaine-01',1639,,332,60,,,0,85,,333,60,,,0,85,,336,60,,,0,21,,335,60,,,0,24,,334,60,,,0
2401,'Semaine-02',1604,,2877,60,,,0,47,,2878,60,,,0,86,,2881,60,,,0,85,,2880,60,,,0,82,,2879,60,,,0
2401,'Semaine-03',1639,,2882,60,,,0,85,,2883,60,,,0,85,,2886,60,,,0,21,,2885,60,,,0,24,,2884,60,,,0
2501,'Semaine-01',1557,,355,170,,,0,80,,356,170,,,0,74,,357,170,,,0,39,,358,170,,,0,80,,359,170,,,0,28,,360,170,,,0
2501,'Semaine-02',1557,,2899,170,,,0,80,,2900,170,,,0,74,,2901,170,,,0,39,,2902,170,,,0,75,,2903,170,,,0,33,,2904,170,,,0
2501,'Semaine-03',1557,,2905,170,,,0,80,,2906,170,,,0,74,,2907,170,,,0,39,,2908,170,,,0,80,,2909,170,,,0,28,,2910,170,,,0
2701,'Semaine-01',609,,394,60,,,0,40,,395,60,,,0,81,,396,60,,,0,80,,397,60,,,0,744,,401,60,,,0,81,,398,60,,,0,84,,402,60,,,0,86,,399,60,,,0,45,,400,60,,,0
2701,'Semaine-02',603,,2935,60,,,0,41,,2936,60,,,0,83,,2937,60,,,0,82,,2938,60,,,0,799,,2942,60,,,0,44,,2939,60,,,0,86,,2943,60,,,0,80,,2940,60,,,0,84,,2941,60,,,0
2701,'Semaine-03',609,,2944,60,,,0,40,,2945,60,,,0,81,,2946,60,,,0,80,,2947,60,,,0,744,,2951,60,,,0,81,,2948,60,,,0,84,,2952,60,,,0,86,,2949,60,,,0,45,,2950,60,,,0
3200,'Dimanche-01',558,,578,170,,,0,254,,583,170,,,0,223,,586,170,,,0,192,,587,170,,,0,119,,579,170,,,0,162,,589,170,,,0,120,,580,170,,,0,119,,582,170,,,0,158,,581,170,,,0,215,,584,170,,,0,216,,585,170,,,0,213,,588,170,0,6,0
3200,'Fête-1-01',529,,3103,50,,,0,181,,3109,170,,,0,37,,3104,170,,,0,160,,3112,170,,,0,123,,3113,170,,,0,124,,3114,170,,,0,164,,3105,170,,,0,124,,3116,170,,,0,164,,3106,170,,,0,128,,3107,170,,,0,120,,3108,170,,,0,276,,3110,170,,,0,216,,3111,170,,,0,207,,3115,170,0,6,0
3200,'Samedi-01',529,,635,50,,,0,181,,641,170,,,0,37,,636,170,,,0,160,,644,170,,,0,123,,645,170,,,0,124,,646,170,,,0,164,,637,170,,,0,124,,648,170,,,0,164,,638,170,,,0,128,,639,170,,,0,120,,640,170,,,0,276,,642,170,,,0,216,,643,170,,,0,207,,647,170,0,6,0
3200,'Semaine-01',625,,674,170,,,0,80,,649,170,,,0,39,,677,170,,,0,80,,660,170,,,0,80,,668,170,,,0,41,,669,170,,,0,81,,670,170,,,0,81,,671,170,,,0,43,,672,170,,,0,84,,673,170,,,0,83,,650,170,,,0,42,,651,170,,,0,82,,652,170,,,0,85,,676,170,,,0,85,,654,170,,,0,44,,655,170,,,0,86,,656,170,,,0,85,,657,170,,,0,82,,658,170,,,0,43,,659,170,,,0,81,,661,170,,,0,80,,662,170,,,0,40,,663,170,,,0,80,,664,170,,,0,80,,665,170,,,0,40,,666,170,,,0,80,,667,170,,,0,112,,675,170,0,6,0
3200,'Semaine-02',624,,3142,170,,,0,81,,3117,170,,,0,41,,3145,170,,,0,82,,3128,170,,,0,83,,3136,170,,,0,42,,3137,170,,,0,82,,3138,170,,,0,83,,3139,170,,,0,83,,3140,170,,,0,44,,3141,170,,,0,83,,3118,170,,,0,83,,3119,170,,,0,44,,3120,170,,,0,86,,3144,170,,,0,87,,3122,170,,,0,86,,3123,170,,,0,45,,3124,170,,,0,82,,3125,170,,,0,81,,3126,170,,,0,81,,3127,170,,,0,42,,3129,170,,,0,81,,3130,170,,,0,81,,3131,170,,,0,40,,3132,170,,,0,80,,3133,170,,,0,80,,3134,170,,,0,40,,3135,170,,,0,98,,3143,170,0,6,0
3200,'Semaine-03',625,,3173,170,,,0,80,,3148,170,,,0,39,,3176,170,,,0,80,,3159,170,,,0,80,,3167,170,,,0,41,,3168,170,,,0,81,,3169,170,,,0,81,,3170,170,,,0,43,,3171,170,,,0,84,,3172,170,,,0,83,,3149,170,,,0,42,,3150,170,,,0,82,,3151,170,,,0,85,,3175,170,,,0,85,,3153,170,,,0,44,,3154,170,,,0,86,,3155,170,,,0,85,,3156,170,,,0,82,,3157,170,,,0,43,,3158,170,,,0,81,,3160,170,,,0,80,,3161,170,,,0,40,,3162,170,,,0,80,,3163,170,,,0,80,,3164,170,,,0,40,,3165,170,,,0,80,,3166,170,,,0,112,,3174,170,0,6,0
