2000002200,'Dimanche-01',613,,1455,130,4,,0,90,,1456,130,4,,0,41,,1457,130,4,,0,83,,1458,130,4,,0,93,,1459,130,4,,0,83,,1460,130,4,,0,47,,1461,130,4,,0,74,,1462,130,4,,0,34,,1463,130,4,,0,84,,1464,130,4,,0,79,,1465,130,4,,0,80,,1466,130,4,,0,40,,1467,130,4,,0,82,,1468,130,4,,0,36,,1469,130,4,,0,84,,1470,130,4,,0,74,,1471,130,4,,0,85,,1472,130,4,,0,34,,1473,130,4,,0,84,,1474,130,4,,0,83,,1476,130,4,,0,47,,1453,130,4,,0,84,,1475,130,4,,0,90,,1477,130,4,,0,83,,1478,130,4,,0,43,,1479,130,4,,0,89,,1452,130,4,,0,86,,1454,130,4,,0
2000002200,'Fête-1-01',552,,3699,130,4,,0,83,,3700,130,4,,0,90,,3701,130,4,,0,77,,3702,130,4,,0,36,,3703,130,4,,0,84,,3704,130,4,,0,81,,3705,130,4,,0,42,,3706,130,4,,0,82,,3707,130,4,,0,82,,3708,130,4,,0,42,,3709,130,4,,0,82,,3710,130,4,,0,82,,3711,130,4,,0,42,,3712,130,4,,0,82,,3713,130,4,,0,82,,3714,130,4,,0,82,,3715,130,4,,0,46,,3716,130,4,,0,78,,3717,130,4,,0,82,,3718,130,4,,0,42,,3719,130,4,,0,81,,3721,130,4,,0,77,,3697,130,4,,0,35,,3720,130,4,,0,90,,3722,130,4,,0,87,,3723,130,4,,0,79,,3724,130,4,,0,49,,3696,130,4,,0,81,,3698,130,4,,0
2000002200,'Samedi-01',552,,1535,130,4,,0,83,,1536,130,4,,0,90,,1537,130,4,,0,77,,1538,130,4,,0,36,,1539,130,4,,0,84,,1540,130,4,,0,81,,1541,130,4,,0,42,,1542,130,4,,0,82,,1543,130,4,,0,82,,1544,130,4,,0,42,,1545,130,4,,0,82,,1546,130,4,,0,82,,1547,130,4,,0,42,,1548,130,4,,0,82,,1549,130,4,,0,82,,1550,130,4,,0,82,,1551,130,4,,0,46,,1552,130,4,,0,78,,1553,130,4,,0,82,,1554,130,4,,0,42,,1555,130,4,,0,81,,1557,130,4,,0,77,,1533,130,4,,0,35,,1556,130,4,,0,90,,1558,130,4,,0,87,,1559,130,4,,0,79,,1560,130,4,,0,49,,1532,130,4,,0,81,,1534,130,4,,0
2000002200,'Semaine-01',559,,1583,130,4,,0,280,,1580,130,4,,0,80,,1561,130,4,,0,40,,1562,130,4,,0,81,,1563,130,4,,0,81,,1564,130,4,,0,83,,1565,130,4,,0,43,,1566,130,4,,0,83,,1567,130,4,,0,82,,1568,130,4,,0,42,,1569,130,4,,0,85,,1581,130,4,,0,300,,1582,130,4,,0,83,,1570,130,4,,0,82,,1571,130,4,,0,40,,1572,130,4,,0,80,,1573,130,4,,0,80,,1574,130,4,,0,40,,1575,130,4,,0,80,,1576,130,4,,0,78,,1577,130,4,,0,43,,1578,130,4,,0,80,,1579,130,4,,0
2000002200,'Semaine-02',559,,3747,130,4,,0,280,,3744,130,4,,0,80,,3725,130,4,,0,40,,3726,130,4,,0,81,,3727,130,4,,0,81,,3728,130,4,,0,83,,3729,130,4,,0,43,,3730,130,4,,0,83,,3731,130,4,,0,82,,3732,130,4,,0,42,,3733,130,4,,0,85,,3745,130,4,,0,300,,3746,130,4,,0,83,,3734,130,4,,0,82,,3735,130,4,,0,40,,3736,130,4,,0,80,,3737,130,4,,0,80,,3738,130,4,,0,40,,3739,130,4,,0,80,,3740,130,4,,0,78,,3741,130,4,,0,43,,3742,130,4,,0,80,,3743,130,4,,0
2000002200,'Semaine-03',559,,3770,130,4,,0,280,,3767,130,4,,0,80,,3748,130,4,,0,40,,3749,130,4,,0,81,,3750,130,4,,0,81,,3751,130,4,,0,83,,3752,130,4,,0,43,,3753,130,4,,0,83,,3754,130,4,,0,82,,3755,130,4,,0,42,,3756,130,4,,0,85,,3768,130,4,,0,300,,3769,130,4,,0,83,,3757,130,4,,0,82,,3758,130,4,,0,40,,3759,130,4,,0,80,,3760,130,4,,0,80,,3761,130,4,,0,40,,3762,130,4,,0,80,,3763,130,4,,0,78,,3764,130,4,,0,43,,3765,130,4,,0,80,,3766,130,4,,0
2000002201,'Dimanche-01',620,,1588,10,,,0,90,,1584,10,,,0,41,,1589,10,,,0,83,,1590,10,,,0,93,,1591,10,,,0,83,,1592,10,,,0,47,,1593,10,,,0,74,,1594,10,,,0,74,,1595,10,,,0,44,,1596,10,,,0,79,,1597,10,,,0,80,,1598,10,,,0,40,,1599,10,,,0,82,,1600,10,,,0,76,,1601,10,,,0,44,,1602,10,,,0,74,,1603,10,,,0,85,,1604,10,,,0,34,,1605,10,,,0,84,,1607,10,,,0,84,,1606,10,,,0,46,,1586,10,,,0,84,,1608,10,,,0,90,,1609,10,,,0,82,,1610,10,,,0,44,,1611,10,,,0,89,,1585,10,,,0,84,,1587,10,,,0,82,,1612,10,,,0
2000002201,'Fête-1-01',559,,3771,10,,,0,83,,3776,10,,,0,90,,3772,10,,,0,77,,3777,10,,,0,36,,3778,10,,,0,84,,3779,10,,,0,81,,3780,10,,,0,42,,3781,10,,,0,82,,3782,10,,,0,82,,3783,10,,,0,42,,3784,10,,,0,82,,3785,10,,,0,82,,3786,10,,,0,82,,3787,10,,,0,42,,3788,10,,,0,82,,3789,10,,,0,82,,3790,10,,,0,46,,3791,10,,,0,78,,3792,10,,,0,82,,3793,10,,,0,42,,3795,10,,,0,82,,3794,10,,,0,76,,3774,10,,,0,35,,3796,10,,,0,90,,3797,10,,,0,86,,3798,10,,,0,80,,3799,10,,,0,49,,3773,10,,,0,79,,3775,10,,,0,77,,3800,10,,,0
2000002201,'Samedi-01',559,,1666,10,,,0,83,,1671,10,,,0,90,,1667,10,,,0,77,,1672,10,,,0,36,,1673,10,,,0,84,,1674,10,,,0,81,,1675,10,,,0,42,,1676,10,,,0,82,,1677,10,,,0,82,,1678,10,,,0,42,,1679,10,,,0,82,,1680,10,,,0,82,,1681,10,,,0,82,,1682,10,,,0,42,,1683,10,,,0,82,,1684,10,,,0,82,,1685,10,,,0,46,,1686,10,,,0,78,,1687,10,,,0,82,,1688,10,,,0,42,,1690,10,,,0,82,,1689,10,,,0,76,,1669,10,,,0,35,,1691,10,,,0,90,,1692,10,,,0,86,,1693,10,,,0,80,,1694,10,,,0,49,,1668,10,,,0,79,,1670,10,,,0,77,,1695,10,,,0
2000002201,'Semaine-01',606,,1718,10,,,0,241,,1696,10,,,0,80,,1697,10,,,0,80,,1698,10,,,0,41,,1699,10,,,0,81,,1700,10,,,0,83,,1701,10,,,0,43,,1702,10,,,0,83,,1703,10,,,0,82,,1704,10,,,0,82,,1716,10,,,0,45,,1717,10,,,0,300,,1705,10,,,0,82,,1706,10,,,0,83,,1707,10,,,0,40,,1708,10,,,0,80,,1709,10,,,0,80,,1710,10,,,0,40,,1711,10,,,0,80,,1712,10,,,0,80,,1713,10,,,0,40,,1714,10,,,0,80,,1715,10,,,0
2000002201,'Semaine-02',606,,3823,10,,,0,241,,3801,10,,,0,80,,3802,10,,,0,80,,3803,10,,,0,41,,3804,10,,,0,81,,3805,10,,,0,83,,3806,10,,,0,43,,3807,10,,,0,83,,3808,10,,,0,82,,3809,10,,,0,82,,3821,10,,,0,45,,3822,10,,,0,300,,3810,10,,,0,82,,3811,10,,,0,83,,3812,10,,,0,40,,3813,10,,,0,80,,3814,10,,,0,80,,3815,10,,,0,40,,3816,10,,,0,80,,3817,10,,,0,80,,3818,10,,,0,40,,3819,10,,,0,80,,3820,10,,,0
2000002201,'Semaine-03',606,,3846,10,,,0,241,,3824,10,,,0,80,,3825,10,,,0,80,,3826,10,,,0,41,,3827,10,,,0,81,,3828,10,,,0,83,,3829,10,,,0,43,,3830,10,,,0,83,,3831,10,,,0,82,,3832,10,,,0,82,,3844,10,,,0,45,,3845,10,,,0,300,,3833,10,,,0,82,,3834,10,,,0,83,,3835,10,,,0,40,,3836,10,,,0,80,,3837,10,,,0,80,,3838,10,,,0,40,,3839,10,,,0,80,,3840,10,,,0,80,,3841,10,,,0,40,,3842,10,,,0,80,,3843,10,,,0
2000002700,'Dimanche-01',620,,2153,10,,,0,90,,2157,10,,,0,41,,2154,10,,,0,83,,2158,10,,,0,93,,2159,10,,,0,83,,2160,10,,,0,45,,2161,10,,,0,75,,2162,10,,,0,74,,2163,10,,,0,45,,2164,10,,,0,79,,2165,10,,,0,80,,2166,10,,,0,40,,2167,10,,,0,82,,2168,10,,,0,76,,2169,10,,,0,43,,2170,10,,,0,75,,2171,10,,,0,84,,2172,10,,,0,35,,2173,10,,,0,84,,2174,10,,,0,84,,2175,10,,,0,46,,2176,10,,,0,84,,2155,10,,,0,90,,2177,10,,,0,82,,2178,10,,,0,44,,2179,10,,,0,89,,2180,10,,,0,84,,2181,10,,,0,82,,2156,10,,,0
2000002700,'Fête-1-01',559,,4110,10,,,0,83,,4114,10,,,0,90,,4111,10,,,0,77,,4115,10,,,0,36,,4116,10,,,0,84,,4117,10,,,0,81,,4118,10,,,0,42,,4119,10,,,0,82,,4120,10,,,0,82,,4121,10,,,0,42,,4122,10,,,0,82,,4123,10,,,0,82,,4124,10,,,0,82,,4125,10,,,0,42,,4126,10,,,0,82,,4127,10,,,0,82,,4128,10,,,0,46,,4129,10,,,0,78,,4130,10,,,0,82,,4131,10,,,0,42,,4132,10,,,0,82,,4133,10,,,0,74,,4112,10,,,0,37,,4134,10,,,0,90,,4135,10,,,0,86,,4136,10,,,0,80,,4137,10,,,0,49,,4138,10,,,0,79,,4113,10,,,0,76,,4139,10,,,0
2000002700,'Samedi-01',559,,2234,10,,,0,83,,2238,10,,,0,90,,2235,10,,,0,77,,2239,10,,,0,36,,2240,10,,,0,84,,2241,10,,,0,81,,2242,10,,,0,42,,2243,10,,,0,82,,2244,10,,,0,82,,2245,10,,,0,42,,2246,10,,,0,82,,2247,10,,,0,82,,2248,10,,,0,82,,2249,10,,,0,42,,2250,10,,,0,82,,2251,10,,,0,82,,2252,10,,,0,46,,2253,10,,,0,78,,2254,10,,,0,82,,2255,10,,,0,42,,2256,10,,,0,82,,2257,10,,,0,74,,2236,10,,,0,37,,2258,10,,,0,90,,2259,10,,,0,86,,2260,10,,,0,80,,2261,10,,,0,49,,2262,10,,,0,79,,2237,10,,,0,76,,2263,10,,,0
2000002700,'Semaine-01',606,,2283,10,,,0,241,,2264,10,,,0,80,,2266,10,,,0,80,,2282,10,,,0,41,,2281,10,,,0,81,,2280,10,,,0,83,,2279,10,,,0,43,,2278,10,,,0,83,,2277,10,,,0,82,,2276,10,,,0,82,,2284,10,,,0,45,,2285,10,,,0,382,,2275,10,,,0,83,,2274,10,,,0,40,,2273,10,,,0,80,,2272,10,,,0,80,,2271,10,,,0,40,,2270,10,,,0,80,,2269,10,,,0,80,,2268,10,,,0,40,,2267,10,,,0,80,,2265,10,,,0
2000002700,'Semaine-02',606,,4159,10,,,0,241,,4140,10,,,0,80,,4142,10,,,0,80,,4158,10,,,0,41,,4157,10,,,0,81,,4156,10,,,0,83,,4155,10,,,0,43,,4154,10,,,0,83,,4153,10,,,0,82,,4152,10,,,0,82,,4160,10,,,0,45,,4161,10,,,0,382,,4151,10,,,0,83,,4150,10,,,0,40,,4149,10,,,0,80,,4148,10,,,0,80,,4147,10,,,0,40,,4146,10,,,0,80,,4145,10,,,0,80,,4144,10,,,0,40,,4143,10,,,0,80,,4141,10,,,0
2000002700,'Semaine-03',606,,4181,10,,,0,241,,4162,10,,,0,80,,4164,10,,,0,80,,4180,10,,,0,41,,4179,10,,,0,81,,4178,10,,,0,83,,4177,10,,,0,43,,4176,10,,,0,83,,4175,10,,,0,82,,4174,10,,,0,82,,4182,10,,,0,45,,4183,10,,,0,382,,4173,10,,,0,83,,4172,10,,,0,40,,4171,10,,,0,80,,4170,10,,,0,80,,4169,10,,,0,40,,4168,10,,,0,80,,4167,10,,,0,80,,4166,10,,,0,40,,4165,10,,,0,80,,4163,10,,,0
2000002701,'Dimanche-01',613,,2286,180,4,,0,90,,2288,180,4,,0,41,,2313,180,4,,0,83,,2311,180,4,,0,93,,2312,180,4,,0,83,,2309,180,4,,0,47,,2310,180,4,,0,75,,2308,180,4,,0,75,,2307,180,4,,0,42,,2304,180,4,,0,79,,2306,180,4,,0,80,,2305,180,4,,0,40,,2303,180,4,,0,82,,2302,180,4,,0,77,,2300,180,4,,0,43,,2301,180,4,,0,76,,2299,180,4,,0,83,,2298,180,4,,0,36,,2297,180,4,,0,82,,2296,180,4,,0,84,,2295,180,4,,0,46,,2294,180,4,,0,85,,2287,180,4,,0,89,,2293,180,4,,0,83,,2292,180,4,,0,44,,2291,180,4,,0,88,,2290,180,4,,0,86,,2289,180,4,,0
2000002701,'Fête-1-01',552,,4184,180,4,,0,83,,4187,180,4,,0,90,,4212,180,4,,0,77,,4210,180,4,,0,37,,4211,180,4,,0,83,,4208,180,4,,0,81,,4209,180,4,,0,42,,4207,180,4,,0,82,,4206,180,4,,0,82,,4203,180,4,,0,42,,4205,180,4,,0,82,,4204,180,4,,0,82,,4202,180,4,,0,42,,4201,180,4,,0,82,,4199,180,4,,0,82,,4200,180,4,,0,82,,4198,180,4,,0,46,,4197,180,4,,0,78,,4196,180,4,,0,82,,4195,180,4,,0,42,,4194,180,4,,0,81,,4193,180,4,,0,79,,4185,180,4,,0,33,,4192,180,4,,0,90,,4191,180,4,,0,87,,4190,180,4,,0,79,,4189,180,4,,0,49,,4188,180,4,,0,81,,4186,180,4,,0
2000002701,'Samedi-01',552,,2363,180,4,,0,83,,2366,180,4,,0,90,,2391,180,4,,0,77,,2389,180,4,,0,37,,2390,180,4,,0,83,,2387,180,4,,0,81,,2388,180,4,,0,42,,2386,180,4,,0,82,,2385,180,4,,0,82,,2382,180,4,,0,42,,2384,180,4,,0,82,,2383,180,4,,0,82,,2381,180,4,,0,42,,2380,180,4,,0,82,,2378,180,4,,0,82,,2379,180,4,,0,82,,2377,180,4,,0,46,,2376,180,4,,0,78,,2375,180,4,,0,82,,2374,180,4,,0,42,,2373,180,4,,0,81,,2372,180,4,,0,79,,2364,180,4,,0,33,,2371,180,4,,0,90,,2370,180,4,,0,87,,2369,180,4,,0,79,,2368,180,4,,0,49,,2367,180,4,,0,81,,2365,180,4,,0
2000002701,'Semaine-01',559,,2408,180,4,,0,360,,2407,180,4,,0,40,,2406,180,4,,0,81,,2405,180,4,,0,81,,2404,180,4,,0,83,,2403,180,4,,0,43,,2402,180,4,,0,83,,2401,180,4,,0,82,,2409,180,4,,0,42,,2410,180,4,,0,85,,2411,180,4,,0,465,,2400,180,4,,0,40,,2399,180,4,,0,80,,2398,180,4,,0,80,,2397,180,4,,0,40,,2396,180,4,,0,80,,2395,180,4,,0,80,,2394,180,4,,0,41,,2393,180,4,,0,80,,2392,180,4,,0
2000002701,'Semaine-02',559,,4229,180,4,,0,360,,4228,180,4,,0,40,,4227,180,4,,0,81,,4226,180,4,,0,81,,4225,180,4,,0,83,,4224,180,4,,0,43,,4223,180,4,,0,83,,4222,180,4,,0,82,,4230,180,4,,0,42,,4231,180,4,,0,85,,4232,180,4,,0,465,,4221,180,4,,0,40,,4220,180,4,,0,80,,4219,180,4,,0,80,,4218,180,4,,0,40,,4217,180,4,,0,80,,4216,180,4,,0,80,,4215,180,4,,0,41,,4214,180,4,,0,80,,4213,180,4,,0
2000002701,'Semaine-03',559,,4249,180,4,,0,360,,4248,180,4,,0,40,,4247,180,4,,0,81,,4246,180,4,,0,81,,4245,180,4,,0,83,,4244,180,4,,0,43,,4243,180,4,,0,83,,4242,180,4,,0,82,,4250,180,4,,0,42,,4251,180,4,,0,85,,4252,180,4,,0,465,,4241,180,4,,0,40,,4240,180,4,,0,80,,4239,180,4,,0,80,,4238,180,4,,0,40,,4237,180,4,,0,80,,4236,180,4,,0,80,,4235,180,4,,0,41,,4234,180,4,,0,80,,4233,180,4,,0
2000002900,'Dimanche-01',613,,2453,190,4,,0,7,,2429,10,,,0,14,,2429,200,4,,0,12,,2430,10,,,0,54,,2430,200,4,,0,10,,2433,10,,,0,14,,2433,200,4,,0,16,,2422,10,,,0,14,,2422,200,4,,0,59,,2432,10,,,0,14,,2432,200,4,,0,12,,2421,10,,,0,14,,2421,200,4,,0,53,,2413,10,,,0,14,,2413,200,4,,0,12,,2425,10,,,0,14,,2425,200,4,,0,59,,2423,10,,,0,14,,2423,200,4,,0,16,,2431,10,,,0,14,,2431,200,4,,0,56,,2424,10,,,0,14,,2424,200,4,,0,21,,2412,10,,,0,14,,2412,200,4,,0,51,,2434,10,,,0,14,,2434,200,4,,0,9,,2426,10,,,0,14,,2426,200,4,,0,62,,2435,10,,,0,14,,2435,200,4,,0,10,,2428,10,,,0,14,,2428,200,4,,0,5,,2436,10,,,0,54,,2436,200,4,,0,19,,2437,10,,,0,14,,2437,200,4,,0,14,,2427,10,,,0,54,,2427,200,4,,0,7,,2438,10,,,0,14,,2438,200,4,,0,15,,2439,10,,,0,14,,2439,200,4,,0,54,,2414,10,,,0,14,,2414,200,4,,0,10,,2440,10,,,0,14,,2440,200,4,,0,56,,2441,10,,,0,14,,2441,200,4,,0,11,,2442,10,,,0,14,,2442,200,4,,0,11,,2420,10,,,0,54,,2420,200,4,,0,14,,2447,10,,,0,14,,2447,200,4,,0,11,,2445,10,,,0,14,,2445,200,4,,0,48,,2450,10,,,0,14,,2450,200,4,,0,16,,2452,10,,,0,14,,2452,200,4,,0,61,,2446,10,,,0,14,,2446,200,4,,0,26,,2449,10,,,0,54,,2449,200,4,,0,16,,2443,10,,,0,14,,2443,200,4,,0,66,,2415,10,,,0,14,,2415,200,4,,0,17,,2417,10,,,0,14,,2417,200,4,,0,57,,2448,10,,,0,14,,2448,200,4,,0,19,,2444,10,,,0,14,,2444,200,4,,0,56,,2416,10,,,0,14,,2416,200,4,,0,27,,2418,10,,,0,54,,2418,200,4,,0,30,,2419,10,,,0,14,,2419,200,4,,0,68,,2451,10,,,0
2000002900,'Fête-1-01',552,,4293,190,4,,0,7,,4269,10,,,0,54,,4269,200,4,,0,29,,4270,10,,,0,14,,4270,200,4,,0,55,,4273,10,,,0,14,,4273,200,4,,0,23,,4262,10,,,0,54,,4262,200,4,,0,22,,4272,10,,,0,14,,4272,200,4,,0,70,,4261,10,,,0,14,,4261,200,4,,0,8,,4254,10,,,0,14,,4254,200,4,,0,61,,4265,10,,,0,14,,4265,200,4,,0,11,,4263,10,,,0,14,,4263,200,4,,0,15,,4271,10,,,0,54,,4271,200,4,,0,17,,4264,10,,,0,14,,4264,200,4,,0,56,,4253,10,,,0,14,,4253,200,4,,0,16,,4274,10,,,0,14,,4274,200,4,,0,56,,4266,10,,,0,14,,4266,200,4,,0,21,,4275,10,,,0,14,,4275,200,4,,0,61,,4267,10,,,0,14,,4267,200,4,,0,11,,4268,10,,,0,14,,4268,200,4,,0,71,,4276,10,,,0,14,,4276,200,4,,0,71,,4277,10,,,0,14,,4277,200,4,,0,26,,4278,10,,,0,14,,4278,200,4,,0,51,,4279,10,,,0,14,,4279,200,4,,0,11,,4255,10,,,0,14,,4255,200,4,,0,57,,4280,10,,,0,14,,4280,200,4,,0,14,,4281,10,,,0,14,,4281,200,4,,0,8,,4282,10,,,0,54,,4282,200,4,,0,6,,4260,10,,,0,14,,4260,200,4,,0,7,,4287,10,,,0,14,,4287,200,4,,0,51,,4285,10,,,0,14,,4285,200,4,,0,9,,4290,10,,,0,14,,4290,200,4,,0,66,,4292,10,,,0,14,,4292,200,4,,0,11,,4286,10,,,0,14,,4286,200,4,,0,7,,4289,10,,,0,54,,4289,200,4,,0,15,,4283,10,,,0,14,,4283,200,4,,0,7,,4256,10,,,0,14,,4256,200,4,,0,60,,4258,10,,,0,14,,4258,200,4,,0,17,,4288,10,,,0,54,,4288,200,4,,0,30,,4284,10,,,0,14,,4284,200,4,,0,12,,4257,10,,,0,54,,4257,200,4,,0,20,,4259,10,,,0,14,,4259,200,4,,0,66,,4291,10,,,0
2000002900,'Samedi-01',552,,2580,190,4,,0,7,,2556,10,,,0,54,,2556,200,4,,0,29,,2557,10,,,0,14,,2557,200,4,,0,55,,2560,10,,,0,14,,2560,200,4,,0,23,,2549,10,,,0,54,,2549,200,4,,0,22,,2559,10,,,0,14,,2559,200,4,,0,70,,2548,10,,,0,14,,2548,200,4,,0,8,,2541,10,,,0,14,,2541,200,4,,0,61,,2552,10,,,0,14,,2552,200,4,,0,11,,2550,10,,,0,14,,2550,200,4,,0,15,,2558,10,,,0,54,,2558,200,4,,0,17,,2551,10,,,0,14,,2551,200,4,,0,56,,2540,10,,,0,14,,2540,200,4,,0,16,,2561,10,,,0,14,,2561,200,4,,0,56,,2553,10,,,0,14,,2553,200,4,,0,21,,2562,10,,,0,14,,2562,200,4,,0,61,,2554,10,,,0,14,,2554,200,4,,0,11,,2555,10,,,0,14,,2555,200,4,,0,71,,2563,10,,,0,14,,2563,200,4,,0,71,,2564,10,,,0,14,,2564,200,4,,0,26,,2565,10,,,0,14,,2565,200,4,,0,51,,2566,10,,,0,14,,2566,200,4,,0,11,,2542,10,,,0,14,,2542,200,4,,0,57,,2567,10,,,0,14,,2567,200,4,,0,14,,2568,10,,,0,14,,2568,200,4,,0,8,,2569,10,,,0,54,,2569,200,4,,0,6,,2547,10,,,0,14,,2547,200,4,,0,7,,2574,10,,,0,14,,2574,200,4,,0,51,,2572,10,,,0,14,,2572,200,4,,0,9,,2577,10,,,0,14,,2577,200,4,,0,66,,2579,10,,,0,14,,2579,200,4,,0,11,,2573,10,,,0,14,,2573,200,4,,0,7,,2576,10,,,0,54,,2576,200,4,,0,15,,2570,10,,,0,14,,2570,200,4,,0,7,,2543,10,,,0,14,,2543,200,4,,0,60,,2545,10,,,0,14,,2545,200,4,,0,17,,2575,10,,,0,54,,2575,200,4,,0,30,,2571,10,,,0,14,,2571,200,4,,0,12,,2544,10,,,0,54,,2544,200,4,,0,20,,2546,10,,,0,14,,2546,200,4,,0,66,,2578,10,,,0
2000002900,'Semaine-01',545,,2581,10,,,0,14,,2581,200,4,,0,48,,2604,10,,,0,14,,2604,200,4,,0,4,,2605,10,,,0,14,,2605,200,4,,0,208,,2606,10,,,0,54,,2606,200,4,,0,4,,2582,10,,,0,14,,2582,200,4,,0,8,,2583,10,,,0,14,,2583,200,4,,0,4,,2584,10,,,0,14,,2584,200,4,,0,48,,2585,10,,,0,14,,2585,200,4,,0,4,,2586,10,,,0,14,,2586,200,4,,0,9,,2587,10,,,0,54,,2587,200,4,,0,3,,2616,10,,,0,14,,2616,200,4,,0,10,,2588,10,,,0,14,,2588,200,4,,0,7,,2617,10,,,0,54,,2617,200,4,,0,8,,2589,10,,,0,14,,2589,200,4,,0,4,,2590,10,,,0,14,,2590,200,4,,0,11,,2619,10,,,0,54,,2619,200,4,,0,6,,2618,10,,,0,14,,2618,200,4,,0,9,,2607,10,,,0,14,,2607,200,4,,0,3,,2608,10,,,0,54,,2608,200,4,,0,11,,2591,10,,,0,14,,2591,200,4,,0,6,,2592,10,,,0,14,,2592,200,4,,0,48,,2593,10,,,0,14,,2593,200,4,,0,4,,2594,10,,,0,14,,2594,200,4,,0,268,,2595,10,,,0,14,,2595,200,4,,0,9,,2614,10,,,0,14,,2614,200,4,,0,8,,2596,10,,,0,54,,2596,200,4,,0,4,,2611,10,,,0,14,,2611,200,4,,0,10,,2597,10,,,0,14,,2597,200,4,,0,7,,2610,10,,,0,54,,2610,200,4,,0,8,,2613,10,,,0,14,,2613,200,4,,0,4,,2598,10,,,0,14,,2598,200,4,,0,8,,2615,10,,,0,54,,2615,200,4,,0,4,,2599,10,,,0,14,,2599,200,4,,0,8,,2609,10,,,0,14,,2609,200,4,,0,4,,2600,10,,,0,54,,2600,200,4,,0,8,,2612,10,,,0,14,,2612,200,4,,0,4,,2601,10,,,0,14,,2601,200,4,,0,8,,2602,10,,,0,54,,2602,200,4,,0,4,,2603,10,,,0,14,,2603,200,4,,0,8,,2620,10,,,0,14,,2620,200,4,,0,4,,2621,10,,,0,54,,2621,200,4,,0,8,,2622,10,,,0,14,,2622,200,4,,0,4,,2623,10,,,0,14,,2623,200,4,,0,8,,2624,10,,,0,54,,2624,200,4,,0,4,,2625,10,,,0,14,,2625,200,4,,0
2000002900,'Semaine-02',545,,4294,10,,,0,14,,4294,200,4,,0,48,,4317,10,,,0,14,,4317,200,4,,0,4,,4318,10,,,0,14,,4318,200,4,,0,208,,4319,10,,,0,54,,4319,200,4,,0,4,,4295,10,,,0,14,,4295,200,4,,0,8,,4296,10,,,0,14,,4296,200,4,,0,4,,4297,10,,,0,14,,4297,200,4,,0,48,,4298,10,,,0,14,,4298,200,4,,0,4,,4299,10,,,0,14,,4299,200,4,,0,9,,4300,10,,,0,54,,4300,200,4,,0,3,,4329,10,,,0,14,,4329,200,4,,0,10,,4301,10,,,0,14,,4301,200,4,,0,7,,4330,10,,,0,54,,4330,200,4,,0,8,,4302,10,,,0,14,,4302,200,4,,0,4,,4303,10,,,0,14,,4303,200,4,,0,11,,4332,10,,,0,54,,4332,200,4,,0,6,,4331,10,,,0,14,,4331,200,4,,0,9,,4320,10,,,0,14,,4320,200,4,,0,3,,4321,10,,,0,54,,4321,200,4,,0,11,,4304,10,,,0,14,,4304,200,4,,0,6,,4305,10,,,0,14,,4305,200,4,,0,48,,4306,10,,,0,14,,4306,200,4,,0,4,,4307,10,,,0,14,,4307,200,4,,0,268,,4308,10,,,0,14,,4308,200,4,,0,9,,4327,10,,,0,14,,4327,200,4,,0,8,,4309,10,,,0,54,,4309,200,4,,0,4,,4324,10,,,0,14,,4324,200,4,,0,10,,4310,10,,,0,14,,4310,200,4,,0,7,,4323,10,,,0,54,,4323,200,4,,0,8,,4326,10,,,0,14,,4326,200,4,,0,4,,4311,10,,,0,14,,4311,200,4,,0,8,,4328,10,,,0,54,,4328,200,4,,0,4,,4312,10,,,0,14,,4312,200,4,,0,8,,4322,10,,,0,14,,4322,200,4,,0,4,,4313,10,,,0,54,,4313,200,4,,0,8,,4325,10,,,0,14,,4325,200,4,,0,4,,4314,10,,,0,14,,4314,200,4,,0,8,,4315,10,,,0,54,,4315,200,4,,0,4,,4316,10,,,0,14,,4316,200,4,,0,8,,4333,10,,,0,14,,4333,200,4,,0,4,,4334,10,,,0,54,,4334,200,4,,0,8,,4335,10,,,0,14,,4335,200,4,,0,4,,4336,10,,,0,14,,4336,200,4,,0,8,,4337,10,,,0,54,,4337,200,4,,0,4,,4338,10,,,0,14,,4338,200,4,,0
2000002900,'Semaine-03',545,,4339,10,,,0,14,,4339,200,4,,0,48,,4362,10,,,0,14,,4362,200,4,,0,4,,4363,10,,,0,14,,4363,200,4,,0,208,,4364,10,,,0,54,,4364,200,4,,0,4,,4340,10,,,0,14,,4340,200,4,,0,8,,4341,10,,,0,14,,4341,200,4,,0,4,,4342,10,,,0,14,,4342,200,4,,0,48,,4343,10,,,0,14,,4343,200,4,,0,4,,4344,10,,,0,14,,4344,200,4,,0,9,,4345,10,,,0,54,,4345,200,4,,0,3,,4374,10,,,0,14,,4374,200,4,,0,10,,4346,10,,,0,14,,4346,200,4,,0,7,,4375,10,,,0,54,,4375,200,4,,0,8,,4347,10,,,0,14,,4347,200,4,,0,4,,4348,10,,,0,14,,4348,200,4,,0,11,,4377,10,,,0,54,,4377,200,4,,0,6,,4376,10,,,0,14,,4376,200,4,,0,9,,4365,10,,,0,14,,4365,200,4,,0,3,,4366,10,,,0,54,,4366,200,4,,0,11,,4349,10,,,0,14,,4349,200,4,,0,6,,4350,10,,,0,14,,4350,200,4,,0,48,,4351,10,,,0,14,,4351,200,4,,0,4,,4352,10,,,0,14,,4352,200,4,,0,268,,4353,10,,,0,14,,4353,200,4,,0,9,,4372,10,,,0,14,,4372,200,4,,0,8,,4354,10,,,0,54,,4354,200,4,,0,4,,4369,10,,,0,14,,4369,200,4,,0,10,,4355,10,,,0,14,,4355,200,4,,0,7,,4368,10,,,0,54,,4368,200,4,,0,8,,4371,10,,,0,14,,4371,200,4,,0,4,,4356,10,,,0,14,,4356,200,4,,0,8,,4373,10,,,0,54,,4373,200,4,,0,4,,4357,10,,,0,14,,4357,200,4,,0,8,,4367,10,,,0,14,,4367,200,4,,0,4,,4358,10,,,0,54,,4358,200,4,,0,8,,4370,10,,,0,14,,4370,200,4,,0,4,,4359,10,,,0,14,,4359,200,4,,0,8,,4360,10,,,0,54,,4360,200,4,,0,4,,4361,10,,,0,14,,4361,200,4,,0,8,,4378,10,,,0,14,,4378,200,4,,0,4,,4379,10,,,0,54,,4379,200,4,,0,8,,4380,10,,,0,14,,4380,200,4,,0,4,,4381,10,,,0,14,,4381,200,4,,0,8,,4382,10,,,0,54,,4382,200,4,,0,4,,4383,10,,,0,14,,4383,200,4,,0
