101,'Dimanche-01',801,,73,600,,,0,206,,74,600,,,0,131,,75,600,,,0,173,,76,600,,,0,127,,77,600,,,0,120,,78,600,,,0,160,,79,600,,,0,120,,80,600,,,0,117,,81,600,,,0,174,,82,600,,,0,114,,83,600,,,0,113,,84,600,,,0
101,'Fête-1-03',801,,2656,600,,,0,206,,2657,600,,,0,131,,2658,600,,,0,173,,2659,600,,,0,127,,2660,600,,,0,120,,2661,600,,,0,160,,2662,600,,,0,120,,2663,600,,,0,117,,2664,600,,,0,174,,2665,600,,,0,114,,2666,600,,,0,113,,2667,600,,,0
101,'Fête-2-01',701,,2668,600,,,0,101,,2677,600,,,0,30,,2679,600,,,0,90,,2680,600,,,0,110,,2681,600,,,0,105,,2682,600,,,0,95,,2684,600,,,0,105,,2683,600,,,0,106,,2685,600,,,0,81,,2669,600,,,0,105,,2670,600,,,0,96,,2671,600,,,0,105,,2672,600,,,0,74,,2673,600,,,0,103,,2674,600,,,0,43,,2675,600,,,0,173,,2676,600,,,0,134,,2678,600,,,0
101,'Samedi-01',801,,115,600,,,0,206,,116,600,,,0,131,,117,600,,,0,173,,118,600,,,0,127,,119,600,,,0,120,,120,600,,,0,160,,121,600,,,0,120,,122,600,,,0,117,,123,600,,,0,174,,124,600,,,0,114,,125,600,,,0,113,,126,600,,,0
101,'Semaine-01',701,,127,600,,,0,6,,145,470,,,0,95,,136,600,,,0,30,,138,600,,,0,90,,139,600,,,0,110,,140,600,,,0,105,,141,600,,,0,95,,143,600,,,0,105,,142,600,,,0,106,,144,600,,,0,81,,128,600,,,0,105,,129,600,,,0,96,,130,600,,,0,105,,131,600,,,0,74,,132,600,,,0,103,,133,600,,,0,43,,134,600,,,0,173,,135,600,,,0,134,,137,600,,,0
2001,'Dimanche-01',733,,190,100,,,0,11,,190,340,,,0,113,,191,100,,,0,51,,191,340,,,0,115,,192,100,,,0,11,,192,340,,,0,114,,193,100,,,0,11,,193,340,,,0,154,,194,100,,,0,11,,194,340,,,0,114,,195,100,,,0,12,,195,340,,,0,153,,196,100,,,0,12,,196,340,,,0,113,,197,100,,,0,12,,197,340,,,0
2001,'Fête-1-03',733,,2703,100,,,0,11,,2703,340,,,0,113,,2704,100,,,0,51,,2704,340,,,0,115,,2705,100,,,0,11,,2705,340,,,0,114,,2706,100,,,0,11,,2706,340,,,0,154,,2707,100,,,0,11,,2707,340,,,0,114,,2708,100,,,0,12,,2708,340,,,0,153,,2709,100,,,0,12,,2709,340,,,0,113,,2710,100,,,0,12,,2710,340,,,0
2001,'Fête-2-01',718,,2711,100,,,0,12,,2711,340,,,0,113,,2712,100,,,0,13,,2712,340,,,0,152,,2713,100,,,0,12,,2713,340,,,0,114,,2714,100,,,0,12,,2714,340,,,0,154,,2715,100,,,0,12,,2715,340,,,0,113,,2716,100,,,0,12,,2716,340,,,0,114,,2717,100,,,0,52,,2717,340,,,0,114,,2718,100,,,0,12,,2718,340,,,0,114,,2719,100,,,0,11,,2719,340,,,0
2001,'Samedi-01',733,,215,100,,,0,11,,215,340,,,0,113,,216,100,,,0,51,,216,340,,,0,115,,217,100,,,0,11,,217,340,,,0,114,,218,100,,,0,11,,218,340,,,0,154,,219,100,,,0,11,,219,340,,,0,114,,220,100,,,0,12,,220,340,,,0,153,,221,100,,,0,12,,221,340,,,0,113,,222,100,,,0,12,,222,340,,,0
2001,'Semaine-01',718,,223,100,,,0,12,,223,340,,,0,113,,224,100,,,0,13,,224,340,,,0,152,,225,100,,,0,12,,225,340,,,0,114,,226,100,,,0,12,,226,340,,,0,154,,227,100,,,0,12,,227,340,,,0,113,,228,100,,,0,12,,228,340,,,0,114,,229,100,,,0,52,,229,340,,,0,114,,230,100,,,0,12,,230,340,,,0,114,,231,100,,,0,11,,231,340,,,0
2001,'Semaine-01-0001100',2006,,233,100,,,0,11,,233,340,,,0,113,,232,100,,,0,11,,232,340,,,0
2801,'Fête-2-01',1708,,2814,490,0,7,0,44,,2813,490,,,0,68,,2815,490,0,7,0
2801,'Semaine-01',1708,,443,490,0,7,0,44,,442,490,,,0,68,,444,490,0,7,0
