100,'Dimanche-01',640,,12,630,,,0,200,,1,630,,,0,167,,2,630,,,0,131,,3,630,,,0,165,,4,630,,,0,123,,5,630,,,0,118,,6,630,,,0,160,,7,630,,,0,123,,8,630,,,0,175,,9,630,,,0,115,,10,630,,,0,115,,11,630,,,0
100,'Fête-1-01',640,,2637,630,,,0,200,,2626,630,,,0,167,,2627,630,,,0,131,,2628,630,,,0,165,,2629,630,,,0,123,,2630,630,,,0,118,,2631,630,,,0,160,,2632,630,,,0,123,,2633,630,,,0,175,,2634,630,,,0,115,,2635,630,,,0,115,,2636,630,,,0
100,'Samedi-01',640,,54,630,,,0,200,,43,630,,,0,167,,44,630,,,0,131,,45,630,,,0,165,,46,630,,,0,123,,47,630,,,0,118,,48,630,,,0,160,,49,630,,,0,123,,50,630,,,0,175,,51,630,,,0,115,,52,630,,,0,115,,53,630,,,0
100,'Semaine-01',528,,55,630,,,0,104,,56,630,,,0,26,,57,630,,,0,82,,58,630,,,0,118,,59,630,,,0,144,,62,630,,,0,54,,71,630,,,0,101,,63,630,,,0,101,,72,630,,,0,78,,64,630,,,0,102,,65,630,,,0,100,,69,630,,,0,110,,66,630,,,0,75,,67,630,,,0,105,,60,630,,,0,92,,61,630,,,0,131,,70,630,,,0,184,,68,630,,,0
100,'Semaine-02',526,,2638,630,,,0,102,,2639,630,,,0,30,,2640,630,,,0,82,,2641,630,,,0,168,,2642,630,,,0,98,,2645,630,,,0,30,,2654,630,,,0,100,,2646,630,,,0,107,,2655,630,,,0,95,,2647,630,,,0,100,,2648,630,,,0,100,,2652,630,,,0,110,,2649,630,,,0,89,,2650,630,,,0,111,,2643,630,,,0,86,,2644,630,,,0,102,,2653,630,,,0,196,,2651,630,,,0
100,'Semaine-03',528,,2656,630,,,0,104,,2657,630,,,0,26,,2658,630,,,0,82,,2659,630,,,0,118,,2660,630,,,0,144,,2663,630,,,0,54,,2672,630,,,0,101,,2664,630,,,0,101,,2673,630,,,0,78,,2665,630,,,0,102,,2666,630,,,0,100,,2670,630,,,0,110,,2667,630,,,0,75,,2668,630,,,0,105,,2661,630,,,0,92,,2662,630,,,0,131,,2671,630,,,0,184,,2669,630,,,0
11100,'Dimanche-01',725,,861,380,4,,0,101,,857,380,0,5 10,0,188,,856,380,0,5 10,0,290,,858,380,0,5 10,0,249,,859,380,0,5 10,0,197,,862,380,4,,0,108,,860,380,0,5 10,0,377,,863,380,4,,0
11100,'Fête-1-01',725,,3297,380,4,,0,101,,3293,380,0,5 10,0,188,,3292,380,0,5 10,0,290,,3294,380,0,5 10,0,249,,3295,380,0,5 10,0,197,,3298,380,4,,0,108,,3296,380,0,5 10,0,377,,3299,380,4,,0
11100,'Samedi-01',725,,891,380,4,,0,101,,887,380,0,5 10,0,188,,886,380,0,5 10,0,290,,888,380,0,5 10,0,249,,889,380,0,5 10,0,197,,892,380,4,,0,108,,890,380,0,5 10,0,377,,893,380,4,,0
11100,'Semaine-01',538,,902,380,0,5 15,0,15,,896,380,0,5 10,0,60,,900,380,0,5 15,0,27,,903,380,0,5 15,0,6,,897,380,0,5 10,0,54,41,901,380,0,5 15,0,31,,909,380,0,5 15,0,20,,904,380,0,5 15,0,5,,898,380,0,5 10,0,55,,911,380,0,5 15,0,40,,899,380,0,5 10,0,157,,912,380,0,5 10,0,35,,894,380,0,5 10,0,104,,914,380,4,,0,161,,895,380,0,5 10,0,341,,906,380,0,5 10,0,5,,905,310,0,5 15,0,94,,908,380,0,5 10,0,58,,907,310,0,5 15,0,232,,913,310,4,,0,104,,910,310,0,5 10,0
11100,'Semaine-02',538,,3304,380,0,5 14,0,70,,3302,380,0,5 14,0,33,,3305,380,0,5 14,0,70,,3303,380,0,5 14,0,30,,3309,380,0,5 14,0,70,,3310,380,0,5 14,0,30,,3301,380,0,5 10,0,106,,3311,380,0,5 10,0,96,,3315,380,0,5 10,0,104,,3313,380,4,,0,169,,3300,380,0,5 10,0,401,,3306,380,0,5 14,0,23,,3308,380,0,5 14,0,71,,3307,380,0,5 14,0,225,,3312,310,4,,0,106,,3314,310,0,5 10,0
11100,'Semaine-03',538,,3324,380,0,5 15,0,15,,3318,380,0,5 10,0,60,,3322,380,0,5 15,0,27,,3325,380,0,5 15,0,6,,3319,380,0,5 10,0,54,41,3323,380,0,5 15,0,31,,3331,380,0,5 15,0,20,,3326,380,0,5 15,0,5,,3320,380,0,5 10,0,55,,3333,380,0,5 15,0,40,,3321,380,0,5 10,0,157,,3334,380,0,5 10,0,35,,3316,380,0,5 10,0,104,,3336,380,4,,0,161,,3317,380,0,5 10,0,341,,3328,380,0,5 10,0,5,,3327,310,0,5 15,0,94,,3330,380,0,5 10,0,58,,3329,310,0,5 15,0,232,,3335,310,4,,0,104,,3332,310,0,5 10,0
