101,'Dimanche-01',741,,73,300,,,0,206,,74,300,,,0,171,,75,300,,,0,133,,76,300,,,0,167,,77,300,,,0,120,,78,300,,,0,120,,79,300,,,0,160,,80,300,,,0,117,,81,300,,,0,174,,82,300,,,0,114,,83,300,,,0,113,,84,300,,,0
101,'Fête-1-01',741,,85,300,,,0,206,,86,300,,,0,171,,87,300,,,0,133,,88,300,,,0,167,,89,300,,,0,120,,90,300,,,0,120,,91,300,,,0,160,,92,300,,,0,117,,93,300,,,0,174,,94,300,,,0,114,,95,300,,,0,113,,96,300,,,0
101,'Fête-2-02',640,,97,300,,,0,101,,106,300,,,0,70,,108,300,,,0,90,,109,300,,,0,111,,110,300,,,0,105,,111,300,,,0,95,,113,300,,,0,104,,112,300,,,0,106,,114,300,,,0,81,,98,300,,,0,103,,99,300,,,0,96,,100,300,,,0,107,,101,300,,,0,34,,102,300,,,0,103,,103,300,,,0,83,,104,300,,,0,173,,105,300,,,0,135,,107,300,,,0
101,'Samedi-01',741,,115,300,,,0,206,,116,300,,,0,171,,117,300,,,0,133,,118,300,,,0,167,,119,300,,,0,120,,120,300,,,0,120,,121,300,,,0,160,,122,300,,,0,117,,123,300,,,0,174,,124,300,,,0,114,,125,300,,,0,113,,126,300,,,0
101,'Semaine-01',640,,127,300,,,0,6,,145,170,,,0,95,,136,300,,,0,70,,138,300,,,0,90,,139,300,,,0,111,,140,300,,,0,105,,141,300,,,0,95,,143,300,,,0,104,,142,300,,,0,106,,144,300,,,0,81,,128,300,,,0,103,,129,300,,,0,96,,130,300,,,0,107,,131,300,,,0,34,,132,300,,,0,103,,133,300,,,0,83,,134,300,,,0,173,,135,300,,,0,135,,137,300,,,0
2301,'Fête-2-02',1602,,303,310,,,0,25,,304,310,,,0,30,,305,310,,,0,70,,306,310,,,0,28,,307,310,,,0,69,,308,310,,,0,29,,309,310,,,0
2301,'Semaine-01',1602,,310,310,,,0,25,,311,310,,,0,30,,312,310,,,0,70,,313,310,,,0,28,,314,310,,,0,69,,315,310,,,0,29,,316,310,,,0
2801,'Fête-2-02',1407,,433,240,4,,0,150,,437,240,4,,0,71,,441,240,4,,0,27,,431,240,0,7,0,55,,440,240,4,,0,19,,434,240,4,,0,10,,430,240,,,0,10,,435,240,4,,0,58,,432,240,0,7,0,19,,436,240,4,,0,15,,438,240,4,,0,15,,439,240,4,,0
2801,'Semaine-01',1407,,445,240,4,,0,150,,451,240,4,,0,61,,454,240,4,,0,10,,458,240,4,,0,12,,455,240,4,,0,15,,443,240,0,7,0,45,,456,240,4,,0,10,,457,240,4,,0,10,,446,240,4,,0,9,,447,240,4,,0,10,,442,240,,,0,10,,448,240,4,,0,8,,449,240,4,,0,50,,444,240,0,7,0,14,,450,240,4,,0,10,,452,240,4,,0,25,,453,240,4,,0
3300,'Dimanche-01',548,,682,180,,,0,82,,680,180,,,0,90,,691,180,,,0,81,,701,180,,,0,43,,703,180,,,0,93,,704,180,,,0,80,,705,180,,,0,40,,706,180,,,0,80,,707,180,,,0,80,,683,180,,,0,40,,684,180,,,0,79,,685,180,,,0,80,,686,180,,,0,40,,687,180,,,0,79,,688,180,,,0,79,,689,180,,,0,39,,690,180,,,0,79,,692,180,,,0,79,,693,180,,,0,40,,694,180,,,0,87,,695,180,,,0,85,,696,180,,,0,86,,697,180,,,0,47,,698,180,,,0,86,,699,180,,,0,83,,700,180,,,0,88,,681,180,,,0,43,,702,180,,,0,159,,708,180,0,8 6,0
3300,'Fête-1-01',608,,711,180,,,0,41,,709,180,,,0,81,,720,180,,,0,82,,730,180,,,0,42,,732,180,,,0,84,,733,180,,,0,81,,734,180,,,0,82,,735,180,,,0,42,,736,180,,,0,82,,712,180,,,0,82,,713,180,,,0,42,,714,180,,,0,82,,715,180,,,0,82,,716,180,,,0,42,,717,180,,,0,82,,718,180,,,0,82,,719,180,,,0,85,,721,180,,,0,39,,722,180,,,0,82,,723,180,,,0,82,,724,180,,,0,39,,725,180,,,0,82,,726,180,,,0,81,,727,180,,,0,42,,728,180,,,0,83,,729,180,,,0,86,,731,180,,,0,86,,710,180,,,0,113,,737,180,0,8 6,0
3300,'Fête-2-02',615,,738,180,,,0,40,,766,180,,,0,81,,747,180,,,0,80,,757,180,,,0,40,,760,180,,,0,79,,761,180,,,0,80,,762,180,,,0,42,,763,180,,,0,81,,764,180,,,0,83,,739,180,,,0,83,,740,180,,,0,43,,741,180,,,0,82,,742,180,,,0,83,,743,180,,,0,46,,744,180,,,0,85,,745,180,,,0,85,,746,180,,,0,84,,748,180,,,0,43,,749,180,,,0,83,,750,180,,,0,82,,751,180,,,0,80,,752,180,,,0,40,,753,180,,,0,80,,754,180,,,0,80,,755,180,,,0,40,,756,180,,,0,80,,758,180,,,0,80,,759,180,,,0,56,,765,130,0,8 6,0
3300,'Samedi-01',608,,769,180,,,0,41,,767,180,,,0,81,,778,180,,,0,82,,788,180,,,0,42,,790,180,,,0,84,,791,180,,,0,81,,792,180,,,0,82,,793,180,,,0,42,,794,180,,,0,82,,770,180,,,0,82,,771,180,,,0,42,,772,180,,,0,82,,773,180,,,0,82,,774,180,,,0,42,,775,180,,,0,82,,776,180,,,0,82,,777,180,,,0,85,,779,180,,,0,39,,780,180,,,0,82,,781,180,,,0,82,,782,180,,,0,39,,783,180,,,0,82,,784,180,,,0,81,,785,180,,,0,42,,786,180,,,0,83,,787,180,,,0,86,,789,180,,,0,86,,768,180,,,0,113,,795,180,0,8 6,0
3300,'Semaine-01',615,,796,180,,,0,40,,824,180,,,0,81,,805,180,,,0,80,,815,180,,,0,40,,818,180,,,0,79,,819,180,,,0,80,,820,180,,,0,42,,821,180,,,0,81,,822,180,,,0,83,,797,180,,,0,83,,798,180,,,0,43,,799,180,,,0,82,,800,180,,,0,83,,801,180,,,0,46,,802,180,,,0,85,,803,180,,,0,85,,804,180,,,0,84,,806,180,,,0,43,,807,180,,,0,83,,808,180,,,0,82,,809,180,,,0,80,,810,180,,,0,40,,811,180,,,0,80,,812,180,,,0,80,,813,180,,,0,40,,814,180,,,0,80,,816,180,,,0,80,,817,180,,,0,56,,823,130,0,8 6,0
9001,'Semaine-01',1849,,828,210,,,0
