2000,'Dimanche-01',713,,146,400,,,0,124,,147,400,,,0,166,,148,400,,,0,125,,149,400,,,0,125,,150,400,,,0,164,,151,400,,,0,125,,152,400,,,0,165,,153,400,,,0
2000,'Fête-1-01',713,,154,400,,,0,124,,155,400,,,0,166,,156,400,,,0,125,,157,400,,,0,125,,158,400,,,0,164,,159,400,,,0,125,,160,400,,,0,165,,161,400,,,0
2000,'Fête-2-02',656,,162,390,,,0,165,,163,390,,,0,125,,164,390,,,0,166,,165,390,,,0,126,,166,390,,,0,165,,167,390,,,0,126,,168,390,,,0,126,,169,390,,,0,166,,170,390,,,0
2000,'Samedi-01',713,,171,400,,,0,124,,172,400,,,0,166,,173,400,,,0,125,,174,400,,,0,125,,175,400,,,0,164,,176,400,,,0,125,,177,400,,,0,165,,178,400,,,0
2000,'Semaine-01',656,,179,390,,,0,165,,180,390,,,0,125,,181,390,,,0,166,,182,390,,,0,126,,183,390,,,0,165,,184,390,,,0,126,,185,390,,,0,126,,186,390,,,0,166,,187,390,,,0
2000,'Semaine-01-0001100',1946,,189,390,,,0,164,,188,390,,,0
2000002000,'Dimanche-01',540,,1318,100,0,11 12 13,0,170,,1319,100,0,11 12 13,0,44,,1330,130,,,0,86,,1320,100,0,11 12 13,0,84,,1331,130,,,0,86,,1321,100,0,11 12 13,0,45,,1332,130,,,0,86,,1322,100,0,11 12 13,0,85,,1333,130,,,0,85,,1323,100,0,11 12 13,0,45,,1334,130,,,0,85,,1324,100,0,11 12 13,0,85,,1335,130,,,0,85,,1325,100,0,11 12 13,0,45,,1336,130,,,0,85,,1326,100,0,11 12 13,0,85,,1337,130,,,0,85,,1327,100,0,11 12 13,0,44,,1338,130,,,0,86,,1328,100,0,11 12 13,0,84,,1339,130,,,0,86,,1329,100,0,11 12 13,0,44,,1340,130,,,0,170,,1341,130,,,0
2000002000,'Fête-1-01',540,,1342,100,0,11 12 13,0,170,,1343,100,0,11 12 13,0,44,,1354,130,,,0,86,,1344,100,0,11 12 13,0,84,,1355,130,,,0,86,,1345,100,0,11 12 13,0,45,,1356,130,,,0,86,,1346,100,0,11 12 13,0,85,,1357,130,,,0,85,,1347,100,0,11 12 13,0,45,,1358,130,,,0,85,,1348,100,0,11 12 13,0,85,,1359,130,,,0,85,,1349,100,0,11 12 13,0,45,,1360,130,,,0,85,,1350,100,0,11 12 13,0,85,,1361,130,,,0,85,,1351,100,0,11 12 13,0,44,,1362,130,,,0,86,,1352,100,0,11 12 13,0,84,,1363,130,,,0,86,,1353,100,0,11 12 13,0,44,,1364,130,,,0,170,,1365,130,,,0
2000002000,'Fête-2-02',445,,1367,100,0,11 12 13,0,79,,1366,100,0,11 12 13,0,25,,1368,150,0,11 12 13,0,64,,1369,100,0,11 12 13,0,41,,1385,150,,,0,98,,1386,150,,,0,60,,1387,130,,,0,99,,1372,100,0,11 12 13,0,31,,1388,130,,,0,69,,1373,100,0,11 12 13,0,34,,1389,130,,,0,66,,1374,100,0,11 12 13,0,34,,1390,130,,,0,61,,1375,100,0,11 12 13,0,34,,1391,130,,,0,61,,1376,100,0,11 12 13,0,43,,1392,130,,,0,67,,1377,100,0,11 12 13,0,43,,1393,150,,,0,63,,1378,150,0,11 12 13,0,24,,1394,130,,,0,70,,1379,100,0,11 12 13,0,37,,1395,150,,,0,97,,1396,130,,,0,100,,1383,130,,,0,74,,1382,130,,,0,93,,1381,130,,,0,93,,1380,130,,,0,50,,1384,100,0,11 12 13,0,73,,1371,130,,,0,179,,1370,130,,,0
2000002000,'Samedi-01',540,,1397,100,0,11 12 13,0,170,,1398,100,0,11 12 13,0,44,,1409,130,,,0,86,,1399,100,0,11 12 13,0,84,,1410,130,,,0,86,,1400,100,0,11 12 13,0,45,,1411,130,,,0,86,,1401,100,0,11 12 13,0,85,,1412,130,,,0,85,,1402,100,0,11 12 13,0,45,,1413,130,,,0,85,,1403,100,0,11 12 13,0,85,,1414,130,,,0,85,,1404,100,0,11 12 13,0,45,,1415,130,,,0,85,,1405,100,0,11 12 13,0,85,,1416,130,,,0,85,,1406,100,0,11 12 13,0,44,,1417,130,,,0,86,,1407,100,0,11 12 13,0,84,,1418,130,,,0,86,,1408,100,0,11 12 13,0,44,,1419,130,,,0,170,,1420,130,,,0
2000002000,'Semaine-01',445,,1422,100,0,11 12 13,0,79,,1421,100,0,11 12 13,0,25,,1423,150,0,11 12 13,0,64,,1424,100,0,11 12 13,0,41,,1440,150,,,0,98,,1441,150,,,0,60,,1442,130,,,0,99,,1427,100,0,11 12 13,0,31,,1443,130,,,0,69,,1428,100,0,11 12 13,0,34,,1444,130,,,0,66,,1429,100,0,11 12 13,0,34,,1445,130,,,0,61,,1430,100,0,11 12 13,0,34,,1446,130,,,0,61,,1431,100,0,11 12 13,0,43,,1447,130,,,0,67,,1432,100,0,11 12 13,0,43,,1448,150,,,0,63,,1433,150,0,11 12 13,0,24,,1449,130,,,0,70,,1434,100,0,11 12 13,0,37,,1450,150,,,0,97,,1451,130,,,0,100,,1438,130,,,0,74,,1437,130,,,0,93,,1436,130,,,0,93,,1435,130,,,0,50,,1439,100,0,11 12 13,0,73,,1426,130,,,0,179,,1425,130,,,0
