2000,'Dimanche-01',714,,146,420,,,0,124,,147,420,,,0,166,,148,420,,,0,125,,149,420,,,0,125,,150,420,,,0,164,,151,420,,,0,125,,152,420,,,0,165,,153,420,,,0
2000,'Fête-1-01',714,,2722,420,,,0,124,,2723,420,,,0,166,,2724,420,,,0,125,,2725,420,,,0,125,,2726,420,,,0,164,,2727,420,,,0,125,,2728,420,,,0,165,,2729,420,,,0
2000,'Samedi-01',714,,171,420,,,0,124,,172,420,,,0,166,,173,420,,,0,125,,174,420,,,0,125,,175,420,,,0,164,,176,420,,,0,125,,177,420,,,0,165,,178,420,,,0
2000,'Semaine-01',657,,179,410,,,0,165,,180,410,,,0,125,,181,410,,,0,166,,182,410,,,0,126,,183,410,,,0,165,,184,410,,,0,126,,185,410,,,0,126,,186,410,,,0,166,,187,410,,,0
2000,'Semaine-01-0001100',1947,,189,410,,,0,164,,188,410,,,0
2000,'Semaine-02',657,,2730,410,,,0,165,,2731,410,,,0,125,,2732,410,,,0,166,,2733,410,,,0,126,,2734,410,,,0,165,,2735,410,,,0,126,,2736,410,,,0,126,,2737,410,,,0,166,,2738,410,,,0
2000,'Semaine-02-0001100',1947,,2740,410,,,0,164,,2739,410,,,0
2000,'Semaine-03',657,,2741,410,,,0,165,,2742,410,,,0,125,,2743,410,,,0,166,,2744,410,,,0,126,,2745,410,,,0,165,,2746,410,,,0,126,,2747,410,,,0,126,,2748,410,,,0,166,,2749,410,,,0
2000,'Semaine-03-0001100',1947,,2751,410,,,0,164,,2750,410,,,0
2000002000,'Dimanche-01',541,,1318,110,0,11 13,0,170,,1319,110,0,11 13,0,44,,1330,140,,,0,86,,1320,110,0,11 13,0,84,,1331,140,,,0,86,,1321,110,0,11 13,0,45,,1332,140,,,0,86,,1322,110,0,11 13,0,85,,1333,140,,,0,85,,1323,110,0,11 13,0,45,,1334,140,,,0,85,,1324,110,0,11 13,0,85,,1335,140,,,0,85,,1325,110,0,11 13,0,45,,1336,140,,,0,85,,1326,110,0,11 13,0,85,,1337,140,,,0,85,,1327,110,0,11 13,0,44,,1338,140,,,0,86,,1328,110,0,11 13,0,84,,1339,140,,,0,86,,1329,110,0,11 13,0,44,,1340,140,,,0,170,,1341,140,,,0
2000002000,'Fête-1-01',541,,3610,110,0,11 13,0,170,,3611,110,0,11 13,0,44,,3622,140,,,0,86,,3612,110,0,11 13,0,84,,3623,140,,,0,86,,3613,110,0,11 13,0,45,,3624,140,,,0,86,,3614,110,0,11 13,0,85,,3625,140,,,0,85,,3615,110,0,11 13,0,45,,3626,140,,,0,85,,3616,110,0,11 13,0,85,,3627,140,,,0,85,,3617,110,0,11 13,0,45,,3628,140,,,0,85,,3618,110,0,11 13,0,85,,3629,140,,,0,85,,3619,110,0,11 13,0,44,,3630,140,,,0,86,,3620,110,0,11 13,0,84,,3631,140,,,0,86,,3621,110,0,11 13,0,44,,3632,140,,,0,170,,3633,140,,,0
2000002000,'Samedi-01',541,,1397,110,0,11 13,0,170,,1398,110,0,11 13,0,44,,1409,140,,,0,86,,1399,110,0,11 13,0,84,,1410,140,,,0,86,,1400,110,0,11 13,0,45,,1411,140,,,0,86,,1401,110,0,11 13,0,85,,1412,140,,,0,85,,1402,110,0,11 13,0,45,,1413,140,,,0,85,,1403,110,0,11 13,0,85,,1414,140,,,0,85,,1404,110,0,11 13,0,45,,1415,140,,,0,85,,1405,110,0,11 13,0,85,,1416,140,,,0,85,,1406,110,0,11 13,0,44,,1417,140,,,0,86,,1407,110,0,11 13,0,84,,1418,140,,,0,86,,1408,110,0,11 13,0,44,,1419,140,,,0,170,,1420,140,,,0
2000002000,'Semaine-01',446,,1422,110,0,11 13,0,79,,1421,110,0,11 13,0,25,,1423,160,0,11 13,0,64,,1424,110,0,11 13,0,41,,1440,160,,,0,98,,1441,160,,,0,60,,1442,140,,,0,99,,1427,110,0,11 13,0,31,,1443,140,,,0,69,,1428,110,0,11 13,0,34,,1444,140,,,0,66,,1429,110,0,11 13,0,34,,1445,140,,,0,61,,1430,110,0,11 13,0,34,,1446,140,,,0,61,,1431,110,0,11 13,0,43,,1447,140,,,0,67,,1432,110,0,11 13,0,43,,1448,160,,,0,63,,1433,160,0,11 13,0,24,,1449,140,,,0,70,,1434,110,0,11 13,0,37,,1450,160,,,0,97,,1451,140,,,0,100,,1438,140,,,0,74,,1437,140,,,0,93,,1436,140,,,0,93,,1435,140,,,0,50,,1439,110,0,11 13,0,73,,1426,140,,,0,179,,1425,140,,,0
2000002000,'Semaine-02',446,,3635,110,0,11 13,0,79,,3634,110,0,11 13,0,25,,3636,160,0,11 13,0,64,,3637,110,0,11 13,0,41,,3653,160,,,0,98,,3654,160,,,0,60,,3655,140,,,0,99,,3640,110,0,11 13,0,31,,3656,140,,,0,69,,3641,110,0,11 13,0,34,,3657,140,,,0,66,,3642,110,0,11 13,0,34,,3658,140,,,0,61,,3643,110,0,11 13,0,34,,3659,140,,,0,61,,3644,110,0,11 13,0,43,,3660,140,,,0,67,,3645,110,0,11 13,0,43,,3661,160,,,0,63,,3646,160,0,11 13,0,24,,3662,140,,,0,70,,3647,110,0,11 13,0,37,,3663,160,,,0,97,,3664,140,,,0,100,,3651,140,,,0,74,,3650,140,,,0,93,,3649,140,,,0,93,,3648,140,,,0,50,,3652,110,0,11 13,0,73,,3639,140,,,0,179,,3638,140,,,0
2000002000,'Semaine-03',446,,3666,110,0,11 13,0,79,,3665,110,0,11 13,0,25,,3667,160,0,11 13,0,64,,3668,110,0,11 13,0,41,,3684,160,,,0,98,,3685,160,,,0,60,,3686,140,,,0,99,,3671,110,0,11 13,0,31,,3687,140,,,0,69,,3672,110,0,11 13,0,34,,3688,140,,,0,66,,3673,110,0,11 13,0,34,,3689,140,,,0,61,,3674,110,0,11 13,0,34,,3690,140,,,0,61,,3675,110,0,11 13,0,43,,3691,140,,,0,67,,3676,110,0,11 13,0,43,,3692,160,,,0,63,,3677,160,0,11 13,0,24,,3693,140,,,0,70,,3678,110,0,11 13,0,37,,3694,160,,,0,97,,3695,140,,,0,100,,3682,140,,,0,74,,3681,140,,,0,93,,3680,140,,,0,93,,3679,140,,,0,50,,3683,110,0,11 13,0,73,,3670,140,,,0,179,,3669,140,,,0
