100,'Dimanche-01',606,,12,170,,,0,200,,1,170,,,0,125,,2,170,,,0,170,,3,170,,,0,125,,4,170,,,0,124,,5,170,,,0,160,,6,170,,,0,120,,7,170,,,0,124,,8,170,,,0,175,,9,170,,,0,115,,10,170,,,0,115,,11,170,,,0
100,'Fête-1-01',606,,24,170,,,0,200,,13,170,,,0,125,,14,170,,,0,170,,15,170,,,0,125,,16,170,,,0,124,,17,170,,,0,160,,18,170,,,0,120,,19,170,,,0,124,,20,170,,,0,175,,21,170,,,0,115,,22,170,,,0,115,,23,170,,,0
100,'Fête-2-02',450,,25,170,,,0,103,,26,170,,,0,65,,27,170,,,0,41,,28,170,,,0,159,,29,170,,,0,104,,32,170,,,0,95,,41,170,,,0,100,,33,170,,,0,101,,42,170,,,0,40,,34,170,,,0,100,,35,170,,,0,100,,39,170,,,0,150,,36,170,,,0,35,,37,170,,,0,108,,30,170,,,0,95,,31,170,,,0,173,,40,170,,,0,185,,38,170,,,0
100,'Samedi-01',606,,54,170,,,0,200,,43,170,,,0,125,,44,170,,,0,170,,45,170,,,0,125,,46,170,,,0,124,,47,170,,,0,160,,48,170,,,0,120,,49,170,,,0,124,,50,170,,,0,175,,51,170,,,0,115,,52,170,,,0,115,,53,170,,,0
100,'Semaine-01',450,,55,170,,,0,103,,56,170,,,0,65,,57,170,,,0,41,,58,170,,,0,159,,59,170,,,0,105,,62,170,,,0,94,,71,170,,,0,101,,63,170,,,0,100,,72,170,,,0,38,,64,170,,,0,102,,65,170,,,0,100,,69,170,,,0,150,,66,170,,,0,35,,67,170,,,0,108,,60,170,,,0,95,,61,170,,,0,173,,70,170,,,0,185,,68,170,,,0
2000,'Dimanche-01',703,,146,210,,,0,124,,147,210,,,0,126,,148,210,,,0,165,,149,210,,,0,125,,150,210,,,0,164,,151,210,,,0,125,,152,210,,,0,125,,153,210,,,0
2000,'Fête-1-01',703,,154,210,,,0,124,,155,210,,,0,126,,156,210,,,0,165,,157,210,,,0,125,,158,210,,,0,164,,159,210,,,0,125,,160,210,,,0,125,,161,210,,,0
2000,'Fête-2-02',646,,162,200,,,0,165,,163,200,,,0,125,,164,200,,,0,166,,165,200,,,0,126,,166,200,,,0,125,,167,200,,,0,166,,168,200,,,0,126,,169,200,,,0,166,,170,200,,,0
2000,'Samedi-01',703,,171,210,,,0,124,,172,210,,,0,126,,173,210,,,0,165,,174,210,,,0,125,,175,210,,,0,164,,176,210,,,0,125,,177,210,,,0,125,,178,210,,,0
2000,'Semaine-01',646,,179,200,,,0,165,,180,200,,,0,125,,181,200,,,0,166,,182,200,,,0,126,,183,200,,,0,125,,184,200,,,0,166,,185,200,,,0,126,,186,200,,,0,166,,187,200,,,0
2000,'Semaine-01-0001100',1936,,189,200,,,0,164,,188,200,,,0
