101,'Dimanche-01',733,3,73,140,,,0,205,3,74,140,,,0,170,3,75,140,,,0,132,3,76,140,,,0,166,3,77,140,,,0,120,3,78,140,,,0,120,3,79,140,,,0,160,3,80,140,,,0,119,3,81,140,,,0,134,3,82,140,,,0,154,3,83,140,,,0,115,3,84,140,,,0
101,'Fête-1-01',733,3,2674,140,,,0,205,3,2675,140,,,0,170,3,2676,140,,,0,132,3,2677,140,,,0,166,3,2678,140,,,0,120,3,2679,140,,,0,120,3,2680,140,,,0,160,3,2681,140,,,0,119,3,2682,140,,,0,134,3,2683,140,,,0,154,3,2684,140,,,0,115,3,2685,140,,,0
101,'Samedi-01',733,3,115,140,,,0,205,3,116,140,,,0,170,3,117,140,,,0,132,3,118,140,,,0,166,3,119,140,,,0,120,3,120,140,,,0,120,3,121,140,,,0,160,3,122,140,,,0,119,3,123,140,,,0,134,3,124,140,,,0,154,3,125,140,,,0,115,3,126,140,,,0
101,'Semaine-01',631,3,127,140,,,0,100,3,136,140,,,0,70,43,138,140,,,0,50,3,139,140,,,0,151,43,140,140,,,0,105,3,141,140,,,0,95,43,143,140,,,0,101,3,142,140,,,0,106,3,144,140,,,0,41,3,128,140,,,0,102,3,129,140,,,0,96,3,130,140,,,0,109,3,131,140,,,0,74,3,132,140,,,0,104,3,133,140,,,0,84,3,134,140,,,0,134,3,135,140,,,0,175,3,137,140,,,0
101,'Semaine-02',626,3,2686,140,,,0,100,3,2695,140,,,0,30,3,2697,140,,,0,100,3,2698,140,,,0,146,43,2699,140,,,0,55,3,2700,140,,,0,100,3,2702,140,,,0,96,3,2701,140,,,0,151,3,2703,140,,,0,46,3,2687,140,,,0,107,3,2688,140,,,0,91,3,2689,140,,,0,109,3,2690,140,,,0,69,3,2691,140,,,0,29,3,2692,140,,,0,149,3,2693,140,,,0,144,3,2694,140,,,0,190,3,2696,140,,,0
101,'Semaine-03',631,3,2704,140,,,0,100,3,2713,140,,,0,70,43,2715,140,,,0,50,3,2716,140,,,0,151,43,2717,140,,,0,105,3,2718,140,,,0,95,43,2720,140,,,0,101,3,2719,140,,,0,106,3,2721,140,,,0,41,3,2705,140,,,0,102,3,2706,140,,,0,96,3,2707,140,,,0,109,3,2708,140,,,0,74,3,2709,140,,,0,104,3,2710,140,,,0,84,3,2711,140,,,0,134,3,2712,140,,,0,175,3,2714,140,,,0
2700,'Semaine-01',600,,375,250,4,,0,40,,376,250,4,,0,80,,377,250,4,,0,80,,378,250,4,,0,40,,379,250,4,,0,787,,380,250,4,,0,83,,381,250,4,,0,46,,382,250,4,,0,86,,383,250,4,,0,86,,384,250,4,,0
2700,'Semaine-02',555,,2915,250,4,,0,79,,2916,250,4,,0,81,,2917,250,4,,0,42,,2918,250,4,,0,82,,2919,250,4,,0,800,,2920,250,4,,0,86,,2921,250,4,,0,85,,2922,250,4,,0,42,,2923,250,4,,0,84,,2924,250,4,,0
2700,'Semaine-03',600,,2925,250,4,,0,40,,2926,250,4,,0,80,,2927,250,4,,0,80,,2928,250,4,,0,40,,2929,250,4,,0,787,,2930,250,4,,0,83,,2931,250,4,,0,46,,2932,250,4,,0,86,,2933,250,4,,0,86,,2934,250,4,,0
2701,'Semaine-01',604,,394,10,,,0,40,,395,10,,,0,81,,396,10,,,0,80,,397,10,,,0,744,,401,10,,,0,81,,398,10,,,0,84,,402,10,,,0,86,,399,10,,,0,45,,400,10,,,0
2701,'Semaine-02',558,,2935,10,,,0,81,,2936,10,,,0,83,,2937,10,,,0,82,,2938,10,,,0,799,,2942,10,,,0,44,,2939,10,,,0,86,,2943,10,,,0,80,,2940,10,,,0,44,,2941,10,,,0
2701,'Semaine-03',604,,2944,10,,,0,40,,2945,10,,,0,81,,2946,10,,,0,80,,2947,10,,,0,744,,2951,10,,,0,81,,2948,10,,,0,84,,2952,10,,,0,86,,2949,10,,,0,45,,2950,10,,,0
