2400,'Semaine-01',602,,322,90,,,0,22,,323,90,,,0,33,,324,90,,,0,92,,326,90,,,0,74,,327,90,,,0,80,,325,90,,,0
2400,'Semaine-02',546,,2866,90,,,0,78,,2867,90,,,0,80,,2868,90,,,0,42,,2869,90,,,0,82,,2870,90,,,0
2400,'Semaine-03',602,,2871,90,,,0,22,,2872,90,,,0,33,,2873,90,,,0,92,,2875,90,,,0,74,,2876,90,,,0,80,,2874,90,,,0
2501,'Semaine-01',1620,,355,430,,,0,80,,356,430,,,0,33,,357,430,,,0,79,,358,430,,,0,40,,359,430,,,0,68,,360,430,,,0
2501,'Semaine-02',1620,,2899,430,,,0,80,,2900,430,,,0,33,,2901,430,,,0,79,,2902,430,,,0,35,,2903,430,,,0,73,,2904,430,,,0
2501,'Semaine-03',1620,,2905,430,,,0,80,,2906,430,,,0,33,,2907,430,,,0,79,,2908,430,,,0,40,,2909,430,,,0,68,,2910,430,,,0
2600,'Semaine-01',454,,363,140,,,0
2600,'Semaine-02',454,,2911,140,,,0
2600,'Semaine-03',454,,2913,140,,,0
2000002500,'Dimanche-01',542,,1991,270,,,0,87,,1993,320,,,0,78,,1994,320,,,0,35,,1995,320,,,0,68,,1996,320,,,0,34,,1997,320,,,0,78,,1998,320,,,0,37,,1999,320,,,0,76,,2000,320,,,0,72,,2001,320,,,0,45,,2002,320,,,0,85,,2003,320,,,0,95,,2004,320,,,0,23,,2005,320,,,0,62,,2006,320,,,0,85,,2007,320,,,0,40,,2008,320,,,0,80,,2009,320,,,0,80,,2010,320,,,0,35,,2011,320,,,0,81,,2012,320,,,0,39,,2013,320,,,0,80,,2014,320,,,0,70,,2015,320,,,0,35,,2016,320,,,0,75,,2017,320,,,0,35,,2018,320,,,0,75,,2019,320,,,0,75,,2020,320,,,0,30,,2021,320,,,0,75,,2022,320,,,0,35,,2023,320,,,0,76,,2024,320,,,0
2000002500,'Fête-1-01',529,,4047,270,,,0,26,,4016,320,,,0,76,,4032,320,,,0,83,,4017,320,,,0,27,,4033,320,,,0,77,,4018,320,,,0,40,,4034,320,,,0,80,,4019,320,,,0,70,,4035,320,,,0,40,,4020,320,,,0,80,,4036,320,,,0,77,,4021,320,,,0,30,,4015,320,,,0,73,,4022,320,,,0,41,,4037,320,,,0,78,,4023,320,,,0,86,,4038,320,,,0,45,,4024,320,,,0,79,,4039,320,,,0,71,,4025,320,,,0,34,,4040,320,,,0,84,,4026,320,,,0,80,,4041,320,,,0,44,,4027,320,,,0,80,,4042,320,,,0,90,,4028,320,,,0,81,,4043,320,,,0,36,,4029,320,,,0,76,,4044,320,,,0,32,,4030,320,,,0,72,,4045,320,,,0,111,,4031,320,,,0
2000002500,'Samedi-01',529,,2121,270,,,0,26,,2090,320,,,0,76,,2106,320,,,0,83,,2091,320,,,0,27,,2107,320,,,0,77,,2092,320,,,0,40,,2108,320,,,0,80,,2093,320,,,0,70,,2109,320,,,0,40,,2094,320,,,0,80,,2110,320,,,0,77,,2095,320,,,0,30,,2089,320,,,0,73,,2096,320,,,0,41,,2111,320,,,0,78,,2097,320,,,0,86,,2112,320,,,0,45,,2098,320,,,0,79,,2113,320,,,0,71,,2099,320,,,0,34,,2114,320,,,0,84,,2100,320,,,0,80,,2115,320,,,0,44,,2101,320,,,0,80,,2116,320,,,0,90,,2102,320,,,0,81,,2117,320,,,0,36,,2103,320,,,0,76,,2118,320,,,0,32,,2104,320,,,0,72,,2119,320,,,0,111,,2105,320,,,0
2000002500,'Semaine-01',602,,2123,270,,,0,36,,2124,320,,,0,80,,2125,320,,,0,40,,2122,320,,,0,80,,2126,320,,,0,80,,2127,320,,,0,40,,2128,320,,,0,80,,2129,320,,,0,81,,2130,320,,,0,82,,2131,320,,,0,43,,2132,320,,,0,83,,2133,320,,,0,83,,2134,320,,,0,42,,2135,320,,,0,82,,2136,320,,,0,85,,2137,320,,,0,85,,2138,320,,,0,46,,2139,320,,,0,85,,2140,320,,,0,85,,2141,320,,,0,82,,2142,320,,,0,42,,2143,320,,,0,79,,2144,320,,,0,80,,2145,320,,,0,40,,2146,320,,,0,80,,2147,320,,,0,80,,2148,320,,,0,40,,2149,320,,,0,60,,2150,320,,,0,30,,2151,320,,,0
2000002500,'Semaine-02',602,,4049,270,,,0,36,,4050,320,,,0,80,,4051,320,,,0,40,,4048,320,,,0,80,,4052,320,,,0,80,,4053,320,,,0,40,,4054,320,,,0,80,,4055,320,,,0,81,,4056,320,,,0,82,,4057,320,,,0,43,,4058,320,,,0,83,,4059,320,,,0,83,,4060,320,,,0,42,,4061,320,,,0,82,,4062,320,,,0,85,,4063,320,,,0,85,,4064,320,,,0,46,,4065,320,,,0,85,,4066,320,,,0,85,,4067,320,,,0,82,,4068,320,,,0,42,,4069,320,,,0,79,,4070,320,,,0,80,,4071,320,,,0,40,,4072,320,,,0,80,,4073,320,,,0,80,,4074,320,,,0,40,,4075,320,,,0,60,,4076,320,,,0,30,,4077,320,,,0
2000002500,'Semaine-03',602,,4080,270,,,0,36,,4081,320,,,0,80,,4082,320,,,0,40,,4079,320,,,0,80,,4083,320,,,0,80,,4084,320,,,0,40,,4085,320,,,0,80,,4086,320,,,0,81,,4087,320,,,0,82,,4088,320,,,0,43,,4089,320,,,0,83,,4090,320,,,0,83,,4091,320,,,0,42,,4092,320,,,0,82,,4093,320,,,0,85,,4094,320,,,0,85,,4095,320,,,0,46,,4096,320,,,0,85,,4097,320,,,0,85,,4098,320,,,0,82,,4099,320,,,0,42,,4100,320,,,0,79,,4101,320,,,0,80,,4102,320,,,0,40,,4103,320,,,0,80,,4104,320,,,0,80,,4105,320,,,0,40,,4106,320,,,0,60,,4107,320,,,0,30,,4108,320,,,0
