3100,'Dimanche-01',717,,492,270,,,0,217,,493,270,,,0,278,,491,270,,,0,123,,484,270,,,0,120,,485,270,,,0,158,,486,270,,,0,118,,487,270,,,0,119,,488,270,,,0,167,,489,270,,,0,221,,483,270,,,0,215,,490,270,,,0
3100,'Fête-1-01',606,,3034,270,,,0,43,,3045,270,,,0,203,,3046,270,,,0,165,,3043,270,,,0,124,,3033,270,,,0,164,,3044,270,,,0,124,,3035,270,,,0,124,,3036,270,,,0,164,,3037,270,,,0,124,,3038,270,,,0,164,,3039,270,,,0,27,,3040,270,,,0,216,,3041,270,,,0,255,,3042,270,,,0
3100,'Samedi-01',606,,537,270,,,0,43,,548,270,,,0,203,,549,270,,,0,165,,546,270,,,0,124,,536,270,,,0,164,,547,270,,,0,124,,538,270,,,0,124,,539,270,,,0,164,,540,270,,,0,124,,541,270,,,0,164,,542,270,,,0,27,,543,270,,,0,216,,544,270,,,0,255,,545,270,,,0
3100,'Semaine-01',613,,574,270,,,0,40,,550,270,,,0,80,,560,270,,,0,80,,575,270,,,0,40,,569,270,,,0,80,,570,270,,,0,80,,571,270,,,0,41,,577,270,,,0,83,,572,270,,,0,83,,573,270,,,0,83,,551,270,,,0,43,,552,270,,,0,82,,553,270,,,0,82,,554,270,,,0,45,,555,270,,,0,85,,556,270,,,0,86,,557,270,,,0,85,,558,270,,,0,44,,559,270,,,0,82,,561,270,,,0,82,,562,270,,,0,39,,563,270,,,0,80,,564,270,,,0,80,,565,270,,,0,40,,566,270,,,0,80,,567,270,,,0,80,,568,270,,,0,121,,576,270,0,5 6,0
3100,'Semaine-02',607,,3071,270,,,0,41,,3047,270,,,0,81,,3057,270,,,0,82,,3072,270,,,0,42,,3066,270,,,0,82,,3067,270,,,0,82,,3068,270,,,0,42,,3074,270,,,0,85,,3069,270,,,0,83,,3070,270,,,0,83,,3048,270,,,0,43,,3049,270,,,0,83,,3050,270,,,0,84,,3051,270,,,0,86,,3052,270,,,0,48,,3053,270,,,0,86,,3054,270,,,0,85,,3055,270,,,0,81,,3056,270,,,0,40,,3058,270,,,0,81,,3059,270,,,0,80,,3060,270,,,0,41,,3061,270,,,0,81,,3062,270,,,0,80,,3063,270,,,0,40,,3064,270,,,0,80,,3065,270,,,0,111,,3073,270,0,5 6,0
3100,'Semaine-03',613,,3099,270,,,0,40,,3075,270,,,0,80,,3085,270,,,0,80,,3100,270,,,0,40,,3094,270,,,0,80,,3095,270,,,0,80,,3096,270,,,0,41,,3102,270,,,0,83,,3097,270,,,0,83,,3098,270,,,0,83,,3076,270,,,0,43,,3077,270,,,0,82,,3078,270,,,0,82,,3079,270,,,0,45,,3080,270,,,0,85,,3081,270,,,0,86,,3082,270,,,0,85,,3083,270,,,0,44,,3084,270,,,0,82,,3086,270,,,0,82,,3087,270,,,0,39,,3088,270,,,0,80,,3089,270,,,0,80,,3090,270,,,0,40,,3091,270,,,0,80,,3092,270,,,0,80,,3093,270,,,0,121,,3101,270,0,5 6,0
3300,'Dimanche-01',542,,682,70,,,0,82,,680,70,,,0,90,,691,70,,,0,41,,701,70,,,0,83,,703,70,,,0,93,,704,70,,,0,80,,705,70,,,0,40,,706,70,,,0,80,,707,70,,,0,80,,683,70,,,0,40,,684,70,,,0,79,,685,70,,,0,80,,686,70,,,0,40,,687,70,,,0,79,,688,70,,,0,79,,689,70,,,0,39,,690,70,,,0,79,,692,70,,,0,79,,693,70,,,0,40,,694,70,,,0,87,,695,70,,,0,85,,696,70,,,0,86,,697,70,,,0,47,,698,70,,,0,86,,699,70,,,0,83,,700,70,,,0,88,,681,70,,,0,43,,702,70,,,0,159,,708,70,0,8 6,0
3300,'Fête-1-01',602,,3181,70,,,0,41,,3179,70,,,0,81,,3190,70,,,0,82,,3200,70,,,0,42,,3202,70,,,0,84,,3203,70,,,0,81,,3204,70,,,0,42,,3205,70,,,0,82,,3206,70,,,0,82,,3182,70,,,0,82,,3183,70,,,0,42,,3184,70,,,0,82,,3185,70,,,0,82,,3186,70,,,0,42,,3187,70,,,0,82,,3188,70,,,0,82,,3189,70,,,0,45,,3191,70,,,0,79,,3192,70,,,0,82,,3193,70,,,0,82,,3194,70,,,0,39,,3195,70,,,0,82,,3196,70,,,0,81,,3197,70,,,0,42,,3198,70,,,0,83,,3199,70,,,0,86,,3201,70,,,0,86,,3180,70,,,0,113,,3207,70,0,8 6,0
3300,'Samedi-01',602,,769,70,,,0,41,,767,70,,,0,81,,778,70,,,0,82,,788,70,,,0,42,,790,70,,,0,84,,791,70,,,0,81,,792,70,,,0,42,,793,70,,,0,82,,794,70,,,0,82,,770,70,,,0,82,,771,70,,,0,42,,772,70,,,0,82,,773,70,,,0,82,,774,70,,,0,42,,775,70,,,0,82,,776,70,,,0,82,,777,70,,,0,45,,779,70,,,0,79,,780,70,,,0,82,,781,70,,,0,82,,782,70,,,0,39,,783,70,,,0,82,,784,70,,,0,81,,785,70,,,0,42,,786,70,,,0,83,,787,70,,,0,86,,789,70,,,0,86,,768,70,,,0,113,,795,70,0,8 6,0
3300,'Semaine-01',609,,796,70,,,0,40,,824,70,,,0,80,,805,70,,,0,80,,815,70,,,0,40,,818,70,,,0,80,,819,70,,,0,80,,820,70,,,0,41,,821,70,,,0,81,,822,70,,,0,83,,797,70,,,0,43,,798,70,,,0,83,,799,70,,,0,82,,800,70,,,0,82,,801,70,,,0,45,,802,70,,,0,85,,803,70,,,0,85,,804,70,,,0,85,,806,70,,,0,45,,807,70,,,0,83,,808,70,,,0,82,,809,70,,,0,40,,810,70,,,0,80,,811,70,,,0,80,,812,70,,,0,40,,813,70,,,0,80,,814,70,,,0,80,,816,70,,,0,40,,817,70,,,0,96,,823,20,0,8 6,0
3300,'Semaine-02',604,,3208,70,,,0,41,,3236,70,,,0,81,,3217,70,,,0,82,,3227,70,,,0,42,,3230,70,,,0,82,,3231,70,,,0,82,,3232,70,,,0,42,,3233,70,,,0,83,,3234,70,,,0,83,,3209,70,,,0,83,,3210,70,,,0,43,,3211,70,,,0,83,,3212,70,,,0,84,,3213,70,,,0,86,,3214,70,,,0,47,,3215,70,,,0,86,,3216,70,,,0,85,,3218,70,,,0,82,,3219,70,,,0,41,,3220,70,,,0,81,,3221,70,,,0,81,,3222,70,,,0,41,,3223,70,,,0,81,,3224,70,,,0,80,,3225,70,,,0,40,,3226,70,,,0,80,,3228,70,,,0,80,,3229,70,,,0,45,,3235,20,0,8 6,0
3300,'Semaine-03',609,,3237,70,,,0,40,,3265,70,,,0,80,,3246,70,,,0,80,,3256,70,,,0,40,,3259,70,,,0,80,,3260,70,,,0,80,,3261,70,,,0,41,,3262,70,,,0,81,,3263,70,,,0,83,,3238,70,,,0,43,,3239,70,,,0,83,,3240,70,,,0,82,,3241,70,,,0,82,,3242,70,,,0,45,,3243,70,,,0,85,,3244,70,,,0,85,,3245,70,,,0,85,,3247,70,,,0,45,,3248,70,,,0,83,,3249,70,,,0,82,,3250,70,,,0,40,,3251,70,,,0,80,,3252,70,,,0,80,,3253,70,,,0,40,,3254,70,,,0,80,,3255,70,,,0,80,,3257,70,,,0,40,,3258,70,,,0,96,,3264,20,0,8 6,0
