2400,'Semaine-01',601,,322,60,,,0,22,,323,60,,,0,33,,324,60,,,0,92,,326,60,,,0,74,,327,60,,,0,80,,325,60,,,0
2400,'Semaine-02',545,,2866,60,,,0,78,,2867,60,,,0,80,,2868,60,,,0,42,,2869,60,,,0,82,,2870,60,,,0
2400,'Semaine-03',601,,2871,60,,,0,22,,2872,60,,,0,33,,2873,60,,,0,92,,2875,60,,,0,74,,2876,60,,,0,80,,2874,60,,,0
2501,'Semaine-01',1618,,355,400,,,0,40,,356,400,,,0,73,,357,400,,,0,79,,358,400,,,0,40,,359,400,,,0,68,,360,400,,,0
2501,'Semaine-02',1618,,2899,400,,,0,40,,2900,400,,,0,73,,2901,400,,,0,79,,2902,400,,,0,35,,2903,400,,,0,73,,2904,400,,,0
2501,'Semaine-03',1618,,2905,400,,,0,40,,2906,400,,,0,73,,2907,400,,,0,79,,2908,400,,,0,40,,2909,400,,,0,68,,2910,400,,,0
2600,'Semaine-01',451,,363,110,,,0
2600,'Semaine-02',451,,2911,110,,,0
2600,'Semaine-03',451,,2913,110,,,0
2000002500,'Dimanche-01',541,,1991,250,,,0,87,,1993,300,,,0,78,,1994,300,,,0,35,,1995,300,,,0,68,,1996,300,,,0,34,,1997,300,,,0,78,,1998,300,,,0,37,,1999,300,,,0,76,,2000,300,,,0,72,,2001,300,,,0,45,,2002,300,,,0,85,,2003,300,,,0,95,,2004,300,,,0,23,,2005,300,,,0,62,,2006,300,,,0,85,,2007,300,,,0,40,,2008,300,,,0,80,,2009,300,,,0,80,,2010,300,,,0,35,,2011,300,,,0,81,,2012,300,,,0,39,,2013,300,,,0,80,,2014,300,,,0,70,,2015,300,,,0,35,,2016,300,,,0,75,,2017,300,,,0,35,,2018,300,,,0,75,,2019,300,,,0,75,,2020,300,,,0,30,,2021,300,,,0,75,,2022,300,,,0,35,,2023,300,,,0,76,,2024,300,,,0
2000002500,'Fête-1-01',528,,4047,250,,,0,26,,4016,300,,,0,76,,4032,300,,,0,83,,4017,300,,,0,27,,4033,300,,,0,77,,4018,300,,,0,40,,4034,300,,,0,80,,4019,300,,,0,70,,4035,300,,,0,40,,4020,300,,,0,80,,4036,300,,,0,77,,4021,300,,,0,30,,4015,300,,,0,73,,4022,300,,,0,41,,4037,300,,,0,78,,4023,300,,,0,86,,4038,300,,,0,45,,4024,300,,,0,79,,4039,300,,,0,71,,4025,300,,,0,34,,4040,300,,,0,84,,4026,300,,,0,80,,4041,300,,,0,44,,4027,300,,,0,80,,4042,300,,,0,90,,4028,300,,,0,81,,4043,300,,,0,36,,4029,300,,,0,76,,4044,300,,,0,32,,4030,300,,,0,72,,4045,300,,,0,111,,4031,300,,,0
2000002500,'Samedi-01',528,,2121,250,,,0,26,,2090,300,,,0,76,,2106,300,,,0,83,,2091,300,,,0,27,,2107,300,,,0,77,,2092,300,,,0,40,,2108,300,,,0,80,,2093,300,,,0,70,,2109,300,,,0,40,,2094,300,,,0,80,,2110,300,,,0,77,,2095,300,,,0,30,,2089,300,,,0,73,,2096,300,,,0,41,,2111,300,,,0,78,,2097,300,,,0,86,,2112,300,,,0,45,,2098,300,,,0,79,,2113,300,,,0,71,,2099,300,,,0,34,,2114,300,,,0,84,,2100,300,,,0,80,,2115,300,,,0,44,,2101,300,,,0,80,,2116,300,,,0,90,,2102,300,,,0,81,,2117,300,,,0,36,,2103,300,,,0,76,,2118,300,,,0,32,,2104,300,,,0,72,,2119,300,,,0,111,,2105,300,,,0
2000002500,'Semaine-01',601,,2123,250,,,0,36,,2124,300,,,0,80,,2125,300,,,0,40,,2122,300,,,0,80,,2126,300,,,0,80,,2127,300,,,0,40,,2128,300,,,0,80,,2129,300,,,0,81,,2130,300,,,0,82,,2131,300,,,0,43,,2132,300,,,0,83,,2133,300,,,0,83,,2134,300,,,0,42,,2135,300,,,0,82,,2136,300,,,0,85,,2137,300,,,0,85,,2138,300,,,0,46,,2139,300,,,0,85,,2140,300,,,0,85,,2141,300,,,0,82,,2142,300,,,0,42,,2143,300,,,0,79,,2144,300,,,0,80,,2145,300,,,0,40,,2146,300,,,0,80,,2147,300,,,0,80,,2148,300,,,0,40,,2149,300,,,0,60,,2150,300,,,0,30,,2151,300,,,0
2000002500,'Semaine-02',601,,4049,250,,,0,36,,4050,300,,,0,80,,4051,300,,,0,40,,4048,300,,,0,80,,4052,300,,,0,80,,4053,300,,,0,40,,4054,300,,,0,80,,4055,300,,,0,81,,4056,300,,,0,82,,4057,300,,,0,43,,4058,300,,,0,83,,4059,300,,,0,83,,4060,300,,,0,42,,4061,300,,,0,82,,4062,300,,,0,85,,4063,300,,,0,85,,4064,300,,,0,46,,4065,300,,,0,85,,4066,300,,,0,85,,4067,300,,,0,82,,4068,300,,,0,42,,4069,300,,,0,79,,4070,300,,,0,80,,4071,300,,,0,40,,4072,300,,,0,80,,4073,300,,,0,80,,4074,300,,,0,40,,4075,300,,,0,60,,4076,300,,,0,30,,4077,300,,,0
2000002500,'Semaine-03',601,,4080,250,,,0,36,,4081,300,,,0,80,,4082,300,,,0,40,,4079,300,,,0,80,,4083,300,,,0,80,,4084,300,,,0,40,,4085,300,,,0,80,,4086,300,,,0,81,,4087,300,,,0,82,,4088,300,,,0,43,,4089,300,,,0,83,,4090,300,,,0,83,,4091,300,,,0,42,,4092,300,,,0,82,,4093,300,,,0,85,,4094,300,,,0,85,,4095,300,,,0,46,,4096,300,,,0,85,,4097,300,,,0,85,,4098,300,,,0,82,,4099,300,,,0,42,,4100,300,,,0,79,,4101,300,,,0,80,,4102,300,,,0,40,,4103,300,,,0,80,,4104,300,,,0,80,,4105,300,,,0,40,,4106,300,,,0,60,,4107,300,,,0,30,,4108,300,,,0
