2000,'Dimanche-01',714,,146,440,,,0,124,,147,440,,,0,166,,148,440,,,0,125,,149,440,,,0,125,,150,440,,,0,164,,151,440,,,0,125,,152,440,,,0,165,,153,440,,,0
2000,'Fête-1-01',714,,2722,440,,,0,124,,2723,440,,,0,166,,2724,440,,,0,125,,2725,440,,,0,125,,2726,440,,,0,164,,2727,440,,,0,125,,2728,440,,,0,165,,2729,440,,,0
2000,'Samedi-01',714,,171,440,,,0,124,,172,440,,,0,166,,173,440,,,0,125,,174,440,,,0,125,,175,440,,,0,164,,176,440,,,0,125,,177,440,,,0,165,,178,440,,,0
2000,'Semaine-01',657,,179,430,,,0,165,,180,430,,,0,125,,181,430,,,0,166,,182,430,,,0,126,,183,430,,,0,165,,184,430,,,0,126,,185,430,,,0,126,,186,430,,,0,166,,187,430,,,0
2000,'Semaine-01-0001100',1947,,189,430,,,0,164,,188,430,,,0
2000,'Semaine-02',657,,2730,430,,,0,165,,2731,430,,,0,125,,2732,430,,,0,166,,2733,430,,,0,126,,2734,430,,,0,165,,2735,430,,,0,126,,2736,430,,,0,126,,2737,430,,,0,166,,2738,430,,,0
2000,'Semaine-02-0001100',1947,,2740,430,,,0,164,,2739,430,,,0
2000,'Semaine-03',657,,2741,430,,,0,165,,2742,430,,,0,125,,2743,430,,,0,166,,2744,430,,,0,126,,2745,430,,,0,165,,2746,430,,,0,126,,2747,430,,,0,126,,2748,430,,,0,166,,2749,430,,,0
2000,'Semaine-03-0001100',1947,,2751,430,,,0,164,,2750,430,,,0
2000002000,'Dimanche-01',542,,1318,120,0,11 13,0,170,,1319,120,0,11 13,0,44,,1330,150,,,0,86,,1320,120,0,11 13,0,84,,1331,150,,,0,86,,1321,120,0,11 13,0,45,,1332,150,,,0,86,,1322,120,0,11 13,0,85,,1333,150,,,0,85,,1323,120,0,11 13,0,45,,1334,150,,,0,85,,1324,120,0,11 13,0,85,,1335,150,,,0,85,,1325,120,0,11 13,0,45,,1336,150,,,0,85,,1326,120,0,11 13,0,85,,1337,150,,,0,85,,1327,120,0,11 13,0,44,,1338,150,,,0,86,,1328,120,0,11 13,0,84,,1339,150,,,0,86,,1329,120,0,11 13,0,44,,1340,150,,,0,170,,1341,150,,,0
2000002000,'Fête-1-01',542,,3610,120,0,11 13,0,170,,3611,120,0,11 13,0,44,,3622,150,,,0,86,,3612,120,0,11 13,0,84,,3623,150,,,0,86,,3613,120,0,11 13,0,45,,3624,150,,,0,86,,3614,120,0,11 13,0,85,,3625,150,,,0,85,,3615,120,0,11 13,0,45,,3626,150,,,0,85,,3616,120,0,11 13,0,85,,3627,150,,,0,85,,3617,120,0,11 13,0,45,,3628,150,,,0,85,,3618,120,0,11 13,0,85,,3629,150,,,0,85,,3619,120,0,11 13,0,44,,3630,150,,,0,86,,3620,120,0,11 13,0,84,,3631,150,,,0,86,,3621,120,0,11 13,0,44,,3632,150,,,0,170,,3633,150,,,0
2000002000,'Samedi-01',542,,1397,120,0,11 13,0,170,,1398,120,0,11 13,0,44,,1409,150,,,0,86,,1399,120,0,11 13,0,84,,1410,150,,,0,86,,1400,120,0,11 13,0,45,,1411,150,,,0,86,,1401,120,0,11 13,0,85,,1412,150,,,0,85,,1402,120,0,11 13,0,45,,1413,150,,,0,85,,1403,120,0,11 13,0,85,,1414,150,,,0,85,,1404,120,0,11 13,0,45,,1415,150,,,0,85,,1405,120,0,11 13,0,85,,1416,150,,,0,85,,1406,120,0,11 13,0,44,,1417,150,,,0,86,,1407,120,0,11 13,0,84,,1418,150,,,0,86,,1408,120,0,11 13,0,44,,1419,150,,,0,170,,1420,150,,,0
2000002000,'Semaine-01',447,,1422,120,0,11 13,0,79,,1421,120,0,11 13,0,24,,1423,170,0,11 13,0,65,,1424,120,0,11 13,0,40,,1440,170,,,0,98,,1441,170,,,0,61,,1442,150,,,0,99,,1427,120,0,11 13,0,31,,1443,150,,,0,69,,1428,120,0,11 13,0,34,,1444,150,,,0,66,,1429,120,0,11 13,0,34,,1445,150,,,0,61,,1430,120,0,11 13,0,34,,1446,150,,,0,61,,1431,120,0,11 13,0,43,,1447,150,,,0,67,,1432,120,0,11 13,0,42,,1448,170,,,0,63,,1433,170,0,11 13,0,25,,1449,150,,,0,70,,1434,120,0,11 13,0,36,,1450,170,,,0,98,,1451,150,,,0,100,,1438,150,,,0,74,,1437,150,,,0,93,,1436,150,,,0,93,,1435,150,,,0,50,,1439,120,0,11 13,0,73,,1426,150,,,0,179,,1425,150,,,0
2000002000,'Semaine-02',447,,3635,120,0,11 13,0,79,,3634,120,0,11 13,0,24,,3636,170,0,11 13,0,65,,3637,120,0,11 13,0,40,,3653,170,,,0,98,,3654,170,,,0,61,,3655,150,,,0,99,,3640,120,0,11 13,0,31,,3656,150,,,0,69,,3641,120,0,11 13,0,34,,3657,150,,,0,66,,3642,120,0,11 13,0,34,,3658,150,,,0,61,,3643,120,0,11 13,0,34,,3659,150,,,0,61,,3644,120,0,11 13,0,43,,3660,150,,,0,67,,3645,120,0,11 13,0,42,,3661,170,,,0,63,,3646,170,0,11 13,0,25,,3662,150,,,0,70,,3647,120,0,11 13,0,36,,3663,170,,,0,98,,3664,150,,,0,100,,3651,150,,,0,74,,3650,150,,,0,93,,3649,150,,,0,93,,3648,150,,,0,50,,3652,120,0,11 13,0,73,,3639,150,,,0,179,,3638,150,,,0
2000002000,'Semaine-03',447,,3666,120,0,11 13,0,79,,3665,120,0,11 13,0,24,,3667,170,0,11 13,0,65,,3668,120,0,11 13,0,40,,3684,170,,,0,98,,3685,170,,,0,61,,3686,150,,,0,99,,3671,120,0,11 13,0,31,,3687,150,,,0,69,,3672,120,0,11 13,0,34,,3688,150,,,0,66,,3673,120,0,11 13,0,34,,3689,150,,,0,61,,3674,120,0,11 13,0,34,,3690,150,,,0,61,,3675,120,0,11 13,0,43,,3691,150,,,0,67,,3676,120,0,11 13,0,42,,3692,170,,,0,63,,3677,170,0,11 13,0,25,,3693,150,,,0,70,,3678,120,0,11 13,0,36,,3694,170,,,0,98,,3695,150,,,0,100,,3682,150,,,0,74,,3681,150,,,0,93,,3680,150,,,0,93,,3679,150,,,0,50,,3683,120,0,11 13,0,73,,3670,150,,,0,179,,3669,150,,,0
