101,'Dimanche-01',758,,73,520,,,0,246,,74,520,,,0,131,,75,520,,,0,173,,76,520,,,0,127,,77,520,,,0,120,,78,520,,,0,160,,79,520,,,0,120,,80,520,,,0,117,,81,520,,,0,174,,82,520,,,0,114,,83,520,,,0,113,,84,520,,,0
101,'Fête-1-01',758,,2674,520,,,0,246,,2675,520,,,0,131,,2676,520,,,0,173,,2677,520,,,0,127,,2678,520,,,0,120,,2679,520,,,0,160,,2680,520,,,0,120,,2681,520,,,0,117,,2682,520,,,0,174,,2683,520,,,0,114,,2684,520,,,0,113,,2685,520,,,0
101,'Samedi-01',758,,115,520,,,0,246,,116,520,,,0,131,,117,520,,,0,173,,118,520,,,0,127,,119,520,,,0,120,,120,520,,,0,160,,121,520,,,0,120,,122,520,,,0,117,,123,520,,,0,174,,124,520,,,0,114,,125,520,,,0,113,,126,520,,,0
101,'Semaine-01',658,,127,520,,,0,101,,136,520,,,0,70,,138,520,,,0,90,,139,520,,,0,110,,140,520,,,0,105,,141,520,,,0,95,,143,520,,,0,105,,142,520,,,0,106,,144,520,,,0,81,,128,520,,,0,105,,129,520,,,0,96,,130,520,,,0,105,,131,520,,,0,74,,132,520,,,0,103,,133,520,,,0,43,,134,520,,,0,173,,135,520,,,0,134,,137,520,,,0
101,'Semaine-02',653,,2686,520,,,0,101,,2695,520,,,0,70,,2697,520,,,0,100,,2698,520,,,0,105,,2699,520,,,0,95,,2700,520,,,0,100,,2702,520,,,0,100,,2701,520,,,0,111,,2703,520,,,0,86,,2687,520,,,0,110,,2688,520,,,0,91,,2689,520,,,0,105,,2690,520,,,0,29,,2691,520,,,0,69,,2692,520,,,0,108,,2693,520,,,0,182,,2694,520,,,0,189,,2696,520,,,0
101,'Semaine-03',658,,2704,520,,,0,101,,2713,520,,,0,70,,2715,520,,,0,90,,2716,520,,,0,110,,2717,520,,,0,105,,2718,520,,,0,95,,2720,520,,,0,105,,2719,520,,,0,106,,2721,520,,,0,81,,2705,520,,,0,105,,2706,520,,,0,96,,2707,520,,,0,105,,2708,520,,,0,74,,2709,520,,,0,103,,2710,520,,,0,43,,2711,520,,,0,173,,2712,520,,,0,134,,2714,520,,,0
2001,'Dimanche-01',730,,190,20,,,0,124,,191,20,,,0,166,,192,20,,,0,125,,193,20,,,0,165,,194,20,,,0,125,,195,20,,,0,165,,196,20,,,0,125,,197,20,,,0
2001,'Fête-1-01',730,,2752,20,,,0,124,,2753,20,,,0,166,,2754,20,,,0,125,,2755,20,,,0,165,,2756,20,,,0,125,,2757,20,,,0,165,,2758,20,,,0,125,,2759,20,,,0
2001,'Samedi-01',730,,215,20,,,0,124,,216,20,,,0,166,,217,20,,,0,125,,218,20,,,0,165,,219,20,,,0,125,,220,20,,,0,165,,221,20,,,0,125,,222,20,,,0
2001,'Semaine-01',715,,223,20,,,0,125,,224,20,,,0,165,,225,20,,,0,126,,226,20,,,0,126,,227,20,,,0,165,,228,20,,,0,126,,229,20,,,0,166,,230,20,,,0,126,,231,20,,,0
2001,'Semaine-01-0001100',2003,,233,20,,,0,124,,232,20,,,0
2001,'Semaine-02',715,,2760,20,,,0,125,,2761,20,,,0,165,,2762,20,,,0,126,,2763,20,,,0,126,,2764,20,,,0,165,,2765,20,,,0,126,,2766,20,,,0,166,,2767,20,,,0,126,,2768,20,,,0
2001,'Semaine-02-0001100',2003,,2770,20,,,0,124,,2769,20,,,0
2001,'Semaine-03',715,,2771,20,,,0,125,,2772,20,,,0,165,,2773,20,,,0,126,,2774,20,,,0,126,,2775,20,,,0,165,,2776,20,,,0,126,,2777,20,,,0,166,,2778,20,,,0,126,,2779,20,,,0
2001,'Semaine-03-0001100',2003,,2781,20,,,0,124,,2780,20,,,0
2801,'Semaine-01',1710,,443,410,0,7,0,39,,442,410,,,0,68,,444,410,0,7,0
2801,'Semaine-02',1655,,2980,410,0,7,0,99,,2979,410,,,0,67,,2981,410,0,7,0
2801,'Semaine-03',1710,,2994,410,0,7,0,39,,2993,410,,,0,68,,2995,410,0,7,0
