100,'Dimanche-01',640,,12,640,,,0,200,,1,640,,,0,167,,2,640,,,0,131,,3,640,,,0,165,,4,640,,,0,123,,5,640,,,0,118,,6,640,,,0,160,,7,640,,,0,123,,8,640,,,0,175,,9,640,,,0,115,,10,640,,,0,115,,11,640,,,0
100,'Fête-1-01',640,,2637,640,,,0,200,,2626,640,,,0,167,,2627,640,,,0,131,,2628,640,,,0,165,,2629,640,,,0,123,,2630,640,,,0,118,,2631,640,,,0,160,,2632,640,,,0,123,,2633,640,,,0,175,,2634,640,,,0,115,,2635,640,,,0,115,,2636,640,,,0
100,'Samedi-01',640,,54,640,,,0,200,,43,640,,,0,167,,44,640,,,0,131,,45,640,,,0,165,,46,640,,,0,123,,47,640,,,0,118,,48,640,,,0,160,,49,640,,,0,123,,50,640,,,0,175,,51,640,,,0,115,,52,640,,,0,115,,53,640,,,0
100,'Semaine-01',528,,55,640,,,0,104,,56,640,,,0,26,,57,640,,,0,82,,58,640,,,0,118,,59,640,,,0,144,,62,640,,,0,54,,71,640,,,0,101,,63,640,,,0,101,,72,640,,,0,78,,64,640,,,0,102,,65,640,,,0,100,,69,640,,,0,110,,66,640,,,0,75,,67,640,,,0,105,,60,640,,,0,92,,61,640,,,0,131,,70,640,,,0,184,,68,640,,,0
100,'Semaine-02',526,,2638,640,,,0,102,,2639,640,,,0,30,,2640,640,,,0,82,,2641,640,,,0,168,,2642,640,,,0,98,,2645,640,,,0,30,,2654,640,,,0,100,,2646,640,,,0,107,,2655,640,,,0,95,,2647,640,,,0,100,,2648,640,,,0,100,,2652,640,,,0,110,,2649,640,,,0,89,,2650,640,,,0,111,,2643,640,,,0,86,,2644,640,,,0,102,,2653,640,,,0,196,,2651,640,,,0
100,'Semaine-03',528,,2656,640,,,0,104,,2657,640,,,0,26,,2658,640,,,0,82,,2659,640,,,0,118,,2660,640,,,0,144,,2663,640,,,0,54,,2672,640,,,0,101,,2664,640,,,0,101,,2673,640,,,0,78,,2665,640,,,0,102,,2666,640,,,0,100,,2670,640,,,0,110,,2667,640,,,0,75,,2668,640,,,0,105,,2661,640,,,0,92,,2662,640,,,0,131,,2671,640,,,0,184,,2669,640,,,0
2100,'Semaine-01',547,,240,280,,,0,70,,241,280,,,0,30,,242,280,,,0,75,,243,280,,,0,30,,244,280,,,0,75,,245,280,,,0
2100,'Semaine-02',542,,2782,280,,,0,70,,2783,280,,,0,30,,2784,280,,,0,75,,2785,280,,,0,30,,2786,280,,,0,75,,2787,280,,,0
2100,'Semaine-03',547,,2788,280,,,0,70,,2789,280,,,0,30,,2790,280,,,0,75,,2791,280,,,0,30,,2792,280,,,0,75,,2793,280,,,0
2600,'Semaine-01',503,,363,270,,,0,17,,364,280,,,0
2600,'Semaine-02',503,,2911,270,,,0,17,,2912,280,,,0
2600,'Semaine-03',503,,2913,270,,,0,17,,2914,280,,,0
2800,'Semaine-01',521,,417,170,,,0,20,,416,170,,,0,15,,414,410,,,0,55,,428,170,,,0,15,,425,170,,,0,15,,413,450,,,0,10,,426,170,,,0,50,,415,410,,,0,11,,427,170,,,0,10,,418,170,,,0,10,,419,170,,,0,16,,420,170,,,0,55,,422,170,,,0,20,,423,170,,,0
2800,'Semaine-02',521,,2957,170,,,0,20,,2956,170,,,0,15,,2954,410,,,0,55,,2963,170,,,0,15,,2964,170,,,0,15,,2953,450,,,0,15,,2955,410,,,0,56,,2958,170,,,0,15,,2959,170,,,0,15,,2960,170,,,0,61,,2961,170,,,0,20,,2962,170,,,0
2800,'Semaine-03',521,,2969,170,,,0,20,,2968,170,,,0,15,,2966,410,,,0,55,,2978,170,,,0,15,,2975,170,,,0,15,,2965,450,,,0,10,,2976,170,,,0,50,,2967,410,,,0,11,,2977,170,,,0,10,,2970,170,,,0,10,,2971,170,,,0,16,,2972,170,,,0,55,,2973,170,,,0,20,,2974,170,,,0
3200,'Dimanche-01',618,,578,370,,,0,214,,583,370,,,0,223,,586,370,,,0,192,,587,370,,,0,159,,579,370,,,0,122,,589,370,,,0,120,,580,370,,,0,159,,582,370,,,0,118,,581,370,,,0,214,,584,370,,,0,216,,585,370,,,0
3200,'Fête-1-01',549,,3103,250,,,0,181,,3109,370,,,0,77,,3104,370,,,0,120,,3112,370,,,0,123,,3113,370,,,0,164,,3114,370,,,0,124,,3105,370,,,0,164,,3116,370,,,0,124,,3106,370,,,0,128,,3107,370,,,0,160,,3108,370,,,0,235,,3110,370,,,0,256,,3111,370,,,0
3200,'Samedi-01',549,,635,250,,,0,181,,641,370,,,0,77,,636,370,,,0,120,,644,370,,,0,123,,645,370,,,0,164,,646,370,,,0,124,,637,370,,,0,164,,648,370,,,0,124,,638,370,,,0,128,,639,370,,,0,160,,640,370,,,0,235,,642,370,,,0,256,,643,370,,,0
3200,'Semaine-01',645,,674,370,,,0,80,,649,370,,,0,80,,677,370,,,0,40,,660,370,,,0,80,,668,370,,,0,80,,669,370,,,0,41,,670,370,,,0,81,,671,370,,,0,83,,672,370,,,0,43,,673,370,,,0,83,,650,370,,,0,82,,651,370,,,0,82,,652,370,,,0,45,,676,370,,,0,60,,653,20,,,0,25,,654,370,,,0,21,,678,20,,,0,64,,655,370,,,0,20,,679,20,,,0,65,,656,370,,,0,45,,657,370,,,0,82,,658,370,,,0,83,,659,370,,,0,40,,661,370,,,0,80,,662,370,,,0,80,,663,370,,,0,40,,664,370,,,0,80,,665,370,,,0,80,,666,370,,,0,40,,667,370,,,0
3200,'Semaine-02',644,,3142,370,,,0,81,,3117,370,,,0,82,,3145,370,,,0,42,,3128,370,,,0,82,,3136,370,,,0,82,,3137,370,,,0,42,,3138,370,,,0,83,,3139,370,,,0,83,,3140,370,,,0,83,,3141,370,,,0,43,,3118,370,,,0,83,,3119,370,,,0,84,,3120,370,,,0,86,,3144,370,,,0,24,,3121,20,,,0,23,,3122,370,,,0,64,,3146,20,,,0,22,,3123,370,,,0,24,,3147,20,,,0,61,,3124,370,,,0,82,,3125,370,,,0,41,,3126,370,,,0,81,,3127,370,,,0,81,,3129,370,,,0,41,,3130,370,,,0,81,,3131,370,,,0,80,,3132,370,,,0,40,,3133,370,,,0,80,,3134,370,,,0,80,,3135,370,,,0
3200,'Semaine-03',645,,3173,370,,,0,80,,3148,370,,,0,80,,3176,370,,,0,40,,3159,370,,,0,80,,3167,370,,,0,80,,3168,370,,,0,41,,3169,370,,,0,81,,3170,370,,,0,83,,3171,370,,,0,43,,3172,370,,,0,83,,3149,370,,,0,82,,3150,370,,,0,82,,3151,370,,,0,45,,3175,370,,,0,60,,3152,20,,,0,25,,3153,370,,,0,21,,3177,20,,,0,64,,3154,370,,,0,20,,3178,20,,,0,65,,3155,370,,,0,45,,3156,370,,,0,82,,3157,370,,,0,83,,3158,370,,,0,40,,3160,370,,,0,80,,3161,370,,,0,80,,3162,370,,,0,40,,3163,370,,,0,80,,3164,370,,,0,80,,3165,370,,,0,40,,3166,370,,,0
11100,'Dimanche-01',826,,857,390,0,5 10,0,188,,856,390,0,5 10,0,290,,858,390,0,5 10,0,249,,859,390,0,5 10,0,305,,860,390,0,5 10,0
11100,'Fête-1-01',826,,3293,390,0,5 10,0,188,,3292,390,0,5 10,0,290,,3294,390,0,5 10,0,249,,3295,390,0,5 10,0,305,,3296,390,0,5 10,0
11100,'Samedi-01',826,,887,390,0,5 10,0,188,,886,390,0,5 10,0,290,,888,390,0,5 10,0,249,,889,390,0,5 10,0,305,,890,390,0,5 10,0
11100,'Semaine-01',538,,902,390,0,5 15,0,15,,896,390,0,5 10,0,60,,900,390,0,5 15,0,27,,903,390,0,5 15,0,6,,897,390,0,5 10,0,54,,901,390,0,5 15,0,31,,909,390,0,5 15,0,20,,904,390,0,5 15,0,5,,898,390,0,5 10,0,55,,911,390,0,5 15,0,40,,899,390,0,5 10,0,157,,912,390,0,5 10,0,35,,894,390,0,5 10,0,265,,895,390,0,5 10,0,341,,906,390,0,5 10,0,5,,905,320,0,5 15,0,94,,908,390,0,5 10,0,58,,907,320,0,5 15,0,336,,910,320,0,5 10,0
11100,'Semaine-02',538,,3304,390,0,5 14,0,70,,3302,390,0,5 14,0,33,,3305,390,0,5 14,0,70,,3303,390,0,5 14,0,30,,3309,390,0,5 14,0,70,,3310,390,0,5 14,0,30,,3301,390,0,5 10,0,106,,3311,390,0,5 10,0,96,,3315,390,0,5 10,0,273,,3300,390,0,5 10,0,401,,3306,390,0,5 14,0,23,,3308,390,0,5 14,0,71,,3307,390,0,5 14,0,331,,3314,320,0,5 10,0
11100,'Semaine-03',538,,3324,390,0,5 15,0,15,,3318,390,0,5 10,0,60,,3322,390,0,5 15,0,27,,3325,390,0,5 15,0,6,,3319,390,0,5 10,0,54,,3323,390,0,5 15,0,31,,3331,390,0,5 15,0,20,,3326,390,0,5 15,0,5,,3320,390,0,5 10,0,55,,3333,390,0,5 15,0,40,,3321,390,0,5 10,0,157,,3334,390,0,5 10,0,35,,3316,390,0,5 10,0,265,,3317,390,0,5 10,0,341,,3328,390,0,5 10,0,5,,3327,320,0,5 15,0,94,,3330,390,0,5 10,0,58,,3329,320,0,5 15,0,336,,3332,320,0,5 10,0
