2000002300,'Dimanche-01',550,,1719,110,,,0,79,,1721,110,,,0,74,,1722,110,,,0,101,,1723,110,,,0,41,,1724,110,,,0,75,,1725,110,,,0,107,,1726,110,,,0,97,,1727,110,,,0,95,,1728,110,,,0,82,,1729,110,,,0,37,,1730,110,,,0,83,,1731,110,,,0,79,,1732,110,,,0,42,,1733,110,,,0,78,,1734,110,,,0,80,,1735,110,,,0,39,,1736,110,,,0,82,,1737,110,,,0,36,,1738,110,,,0,146,,1739,110,,,0,109,,1740,110,,,0,112,,1741,110,,,0,104,,1742,110,,,0,111,,1743,110,,,0,102,,1720,110,,,0
2000002300,'Fête-1-01',552,,3847,110,,,0,83,,3849,110,,,0,81,,3850,110,,,0,35,,3851,110,,,0,87,,3852,110,,,0,84,,3853,110,,,0,81,,3854,110,,,0,53,,3855,110,,,0,90,,3856,110,,,0,85,,3857,110,,,0,79,,3858,110,,,0,41,,3859,110,,,0,83,,3860,110,,,0,85,,3861,110,,,0,39,,3862,110,,,0,85,,3863,110,,,0,83,,3864,110,,,0,80,,3865,110,,,0,40,,3866,110,,,0,85,,3867,110,,,0,87,,3868,110,,,0,104,,3869,110,,,0,80,,3870,110,,,0,32,,3871,110,,,0,104,,3872,110,,,0,111,,3873,110,,,0,96,,3848,110,,,0
2000002300,'Samedi-01',552,,1799,110,,,0,83,,1801,110,,,0,81,,1802,110,,,0,35,,1803,110,,,0,87,,1804,110,,,0,84,,1805,110,,,0,81,,1806,110,,,0,53,,1807,110,,,0,90,,1808,110,,,0,85,,1809,110,,,0,79,,1810,110,,,0,41,,1811,110,,,0,83,,1812,110,,,0,85,,1813,110,,,0,39,,1814,110,,,0,85,,1815,110,,,0,83,,1816,110,,,0,80,,1817,110,,,0,40,,1818,110,,,0,85,,1819,110,,,0,87,,1820,110,,,0,104,,1821,110,,,0,80,,1822,110,,,0,32,,1823,110,,,0,104,,1824,110,,,0,111,,1825,110,,,0,96,,1800,110,,,0
2000002300,'Semaine-01',559,,1826,110,,,0,80,,1827,110,,,0,80,,1851,110,,,0,81,,1852,110,,,0,39,,1828,110,,,0,80,,1850,110,,,0,40,,1848,110,,,0,81,,1847,110,,,0,82,,1849,110,,,0,83,,1846,110,,,0,43,,1843,110,,,0,83,,1845,110,,,0,82,,1844,110,,,0,42,,1842,110,,,0,85,,1841,110,,,0,85,,1840,110,,,0,86,,1839,110,,,0,45,,1838,110,,,0,85,,1837,110,,,0,82,,1836,110,,,0,82,,1835,110,,,0,39,,1834,110,,,0,80,,1833,110,,,0,80,,1832,110,,,0,40,,1831,110,,,0,80,,1830,110,,,0,80,,1829,110,,,0,121,,1853,110,,,0
2000002300,'Semaine-02',559,,3874,110,,,0,80,,3875,110,,,0,80,,3899,110,,,0,81,,3900,110,,,0,39,,3876,110,,,0,80,,3898,110,,,0,40,,3896,110,,,0,81,,3895,110,,,0,82,,3897,110,,,0,83,,3894,110,,,0,43,,3891,110,,,0,83,,3893,110,,,0,82,,3892,110,,,0,42,,3890,110,,,0,85,,3889,110,,,0,85,,3888,110,,,0,86,,3887,110,,,0,45,,3886,110,,,0,85,,3885,110,,,0,82,,3884,110,,,0,82,,3883,110,,,0,39,,3882,110,,,0,80,,3881,110,,,0,80,,3880,110,,,0,40,,3879,110,,,0,80,,3878,110,,,0,80,,3877,110,,,0,121,,3901,110,,,0
2000002300,'Semaine-03',559,,3902,110,,,0,80,,3903,110,,,0,80,,3927,110,,,0,81,,3928,110,,,0,39,,3904,110,,,0,80,,3926,110,,,0,40,,3924,110,,,0,81,,3923,110,,,0,82,,3925,110,,,0,83,,3922,110,,,0,43,,3919,110,,,0,83,,3921,110,,,0,82,,3920,110,,,0,42,,3918,110,,,0,85,,3917,110,,,0,85,,3916,110,,,0,86,,3915,110,,,0,45,,3914,110,,,0,85,,3913,110,,,0,82,,3912,110,,,0,82,,3911,110,,,0,39,,3910,110,,,0,80,,3909,110,,,0,80,,3908,110,,,0,40,,3907,110,,,0,80,,3906,110,,,0,80,,3905,110,,,0,121,,3929,110,,,0
2000002301,'Dimanche-01',615,,1854,110,,,0,34,,1864,110,,,0,80,,1859,110,,,0,101,,1869,110,,,0,76,,1865,110,,,0,40,,1858,110,,,0,107,,1860,110,,,0,97,,1861,110,,,0,95,,1868,110,,,0,75,,1862,110,,,0,84,,1857,110,,,0,38,,1870,110,,,0,84,,1863,110,,,0,77,,1867,110,,,0,43,,1866,110,,,0,79,,1856,110,,,0,80,,1871,110,,,0,37,,1872,110,,,0,81,,1877,110,,,0,106,,1874,110,,,0,109,,1873,110,,,0,112,,1878,110,,,0,104,,1876,110,,,0,151,,1875,110,,,0,102,,1855,110,,,0
2000002301,'Fête-1-01',618,,3930,110,,,0,83,,3940,110,,,0,36,,3935,110,,,0,75,,3946,110,,,0,92,,3941,110,,,0,40,,3934,110,,,0,85,,3943,110,,,0,88,,3936,110,,,0,95,,3937,110,,,0,40,,3945,110,,,0,84,,3938,110,,,0,76,,3933,110,,,0,88,,3947,110,,,0,40,,3939,110,,,0,84,,3944,110,,,0,80,,3942,110,,,0,48,,3932,110,,,0,75,,3948,110,,,0,85,,3949,110,,,0,40,,3954,110,,,0,92,,3951,110,,,0,104,,3950,110,,,0,72,,3955,110,,,0,80,,3956,110,,,0,104,,3953,110,,,0,111,,3952,110,,,0,96,,3931,110,,,0
2000002301,'Samedi-01',618,,1935,110,,,0,83,,1945,110,,,0,36,,1940,110,,,0,75,,1951,110,,,0,92,,1946,110,,,0,40,,1939,110,,,0,85,,1948,110,,,0,88,,1941,110,,,0,95,,1942,110,,,0,40,,1950,110,,,0,84,,1943,110,,,0,76,,1938,110,,,0,88,,1952,110,,,0,40,,1944,110,,,0,84,,1949,110,,,0,80,,1947,110,,,0,48,,1937,110,,,0,75,,1953,110,,,0,85,,1954,110,,,0,40,,1959,110,,,0,92,,1956,110,,,0,104,,1955,110,,,0,72,,1960,110,,,0,80,,1961,110,,,0,104,,1958,110,,,0,111,,1957,110,,,0,96,,1936,110,,,0
2000002301,'Semaine-01',625,,1990,110,,,0,80,,1987,110,,,0,40,,1988,110,,,0,80,,1989,110,,,0,80,,1985,110,,,0,40,,1986,110,,,0,80,,1983,110,,,0,81,,1982,110,,,0,42,,1984,110,,,0,83,,1980,110,,,0,83,,1977,110,,,0,43,,1981,110,,,0,82,,1979,110,,,0,82,,1978,110,,,0,85,,1976,110,,,0,45,,1975,110,,,0,86,,1974,110,,,0,85,,1973,110,,,0,85,,1972,110,,,0,42,,1971,110,,,0,82,,1970,110,,,0,79,,1969,110,,,0,40,,1968,110,,,0,80,,1967,110,,,0,80,,1966,110,,,0,40,,1965,110,,,0,80,,1964,110,,,0,74,,1963,110,,,0,98,,1962,110,,,0
2000002301,'Semaine-02',625,,3985,110,,,0,80,,3982,110,,,0,40,,3983,110,,,0,80,,3984,110,,,0,80,,3980,110,,,0,40,,3981,110,,,0,80,,3978,110,,,0,81,,3977,110,,,0,42,,3979,110,,,0,83,,3975,110,,,0,83,,3972,110,,,0,43,,3976,110,,,0,82,,3974,110,,,0,82,,3973,110,,,0,85,,3971,110,,,0,45,,3970,110,,,0,86,,3969,110,,,0,85,,3968,110,,,0,85,,3967,110,,,0,42,,3966,110,,,0,82,,3965,110,,,0,79,,3964,110,,,0,40,,3963,110,,,0,80,,3962,110,,,0,80,,3961,110,,,0,40,,3960,110,,,0,80,,3959,110,,,0,74,,3958,110,,,0,98,,3957,110,,,0
2000002301,'Semaine-03',625,,4014,110,,,0,80,,4011,110,,,0,40,,4012,110,,,0,80,,4013,110,,,0,80,,4009,110,,,0,40,,4010,110,,,0,80,,4007,110,,,0,81,,4006,110,,,0,42,,4008,110,,,0,83,,4004,110,,,0,83,,4001,110,,,0,43,,4005,110,,,0,82,,4003,110,,,0,82,,4002,110,,,0,85,,4000,110,,,0,45,,3999,110,,,0,86,,3998,110,,,0,85,,3997,110,,,0,85,,3996,110,,,0,42,,3995,110,,,0,82,,3994,110,,,0,79,,3993,110,,,0,40,,3992,110,,,0,80,,3991,110,,,0,80,,3990,110,,,0,40,,3989,110,,,0,80,,3988,110,,,0,74,,3987,110,,,0,98,,3986,110,,,0
