100,'Dimanche-01',630,,12,510,,,0,200,,1,510,,,0,125,,2,510,,,0,170,,3,510,,,0,125,,4,510,,,0,164,,5,510,,,0,119,,6,510,,,0,120,,7,510,,,0,163,,8,510,,,0,135,,9,510,,,0,155,,10,510,,,0,115,,11,510,,,0
100,'Fête-1-03',630,,2637,510,,,0,200,,2626,510,,,0,125,,2627,510,,,0,170,,2628,510,,,0,125,,2629,510,,,0,164,,2630,510,,,0,119,,2631,510,,,0,120,,2632,510,,,0,163,,2633,510,,,0,135,,2634,510,,,0,155,,2635,510,,,0,115,,2636,510,,,0
100,'Fête-2-01',515,,2638,510,,,0,104,,2639,510,,,0,26,,2640,510,,,0,81,,2641,510,,,0,119,,2642,510,,,0,103,,2645,510,,,0,95,,2654,510,,,0,100,,2646,510,,,0,101,,2655,510,,,0,80,,2647,510,,,0,100,,2648,510,,,0,100,,2652,510,,,0,110,,2649,510,,,0,75,,2650,510,,,0,107,,2643,510,,,0,93,,2644,510,,,0,133,,2653,510,,,0,184,,2651,510,,,0
100,'Samedi-01',630,,54,510,,,0,200,,43,510,,,0,125,,44,510,,,0,170,,45,510,,,0,125,,46,510,,,0,164,,47,510,,,0,119,,48,510,,,0,120,,49,510,,,0,163,,50,510,,,0,135,,51,510,,,0,155,,52,510,,,0,115,,53,510,,,0
100,'Semaine-01',515,,55,510,,,0,104,,56,510,,,0,26,,57,510,,,0,81,,58,510,,,0,119,,59,510,,,0,104,,62,510,,,0,94,,71,510,,,0,101,,63,510,,,0,100,,72,510,,,0,78,,64,510,,,0,102,,65,510,,,0,100,,69,510,,,0,110,,66,510,,,0,75,,67,510,,,0,107,,60,510,,,0,93,,61,510,,,0,133,,70,510,,,0,184,,68,510,,,0
2300,'Fête-2-01',535,,2746,180,,,0,65,,2747,180,,,0,15,,2748,180,,,0,35,,2749,180,,,0,65,,2750,180,,,0,20,,2751,180,,,0,20,,2752,180,,,0,60,,2753,180,,,0
2300,'Semaine-01',535,,295,180,,,0,65,,296,180,,,0,15,,297,180,,,0,35,,298,180,,,0,65,,299,180,,,0,20,,300,180,,,0,20,,301,180,,,0,60,,302,180,,,0
2400,'Fête-2-01',626,,2761,120,,,0,79,,2762,120,,,0,40,,2764,120,,,0,80,,2765,120,,,0,80,,2763,120,,,0
2400,'Semaine-01',604,,322,120,,,0,22,,323,120,,,0,33,,324,120,,,0,92,,326,120,,,0,74,,327,120,,,0,80,,325,120,,,0
2600,'Fête-2-01',456,,2782,170,,,0
2600,'Semaine-01',456,,363,170,,,0
2800,'Fête-2-01',507,,2807,40,,,0,20,,2806,40,,,0,20,,2804,280,,,0,60,,2812,40,,,0,20,,2803,300,,,0,20,,2805,280,,,0,60,,2808,40,,,0,20,,2809,40,,,0,20,,2810,40,,,0,60,,2811,40,,,0
2800,'Semaine-01',507,,417,40,,,0,20,,416,40,,,0,20,,414,280,,,0,10,,428,40,,,0,50,,424,40,,,0,10,,425,40,,,0,10,,413,300,,,0,8,,426,40,,,0,8,,415,280,,,0,8,,429,40,,,0,8,,427,40,,,0,48,,418,40,,,0,10,,419,40,,,0,10,,420,40,,,0,10,,421,40,,,0,10,,422,40,,,0,60,,423,40,,,0
9000,'Semaine-01',640,,825,60,,,0,63,,826,60,,,0
