100,'Dimanche-01',642,,12,650,,,0,200,,1,650,,,0,167,,2,650,,,0,131,,3,650,,,0,165,,4,650,,,0,123,,5,650,,,0,118,,6,650,,,0,160,,7,650,,,0,123,,8,650,,,0,175,,9,650,,,0,115,,10,650,,,0,115,,11,650,,,0
100,'Samedi-01',642,,54,650,,,0,200,,43,650,,,0,167,,44,650,,,0,131,,45,650,,,0,165,,46,650,,,0,123,,47,650,,,0,118,,48,650,,,0,160,,49,650,,,0,123,,50,650,,,0,175,,51,650,,,0,115,,52,650,,,0,115,,53,650,,,0
100,'Semaine-01',530,,55,650,,,0,104,,56,650,,,0,66,,57,650,,,0,42,,58,650,,,0,158,,59,650,,,0,104,,62,650,,,0,53,,71,650,,,0,102,,63,650,,,0,141,,72,650,,,0,38,,64,650,,,0,102,,65,650,,,0,100,,69,650,,,0,110,,66,650,,,0,75,,67,650,,,0,105,,60,650,,,0,92,,61,650,,,0,131,,70,650,,,0,184,,68,650,,,0
2100,'Semaine-01',548,,240,290,,,0,70,,241,290,,,0,31,,242,290,,,0,75,,243,290,,,0,30,,244,290,,,0,75,,245,290,,,0
2300,'Semaine-01',548,,295,330,,,0,66,,296,330,,,0,15,,297,330,,,0,75,,298,330,,,0,25,,299,330,,,0,20,,300,330,,,0,60,,301,330,,,0,20,,302,330,,,0
2500,'Semaine-01',605,,346,310,,,0,34,,343,330,,,0,61,,347,310,,,0,29,,344,330,,,0,26,,348,310,,,0,69,,345,330,,,0
2600,'Semaine-01',504,,363,280,,,0,17,,364,290,,,0
2800,'Semaine-01',523,,417,180,,,0,20,,416,180,,,0,60,,414,420,,,0,10,,428,180,,,0,10,,424,180,,,0,10,,425,180,,,0,10,,413,440,,,0,8,,426,180,,,0,8,,415,420,,,0,48,,429,180,,,0,9,,427,180,,,0,8,,418,180,,,0,10,,419,180,,,0,10,,420,180,,,0,11,,421,180,,,0,50,,422,180,,,0,20,,423,180,,,0
3100,'Dimanche-01',726,,492,370,,,0,218,,493,370,,,0,278,,491,370,,,0,123,,484,370,,,0,160,,485,370,,,0,118,,486,370,,,0,118,,487,370,,,0,159,,488,370,,,0,127,,489,370,,,0,221,,483,370,,,0,254,,490,370,,,0
3100,'Samedi-01',615,,537,370,,,0,43,,548,370,,,0,244,,549,370,,,0,125,,546,370,,,0,124,,536,370,,,0,164,,547,370,,,0,124,,538,370,,,0,164,,539,370,,,0,124,,540,370,,,0,124,,541,370,,,0,164,,542,370,,,0,27,,543,370,,,0,216,,544,370,,,0,254,,545,370,,,0
3100,'Semaine-01',624,,574,370,,,0,80,,550,370,,,0,40,,560,370,,,0,80,,575,370,,,0,80,,569,370,,,0,40,,570,370,,,0,80,,571,370,,,0,80,,577,370,,,0,43,,572,370,,,0,83,,573,370,,,0,83,,551,370,,,0,43,,552,370,,,0,82,,553,370,,,0,82,,554,370,,,0,85,,555,370,,,0,45,,556,370,,,0,86,,557,370,,,0,85,,558,370,,,0,84,,559,370,,,0,42,,561,370,,,0,82,,562,370,,,0,79,,563,370,,,0,40,,564,370,,,0,79,,565,370,,,0,80,,566,370,,,0,40,,567,370,,,0,80,,568,370,,,0
3200,'Dimanche-01',619,,578,380,,,0,214,,583,380,,,0,223,,586,380,,,0,192,,587,380,,,0,159,,579,380,,,0,122,,589,380,,,0,120,,580,380,,,0,159,,582,380,,,0,118,,581,380,,,0,214,,584,380,,,0,216,,585,380,,,0
3200,'Samedi-01',550,,635,260,,,0,181,,641,380,,,0,77,,636,380,,,0,120,,644,380,,,0,123,,645,380,,,0,164,,646,380,,,0,124,,637,380,,,0,164,,648,380,,,0,124,,638,380,,,0,128,,639,380,,,0,160,,640,380,,,0,235,,642,380,,,0,256,,643,380,,,0
3200,'Semaine-01',647,,674,380,,,0,80,,649,380,,,0,80,,677,380,,,0,40,,660,380,,,0,80,,668,380,,,0,79,,669,380,,,0,41,,670,380,,,0,81,,671,380,,,0,83,,672,380,,,0,43,,673,380,,,0,83,,650,380,,,0,82,,651,380,,,0,82,,652,380,,,0,46,,676,380,,,0,59,,653,30,,,0,26,,654,380,,,0,20,,678,30,,,0,64,,655,380,,,0,20,,679,30,,,0,65,,656,380,,,0,45,,657,380,,,0,82,,658,380,,,0,83,,659,380,,,0,40,,661,380,,,0,80,,662,380,,,0,80,,663,380,,,0,40,,664,380,,,0,80,,665,380,,,0,80,,666,380,,,0,40,,667,380,,,0
9000,'Semaine-01',655,,825,190,,,0,63,,826,190,,,0
11100,'Dimanche-01',827,,857,400,0,5 10,0,188,,856,400,0,5 10,0,290,,858,400,0,5 10,0,249,,859,400,0,5 10,0,305,,860,400,0,5 10,0
11100,'Samedi-01',827,,887,400,0,5 10,0,188,,886,400,0,5 10,0,290,,888,400,0,5 10,0,249,,889,400,0,5 10,0,305,,890,400,0,5 10,0
11100,'Semaine-01',540,,902,400,0,5 15,0,14,,896,400,0,5 10,0,61,,900,400,0,5 15,0,27,,903,400,0,5 15,0,5,,897,400,0,5 10,0,55,,901,400,0,5 15,0,11,,915,400,0,16 17,0,20,,909,400,0,5 15,0,20,,904,400,0,5 15,0,4,,898,400,0,16 17,0,56,,911,400,0,5 15,0,39,,899,400,0,16 17,0,157,,912,400,0,16 17,0,36,,894,400,0,16 17,0,265,,895,400,0,5 10,0,340,,906,400,0,5 10,0,6,,905,330,0,5 15,0,93,,908,400,0,5 10,0,59,,907,330,0,5 15,0,335,,910,330,0,5 10,0
