100,'Dimanche-01',631,,12,540,,,0,200,,1,540,,,0,126,,2,540,,,0,170,,3,540,,,0,125,,4,540,,,0,164,,5,540,,,0,118,,6,540,,,0,120,,7,540,,,0,163,,8,540,,,0,135,,9,540,,,0,155,,10,540,,,0,115,,11,540,,,0
100,'Samedi-01',631,,54,540,,,0,200,,43,540,,,0,126,,44,540,,,0,170,,45,540,,,0,125,,46,540,,,0,164,,47,540,,,0,118,,48,540,,,0,120,,49,540,,,0,163,,50,540,,,0,135,,51,540,,,0,155,,52,540,,,0,115,,53,540,,,0
100,'Semaine-01',517,,55,540,,,0,104,,56,540,,,0,26,,57,540,,,0,81,,58,540,,,0,119,,59,540,,,0,104,,62,540,,,0,94,,71,540,,,0,101,,63,540,,,0,100,,72,540,,,0,78,,64,540,,,0,102,,65,540,,,0,100,,69,540,,,0,110,,66,540,,,0,75,,67,540,,,0,107,,60,540,,,0,92,,61,540,,,0,133,,70,540,,,0,184,,68,540,,,0
2300,'Semaine-01',536,,295,210,,,0,65,,296,210,,,0,15,,297,210,,,0,35,,298,210,,,0,65,,299,210,,,0,20,,300,210,,,0,20,,301,210,,,0,60,,302,210,,,0
2400,'Semaine-01',605,,322,150,,,0,22,,323,150,,,0,74,,324,150,,,0,52,,326,150,,,0,74,,327,150,,,0,80,,325,150,,,0
2800,'Semaine-01',508,,417,70,,,0,20,,416,70,,,0,20,,414,310,,,0,10,,428,70,,,0,50,,424,70,,,0,10,,425,70,,,0,10,,413,330,,,0,8,,426,70,,,0,8,,415,310,,,0,8,,429,70,,,0,49,,427,70,,,0,8,,418,70,,,0,10,,419,70,,,0,10,,420,70,,,0,10,,421,70,,,0,10,,422,70,,,0,60,,423,70,,,0
3300,'Dimanche-01',602,,682,390,,,0,42,,680,390,,,0,91,,691,390,,,0,81,,701,390,,,0,43,,703,390,,,0,93,,704,390,,,0,80,,705,390,,,0,80,,706,390,,,0,40,,707,390,,,0,80,,683,390,,,0,80,,684,390,,,0,39,,685,390,,,0,80,,686,390,,,0,80,,687,390,,,0,39,,688,390,,,0,79,,689,390,,,0,79,,690,390,,,0,39,,692,390,,,0,79,,693,390,,,0,80,,694,390,,,0,47,,695,390,,,0,85,,696,390,,,0,85,,697,390,,,0,87,,698,390,,,0,46,,699,390,,,0,83,,700,390,,,0,88,,681,390,,,0,83,,702,390,,,0
3300,'Samedi-01',622,,769,390,,,0,81,,767,390,,,0,42,,778,390,,,0,82,,788,390,,,0,82,,790,390,,,0,44,,791,390,,,0,81,,792,390,,,0,82,,793,390,,,0,42,,794,390,,,0,82,,770,390,,,0,82,,771,390,,,0,82,,772,390,,,0,42,,773,390,,,0,82,,774,390,,,0,82,,775,390,,,0,42,,776,390,,,0,82,,777,390,,,0,85,,779,390,,,0,39,,780,390,,,0,82,,781,390,,,0,82,,782,390,,,0,79,,783,390,,,0,41,,784,390,,,0,81,,785,390,,,0,82,,786,390,,,0,43,,787,390,,,0,86,,789,390,,,0,86,,768,390,,,0
3300,'Semaine-01',629,,796,390,,,0,80,,824,390,,,0,41,,805,390,,,0,80,,815,390,,,0,80,,818,390,,,0,40,,819,390,,,0,80,,820,390,,,0,82,,821,390,,,0,41,,822,390,,,0,83,,797,390,,,0,83,,798,390,,,0,83,,799,390,,,0,43,,800,390,,,0,83,,801,390,,,0,86,,802,390,,,0,45,,803,390,,,0,85,,804,390,,,0,84,,806,390,,,0,81,,807,390,,,0,43,,808,390,,,0,82,,809,390,,,0,80,,810,390,,,0,40,,811,390,,,0,79,,812,390,,,0,80,,813,390,,,0,40,,814,390,,,0,80,,816,390,,,0,80,,817,390,,,0
9000,'Semaine-01',642,,825,90,,,0,63,,826,90,,,0
