2400,'Semaine-01',600,,322,50,,,0,22,,323,50,,,0,33,,324,50,,,0,92,,326,50,,,0,74,,327,50,,,0,80,,325,50,,,0
2400,'Semaine-02',544,,2866,50,,,0,78,,2867,50,,,0,80,,2868,50,,,0,42,,2869,50,,,0,82,,2870,50,,,0
2400,'Semaine-03',600,,2871,50,,,0,22,,2872,50,,,0,33,,2873,50,,,0,92,,2875,50,,,0,74,,2876,50,,,0,80,,2874,50,,,0
2501,'Semaine-01',1617,,355,390,,,0,40,,356,390,,,0,73,,357,390,,,0,79,,358,390,,,0,40,,359,390,,,0,68,,360,390,,,0
2501,'Semaine-02',1617,,2899,390,,,0,40,,2900,390,,,0,73,,2901,390,,,0,79,,2902,390,,,0,35,,2903,390,,,0,73,,2904,390,,,0
2501,'Semaine-03',1617,,2905,390,,,0,40,,2906,390,,,0,73,,2907,390,,,0,79,,2908,390,,,0,40,,2909,390,,,0,68,,2910,390,,,0
2600,'Semaine-01',451,,363,100,,,0
2600,'Semaine-02',451,,2911,100,,,0
2600,'Semaine-03',451,,2913,100,,,0
2000002500,'Dimanche-01',541,,1991,240,,,0,87,,1993,290,,,0,78,,1994,290,,,0,35,,1995,290,,,0,68,,1996,290,,,0,34,,1997,290,,,0,78,,1998,290,,,0,37,,1999,290,,,0,76,,2000,290,,,0,72,,2001,290,,,0,45,,2002,290,,,0,85,,2003,290,,,0,95,,2004,290,,,0,23,,2005,290,,,0,62,,2006,290,,,0,85,,2007,290,,,0,40,,2008,290,,,0,80,,2009,290,,,0,80,,2010,290,,,0,35,,2011,290,,,0,81,,2012,290,,,0,39,,2013,290,,,0,80,,2014,290,,,0,70,,2015,290,,,0,35,,2016,290,,,0,75,,2017,290,,,0,35,,2018,290,,,0,75,,2019,290,,,0,75,,2020,290,,,0,30,,2021,290,,,0,75,,2022,290,,,0,35,,2023,290,,,0,76,,2024,290,,,0
2000002500,'Fête-1-01',528,,4047,240,,,0,26,,4016,290,,,0,76,,4032,290,,,0,83,,4017,290,,,0,27,,4033,290,,,0,77,,4018,290,,,0,40,,4034,290,,,0,80,,4019,290,,,0,70,,4035,290,,,0,40,,4020,290,,,0,80,,4036,290,,,0,77,,4021,290,,,0,30,,4015,290,,,0,73,,4022,290,,,0,41,,4037,290,,,0,78,,4023,290,,,0,86,,4038,290,,,0,45,,4024,290,,,0,79,,4039,290,,,0,71,,4025,290,,,0,34,,4040,290,,,0,84,,4026,290,,,0,80,,4041,290,,,0,44,,4027,290,,,0,80,,4042,290,,,0,90,,4028,290,,,0,81,,4043,290,,,0,36,,4029,290,,,0,76,,4044,290,,,0,32,,4030,290,,,0,72,,4045,290,,,0,111,,4031,290,,,0
2000002500,'Samedi-01',528,,2121,240,,,0,26,,2090,290,,,0,76,,2106,290,,,0,83,,2091,290,,,0,27,,2107,290,,,0,77,,2092,290,,,0,40,,2108,290,,,0,80,,2093,290,,,0,70,,2109,290,,,0,40,,2094,290,,,0,80,,2110,290,,,0,77,,2095,290,,,0,30,,2089,290,,,0,73,,2096,290,,,0,41,,2111,290,,,0,78,,2097,290,,,0,86,,2112,290,,,0,45,,2098,290,,,0,79,,2113,290,,,0,71,,2099,290,,,0,34,,2114,290,,,0,84,,2100,290,,,0,80,,2115,290,,,0,44,,2101,290,,,0,80,,2116,290,,,0,90,,2102,290,,,0,81,,2117,290,,,0,36,,2103,290,,,0,76,,2118,290,,,0,32,,2104,290,,,0,72,,2119,290,,,0,111,,2105,290,,,0
2000002500,'Semaine-01',601,,2123,240,,,0,36,,2124,290,,,0,80,,2125,290,,,0,40,,2122,290,,,0,80,,2126,290,,,0,80,,2127,290,,,0,40,,2128,290,,,0,80,,2129,290,,,0,81,,2130,290,,,0,82,,2131,290,,,0,43,,2132,290,,,0,83,,2133,290,,,0,83,,2134,290,,,0,42,,2135,290,,,0,82,,2136,290,,,0,85,,2137,290,,,0,85,,2138,290,,,0,46,,2139,290,,,0,85,,2140,290,,,0,85,,2141,290,,,0,82,,2142,290,,,0,42,,2143,290,,,0,79,,2144,290,,,0,80,,2145,290,,,0,40,,2146,290,,,0,80,,2147,290,,,0,80,,2148,290,,,0,40,,2149,290,,,0,60,,2150,290,,,0,30,,2151,290,,,0
2000002500,'Semaine-02',601,,4049,240,,,0,36,,4050,290,,,0,80,,4051,290,,,0,40,,4048,290,,,0,80,,4052,290,,,0,80,,4053,290,,,0,40,,4054,290,,,0,80,,4055,290,,,0,81,,4056,290,,,0,82,,4057,290,,,0,43,,4058,290,,,0,83,,4059,290,,,0,83,,4060,290,,,0,42,,4061,290,,,0,82,,4062,290,,,0,85,,4063,290,,,0,85,,4064,290,,,0,46,,4065,290,,,0,85,,4066,290,,,0,85,,4067,290,,,0,82,,4068,290,,,0,42,,4069,290,,,0,79,,4070,290,,,0,80,,4071,290,,,0,40,,4072,290,,,0,80,,4073,290,,,0,80,,4074,290,,,0,40,,4075,290,,,0,60,,4076,290,,,0,30,,4077,290,,,0
2000002500,'Semaine-03',601,,4080,240,,,0,36,,4081,290,,,0,80,,4082,290,,,0,40,,4079,290,,,0,80,,4083,290,,,0,80,,4084,290,,,0,40,,4085,290,,,0,80,,4086,290,,,0,81,,4087,290,,,0,82,,4088,290,,,0,43,,4089,290,,,0,83,,4090,290,,,0,83,,4091,290,,,0,42,,4092,290,,,0,82,,4093,290,,,0,85,,4094,290,,,0,85,,4095,290,,,0,46,,4096,290,,,0,85,,4097,290,,,0,85,,4098,290,,,0,82,,4099,290,,,0,42,,4100,290,,,0,79,,4101,290,,,0,80,,4102,290,,,0,40,,4103,290,,,0,80,,4104,290,,,0,80,,4105,290,,,0,40,,4106,290,,,0,60,,4107,290,,,0,30,,4108,290,,,0
