100,'Dimanche-01',617,,12,410,,,0,200,,1,410,,,0,125,,2,410,,,0,170,,3,410,,,0,125,,4,410,,,0,164,,5,410,,,0,120,,6,410,,,0,120,,7,410,,,0,164,,8,410,,,0,135,,9,410,,,0,115,,10,410,,,0,155,,11,410,,,0
100,'Fête-1-01',617,,24,410,,,0,200,,13,410,,,0,125,,14,410,,,0,170,,15,410,,,0,125,,16,410,,,0,164,,17,410,,,0,120,,18,410,,,0,120,,19,410,,,0,164,,20,410,,,0,135,,21,410,,,0,115,,22,410,,,0,155,,23,410,,,0
100,'Fête-2-02',502,,25,410,,,0,103,,26,410,,,0,26,,27,410,,,0,81,,28,410,,,0,119,,29,410,,,0,103,,32,410,,,0,95,,41,410,,,0,100,,33,410,,,0,101,,42,410,,,0,80,,34,410,,,0,100,,35,410,,,0,100,,39,410,,,0,110,,36,410,,,0,35,,37,410,,,0,147,,30,410,,,0,55,,31,410,,,0,173,,40,410,,,0,185,,38,410,,,0
100,'Samedi-01',617,,54,410,,,0,200,,43,410,,,0,125,,44,410,,,0,170,,45,410,,,0,125,,46,410,,,0,164,,47,410,,,0,120,,48,410,,,0,120,,49,410,,,0,164,,50,410,,,0,135,,51,410,,,0,115,,52,410,,,0,155,,53,410,,,0
100,'Semaine-01',502,,55,410,,,0,103,,56,410,,,0,26,,57,410,,,0,81,,58,410,,,0,119,,59,410,,,0,104,,62,410,,,0,94,,71,410,,,0,101,,63,410,,,0,100,,72,410,,,0,78,,64,410,,,0,102,,65,410,,,0,100,,69,410,,,0,110,,66,410,,,0,35,,67,410,,,0,147,,60,410,,,0,55,,61,410,,,0,173,,70,410,,,0,185,,68,410,,,0
2800,'Fête-2-02',542,,404,230,,,0,80,,403,250,,,0,20,,405,230,,,0
2800,'Semaine-01',542,,414,230,,,0,80,,413,250,,,0,16,,415,230,,,0
2000000100,'Dimanche-01',733,,1042,10,0,20,0,170,,1043,10,0,20,0,131,,1044,10,0,20,0,171,,1045,10,0,20,0,130,,1046,10,0,20,0,170,,1047,10,0,20,0,130,,1048,10,0,20,0,170,,1049,10,0,20,0,129,,1050,10,0,20,0,170,,1051,10,0,20,0,130,,1052,10,0,20,0,170,,1053,10,0,20,0
2000000100,'Fête-1-01',733,,1066,10,0,20,0,170,,1067,10,0,20,0,131,,1068,10,0,20,0,171,,1069,10,0,20,0,130,,1070,10,0,20,0,170,,1071,10,0,20,0,130,,1072,10,0,20,0,170,,1073,10,0,20,0,129,,1074,10,0,20,0,170,,1075,10,0,20,0,130,,1076,10,0,20,0,170,,1077,10,0,20,0
2000000100,'Fête-2-02',649,,1096,10,0,20,0,100,,1097,10,0,20,0,70,,1098,10,0,20,0,101,,1099,10,0,20,0,100,,1100,10,0,20,0,95,,1101,10,0,20,0,100,,1102,10,0,20,0,100,,1103,10,0,20,0,100,,1104,10,0,20,0,100,,1105,10,0,20,0,110,,1106,10,0,20,0,94,,1107,10,0,20,0,100,,1108,10,0,20,0,30,,1109,10,0,20,0,96,,1110,10,0,20,0,99,,1111,10,0,20,0,160,,1112,10,0,20,0,139,,1113,10,0,20,0
2000000100,'Samedi-01',733,,1126,10,0,20,0,170,,1127,10,0,20,0,131,,1128,10,0,20,0,171,,1129,10,0,20,0,130,,1130,10,0,20,0,170,,1131,10,0,20,0,130,,1132,10,0,20,0,170,,1133,10,0,20,0,129,,1134,10,0,20,0,170,,1135,10,0,20,0,130,,1136,10,0,20,0,170,,1137,10,0,20,0
2000000100,'Semaine-01',649,,1156,10,0,20,0,100,,1157,10,0,20,0,70,,1158,10,0,20,0,101,,1159,10,0,20,0,100,,1160,10,0,20,0,95,,1161,10,0,20,0,100,,1162,10,0,20,0,100,,1163,10,0,20,0,100,,1164,10,0,20,0,100,,1165,10,0,20,0,110,,1166,10,0,20,0,94,,1167,10,0,20,0,100,,1168,10,0,20,0,30,,1169,10,0,20,0,96,,1170,10,0,20,0,99,,1171,10,0,20,0,160,,1172,10,0,20,0,139,,1173,10,0,20,0
