100,'Dimanche-01',652,,12,710,4,,0,200,,1,710,4,,0,169,,2,710,4,,0,131,,3,710,4,,0,165,,4,710,4,,0,123,,5,710,4,,0,118,,6,710,4,,0,160,,7,710,4,,0,122,,8,710,4,,0,175,,9,710,4,,0,115,,10,710,4,,0,115,,11,710,4,,0
100,'Samedi-01',652,,54,710,4,,0,200,,43,710,4,,0,169,,44,710,4,,0,131,,45,710,4,,0,165,,46,710,4,,0,123,,47,710,4,,0,118,,48,710,4,,0,160,,49,710,4,,0,122,,50,710,4,,0,175,,51,710,4,,0,115,,52,710,4,,0,115,,53,710,4,,0
100,'Semaine-01',541,,55,710,4,,0,105,,56,710,4,,0,68,,57,710,4,,0,43,,58,710,4,,0,156,,59,710,4,,0,103,,62,710,4,,0,92,,71,710,4,,0,103,,63,710,4,,0,104,,72,710,4,,0,38,,64,710,4,,0,101,,65,710,4,,0,100,,69,710,4,,0,150,,66,710,4,,0,34,,67,710,4,,0,103,,60,710,4,,0,92,,61,710,4,,0,171,,70,710,4,,0,143,,68,710,4,,0
2100,'Semaine-01',558,,240,350,4,,0,70,,241,350,4,,0,73,,242,350,4,,0,37,,243,350,4,,0,70,,244,350,4,,0,36,,245,350,4,,0
2300,'Semaine-01',559,,295,390,4,,0,66,,296,390,4,,0,17,,297,390,4,,0,75,,298,390,4,,0,26,,299,390,4,,0,61,,300,390,4,,0,21,,301,390,4,,0,20,,302,390,4,,0
2500,'Semaine-01',617,,346,370,4,,0,34,,343,390,4,,0,61,,347,370,4,,0,29,,344,390,4,,0,66,,348,370,4,,0,29,,345,390,4,,0
2600,'Semaine-01',513,,363,340,4,,0,17,,364,350,4,,0
3100,'Dimanche-01',734,,492,430,4,,0,218,,493,430,4,,0,278,,491,430,4,,0,123,,484,430,4,,0,160,,485,430,4,,0,118,,486,430,4,,0,118,,487,430,4,,0,159,,488,430,4,,0,127,,489,430,4,,0,221,,483,430,4,,0,254,,490,430,4,,0
3100,'Samedi-01',623,,537,430,4,,0,83,,548,430,4,,0,204,,549,430,4,,0,125,,546,430,4,,0,124,,536,430,4,,0,164,,547,430,4,,0,124,,538,430,4,,0,164,,539,430,4,,0,124,,540,430,4,,0,124,,541,430,4,,0,164,,542,430,4,,0,27,,543,430,4,,0,256,,544,430,4,,0,214,,545,430,4,,0
3100,'Semaine-01',636,,574,430,4,,0,80,,550,430,4,,0,42,,560,430,4,,0,80,,575,430,4,,0,80,,569,430,4,,0,40,,570,430,4,,0,77,,571,430,4,,0,79,,577,430,4,,0,44,,572,430,4,,0,83,,573,430,4,,0,83,,551,430,4,,0,83,,552,430,4,,0,42,,553,430,4,,0,84,,554,430,4,,0,84,,555,430,4,,0,85,,556,430,4,,0,46,,557,430,4,,0,83,,558,430,4,,0,84,,559,430,4,,0,42,,561,430,4,,0,82,,562,430,4,,0,79,,563,430,4,,0,40,,564,430,4,,0,78,,565,430,4,,0,80,,566,430,4,,0,40,,567,430,4,,0,80,,568,430,4,,0
3200,'Dimanche-01',628,,578,440,4,,0,214,,583,440,4,,0,263,,586,440,4,,0,152,,587,440,4,,0,159,,579,440,4,,0,122,,589,440,4,,0,120,,580,440,4,,0,159,,582,440,4,,0,118,,581,440,4,,0,214,,584,440,4,,0,256,,585,440,4,,0
3200,'Samedi-01',559,,635,320,4,,0,181,,641,440,4,,0,77,,636,440,4,,0,120,,644,440,4,,0,163,,645,440,4,,0,124,,646,440,4,,0,124,,637,440,4,,0,164,,648,440,4,,0,124,,638,440,4,,0,168,,639,440,4,,0,120,,640,440,4,,0,235,,642,440,4,,0,256,,643,440,4,,0
3200,'Semaine-01',700,,674,440,4,,0,41,,649,440,4,,0,80,,677,440,4,,0,80,,660,440,4,,0,40,,668,440,4,,0,77,,669,440,4,,0,41,,670,440,4,,0,81,,671,440,4,,0,83,,672,440,4,,0,83,,673,440,4,,0,43,,650,440,4,,0,82,,651,440,4,,0,83,,652,440,4,,0,86,,676,440,4,,0,18,,653,90,4,,0,27,,654,440,4,,0,59,,678,90,4,,0,24,,655,440,4,,0,20,,679,90,4,,0,65,,656,440,4,,0,44,,657,440,4,,0,82,,658,440,4,,0,83,,659,440,4,,0,80,,661,440,4,,0,40,,662,440,4,,0,80,,663,440,4,,0,80,,664,440,4,,0,40,,665,440,4,,0,80,,666,440,4,,0,80,,667,440,4,,0
9800,'Semaine-01',702,,855,230,4,,0,102,,843,330,4,,0,104,,847,330,4,,0,105,,848,330,4,,0,506,,849,330,4,,0,105,,850,330,4,,0,105,,851,330,4,,0,105,,852,330,4,,0,102,,853,330,4,,0,97,,854,330,4,,0,95,,844,330,4,,0,90,,845,330,4,,0
11100,'Dimanche-01',839,,857,460,4,,0,187,,856,460,4,,0,291,,858,460,4,,0,289,,859,460,4,,0,305,,860,460,4,,0
11100,'Samedi-01',839,,887,460,4,,0,187,,886,460,4,,0,291,,888,460,4,,0,289,,889,460,4,,0,305,,890,460,4,,0
11100,'Semaine-01',605,,896,460,4,,0,96,,897,460,4,,0,110,,898,460,4,,0,95,,899,460,4,,0,114,,912,460,4,,0,36,,894,460,4,,0,265,,895,460,4,,0,380,,906,460,4,,0,99,,908,460,4,,0,354,,910,390,4,,0
