101,'Dimanche-01',802,,73,610,,,0,206,,74,610,,,0,131,,75,610,,,0,173,,76,610,,,0,127,,77,610,,,0,120,,78,610,,,0,160,,79,610,,,0,120,,80,610,,,0,117,,81,610,,,0,174,,82,610,,,0,114,,83,610,,,0,113,,84,610,,,0
101,'Fête-1-01',802,,2674,610,,,0,206,,2675,610,,,0,131,,2676,610,,,0,173,,2677,610,,,0,127,,2678,610,,,0,120,,2679,610,,,0,160,,2680,610,,,0,120,,2681,610,,,0,117,,2682,610,,,0,174,,2683,610,,,0,114,,2684,610,,,0,113,,2685,610,,,0
101,'Samedi-01',802,,115,610,,,0,206,,116,610,,,0,131,,117,610,,,0,173,,118,610,,,0,127,,119,610,,,0,120,,120,610,,,0,160,,121,610,,,0,120,,122,610,,,0,117,,123,610,,,0,174,,124,610,,,0,114,,125,610,,,0,113,,126,610,,,0
101,'Semaine-01',702,,127,610,,,0,101,,136,610,,,0,30,,138,610,,,0,90,,139,610,,,0,110,,140,610,,,0,105,,141,610,,,0,95,,143,610,,,0,105,,142,610,,,0,106,,144,610,,,0,81,,128,610,,,0,105,,129,610,,,0,96,,130,610,,,0,105,,131,610,,,0,74,,132,610,,,0,103,,133,610,,,0,43,,134,610,,,0,173,,135,610,,,0,134,,137,610,,,0
101,'Semaine-02',657,,2686,610,,,0,101,,2695,610,,,0,70,,2697,610,,,0,100,,2698,610,,,0,105,,2699,610,,,0,95,,2700,610,,,0,100,,2702,610,,,0,100,,2701,610,,,0,111,,2703,610,,,0,86,,2687,610,,,0,110,,2688,610,,,0,91,,2689,610,,,0,105,,2690,610,,,0,69,,2691,610,,,0,29,,2692,610,,,0,108,,2693,610,,,0,182,,2694,610,,,0,189,,2696,610,,,0
101,'Semaine-03',702,,2704,610,,,0,101,,2713,610,,,0,30,,2715,610,,,0,90,,2716,610,,,0,110,,2717,610,,,0,105,,2718,610,,,0,95,,2720,610,,,0,105,,2719,610,,,0,106,,2721,610,,,0,81,,2705,610,,,0,105,,2706,610,,,0,96,,2707,610,,,0,105,,2708,610,,,0,74,,2709,610,,,0,103,,2710,610,,,0,43,,2711,610,,,0,173,,2712,610,,,0,134,,2714,610,,,0
2001,'Dimanche-01',734,,190,110,,,0,11,,190,350,,,0,113,,191,110,,,0,51,,191,350,,,0,115,,192,110,,,0,11,,192,350,,,0,114,,193,110,,,0,51,,193,350,,,0,114,,194,110,,,0,11,,194,350,,,0,114,,195,110,,,0,12,,195,350,,,0,153,,196,110,,,0,12,,196,350,,,0,113,,197,110,,,0,12,,197,350,,,0
2001,'Fête-1-01',734,,2752,110,,,0,11,,2752,350,,,0,113,,2753,110,,,0,51,,2753,350,,,0,115,,2754,110,,,0,11,,2754,350,,,0,114,,2755,110,,,0,51,,2755,350,,,0,114,,2756,110,,,0,11,,2756,350,,,0,114,,2757,110,,,0,12,,2757,350,,,0,153,,2758,110,,,0,12,,2758,350,,,0,113,,2759,110,,,0,12,,2759,350,,,0
2001,'Samedi-01',734,,215,110,,,0,11,,215,350,,,0,113,,216,110,,,0,51,,216,350,,,0,115,,217,110,,,0,11,,217,350,,,0,114,,218,110,,,0,51,,218,350,,,0,114,,219,110,,,0,11,,219,350,,,0,114,,220,110,,,0,12,,220,350,,,0,153,,221,110,,,0,12,,221,350,,,0,113,,222,110,,,0,12,,222,350,,,0
2001,'Semaine-01',719,,223,110,,,0,12,,223,350,,,0,113,,224,110,,,0,13,,224,350,,,0,152,,225,110,,,0,12,,225,350,,,0,114,,226,110,,,0,12,,226,350,,,0,154,,227,110,,,0,12,,227,350,,,0,113,,228,110,,,0,12,,228,350,,,0,114,,229,110,,,0,52,,229,350,,,0,114,,230,110,,,0,12,,230,350,,,0,114,,231,110,,,0,11,,231,350,,,0
2001,'Semaine-01-0001100',2007,,233,110,,,0,11,,233,350,,,0,113,,232,110,,,0,11,,232,350,,,0
2001,'Semaine-02',719,,2760,110,,,0,12,,2760,350,,,0,113,,2761,110,,,0,13,,2761,350,,,0,152,,2762,110,,,0,12,,2762,350,,,0,114,,2763,110,,,0,12,,2763,350,,,0,154,,2764,110,,,0,12,,2764,350,,,0,113,,2765,110,,,0,12,,2765,350,,,0,114,,2766,110,,,0,52,,2766,350,,,0,114,,2767,110,,,0,12,,2767,350,,,0,114,,2768,110,,,0,11,,2768,350,,,0
2001,'Semaine-02-0001100',2007,,2770,110,,,0,11,,2770,350,,,0,113,,2769,110,,,0,11,,2769,350,,,0
2001,'Semaine-03',719,,2771,110,,,0,12,,2771,350,,,0,113,,2772,110,,,0,13,,2772,350,,,0,152,,2773,110,,,0,12,,2773,350,,,0,114,,2774,110,,,0,12,,2774,350,,,0,154,,2775,110,,,0,12,,2775,350,,,0,113,,2776,110,,,0,12,,2776,350,,,0,114,,2777,110,,,0,52,,2777,350,,,0,114,,2778,110,,,0,12,,2778,350,,,0,114,,2779,110,,,0,11,,2779,350,,,0
2001,'Semaine-03-0001100',2007,,2781,110,,,0,11,,2781,350,,,0,113,,2780,110,,,0,11,,2780,350,,,0
2801,'Semaine-01',1713,,443,500,0,7,0,39,,442,500,,,0,68,,444,500,0,7,0
2801,'Semaine-02',1659,,2980,500,0,7,0,98,,2979,500,,,0,68,,2981,500,0,7,0
2801,'Semaine-03',1713,,2994,500,0,7,0,39,,2993,500,,,0,68,,2995,500,0,7,0
2000002000,'Dimanche-01',743,,1330,20,,,0,170,,1331,20,,,0,131,,1332,20,,,0,171,,1333,20,,,0,130,,1334,20,,,0,170,,1335,20,,,0,130,,1336,20,,,0,170,,1337,20,,,0,129,,1338,20,,,0,170,,1339,20,,,0,130,,1340,20,,,0,170,,1341,20,,,0
2000002000,'Fête-1-01',743,,3622,20,,,0,170,,3623,20,,,0,131,,3624,20,,,0,171,,3625,20,,,0,130,,3626,20,,,0,170,,3627,20,,,0,130,,3628,20,,,0,170,,3629,20,,,0,129,,3630,20,,,0,170,,3631,20,,,0,130,,3632,20,,,0,170,,3633,20,,,0
2000002000,'Samedi-01',743,,1409,20,,,0,170,,1410,20,,,0,131,,1411,20,,,0,171,,1412,20,,,0,130,,1413,20,,,0,170,,1414,20,,,0,130,,1415,20,,,0,170,,1416,20,,,0,129,,1417,20,,,0,170,,1418,20,,,0,130,,1419,20,,,0,170,,1420,20,,,0
2000002000,'Semaine-01',530,,1423,20,0,11 13,0,105,,1440,20,,,0,98,,1441,20,,,0,68,,1442,20,,,0,130,,1443,20,,,0,103,,1444,20,,,0,100,,1445,20,,,0,95,,1446,20,,,0,104,,1447,20,,,0,102,,1448,20,,,0,23,,1433,20,0,11 13,0,72,,1449,20,,,0,99,,1450,20,,,0,105,,1451,20,,,0,100,,1438,20,,,0,74,,1437,20,,,0,93,,1436,20,,,0,53,,1435,20,,,0,163,,1426,20,,,0,139,,1425,20,,,0
2000002000,'Semaine-02',530,,3636,20,0,11 13,0,105,,3653,20,,,0,98,,3654,20,,,0,68,,3655,20,,,0,130,,3656,20,,,0,103,,3657,20,,,0,100,,3658,20,,,0,95,,3659,20,,,0,104,,3660,20,,,0,102,,3661,20,,,0,23,,3646,20,0,11 13,0,72,,3662,20,,,0,99,,3663,20,,,0,105,,3664,20,,,0,100,,3651,20,,,0,74,,3650,20,,,0,93,,3649,20,,,0,53,,3648,20,,,0,163,,3639,20,,,0,139,,3638,20,,,0
2000002000,'Semaine-03',530,,3667,20,0,11 13,0,105,,3684,20,,,0,98,,3685,20,,,0,68,,3686,20,,,0,130,,3687,20,,,0,103,,3688,20,,,0,100,,3689,20,,,0,95,,3690,20,,,0,104,,3691,20,,,0,102,,3692,20,,,0,23,,3677,20,0,11 13,0,72,,3693,20,,,0,99,,3694,20,,,0,105,,3695,20,,,0,100,,3682,20,,,0,74,,3681,20,,,0,93,,3680,20,,,0,53,,3679,20,,,0,163,,3670,20,,,0,139,,3669,20,,,0
