2000,'Dimanche-01',723,,146,620,,,0,124,,147,620,,,0,166,,148,620,,,0,125,,149,620,,,0,165,,150,620,,,0,124,,151,620,,,0,125,,152,620,,,0,165,,153,620,,,0
2000,'Fête-1-01',723,,2722,620,,,0,124,,2723,620,,,0,166,,2724,620,,,0,125,,2725,620,,,0,165,,2726,620,,,0,124,,2727,620,,,0,125,,2728,620,,,0,165,,2729,620,,,0
2000,'Samedi-01',723,,171,620,,,0,124,,172,620,,,0,166,,173,620,,,0,125,,174,620,,,0,165,,175,620,,,0,124,,176,620,,,0,125,,177,620,,,0,165,,178,620,,,0
2000,'Semaine-01',707,,179,610,,,0,125,,180,610,,,0,125,,181,610,,,0,166,,182,610,,,0,126,,183,610,,,0,165,,184,610,,,0,126,,185,610,,,0,166,,186,610,,,0,126,,187,610,,,0
2000,'Semaine-01-0001100',1956,,189,610,,,0,164,,188,610,,,0
2000,'Semaine-02',707,,2730,610,,,0,125,,2731,610,,,0,125,,2732,610,,,0,166,,2733,610,,,0,126,,2734,610,,,0,165,,2735,610,,,0,126,,2736,610,,,0,166,,2737,610,,,0,126,,2738,610,,,0
2000,'Semaine-02-0001100',1956,,2740,610,,,0,164,,2739,610,,,0
2000,'Semaine-03',707,,2741,610,,,0,125,,2742,610,,,0,125,,2743,610,,,0,166,,2744,610,,,0,126,,2745,610,,,0,165,,2746,610,,,0,126,,2747,610,,,0,166,,2748,610,,,0,126,,2749,610,,,0
2000,'Semaine-03-0001100',1956,,2751,610,,,0,164,,2750,610,,,0
2000001901,'Dimanche-01',741,,1246,40,0,19,0,170,,1247,40,0,19,0,131,,1248,40,0,19,0,171,,1249,40,0,19,0,130,,1250,40,0,19,0,170,,1251,40,0,19,0,130,,1252,40,0,19,0,170,,1253,40,0,19,0,129,,1254,40,0,19,0,170,,1255,40,0,19,0,130,,1256,40,0,19,0,170,,1257,40,0,19,0
2000001901,'Fête-1-01',741,,3562,40,0,19,0,170,,3563,40,0,19,0,131,,3564,40,0,19,0,171,,3565,40,0,19,0,130,,3566,40,0,19,0,170,,3567,40,0,19,0,130,,3568,40,0,19,0,170,,3569,40,0,19,0,129,,3570,40,0,19,0,170,,3571,40,0,19,0,130,,3572,40,0,19,0,170,,3573,40,0,19,0
2000001901,'Samedi-01',741,,1288,40,0,19,0,170,,1289,40,0,19,0,131,,1290,40,0,19,0,171,,1291,40,0,19,0,130,,1292,40,0,19,0,170,,1293,40,0,19,0,130,,1294,40,0,19,0,170,,1295,40,0,19,0,129,,1296,40,0,19,0,170,,1297,40,0,19,0,130,,1298,40,0,19,0,170,,1299,40,0,19,0
2000001901,'Semaine-01',657,,1300,40,0,19,0,100,,1301,40,0,19,0,70,,1302,40,0,19,0,101,,1303,40,0,19,0,100,,1304,40,0,19,0,95,,1305,40,0,19,0,100,,1306,40,0,19,0,100,,1307,40,0,19,0,100,,1308,40,0,19,0,100,,1309,40,0,19,0,103,,1310,40,0,19,0,101,,1311,40,0,19,0,100,,1312,40,0,19,0,30,,1313,40,0,19,0,96,,1314,40,0,19,0,99,,1315,40,0,19,0,160,,1316,40,0,19,0,139,,1317,40,0,19,0
2000001901,'Semaine-02',657,,3574,40,0,19,0,100,,3575,40,0,19,0,70,,3576,40,0,19,0,101,,3577,40,0,19,0,100,,3578,40,0,19,0,95,,3579,40,0,19,0,100,,3580,40,0,19,0,100,,3581,40,0,19,0,100,,3582,40,0,19,0,100,,3583,40,0,19,0,103,,3584,40,0,19,0,101,,3585,40,0,19,0,100,,3586,40,0,19,0,30,,3587,40,0,19,0,96,,3588,40,0,19,0,99,,3589,40,0,19,0,160,,3590,40,0,19,0,139,,3591,40,0,19,0
2000001901,'Semaine-03',657,,3592,40,0,19,0,100,,3593,40,0,19,0,70,,3594,40,0,19,0,101,,3595,40,0,19,0,100,,3596,40,0,19,0,95,,3597,40,0,19,0,100,,3598,40,0,19,0,100,,3599,40,0,19,0,100,,3600,40,0,19,0,100,,3601,40,0,19,0,103,,3602,40,0,19,0,101,,3603,40,0,19,0,100,,3604,40,0,19,0,30,,3605,40,0,19,0,96,,3606,40,0,19,0,99,,3607,40,0,19,0,160,,3608,40,0,19,0,139,,3609,40,0,19,0
