100,'Dimanche-01',657,,12,750,4,,0,201,,1,750,4,,0,169,,2,750,4,,0,131,,3,750,4,,0,165,,4,750,4,,0,123,,5,750,4,,0,157,,6,750,4,,0,120,,7,750,4,,0,123,,8,750,4,,0,175,,9,750,4,,0,115,,10,750,4,,0,115,,11,750,4,,0
100,'Samedi-01',657,,54,750,4,,0,201,,43,750,4,,0,169,,44,750,4,,0,131,,45,750,4,,0,165,,46,750,4,,0,123,,47,750,4,,0,157,,48,750,4,,0,120,,49,750,4,,0,123,,50,750,4,,0,175,,51,750,4,,0,115,,52,750,4,,0,115,,53,750,4,,0
100,'Semaine-01',546,,55,750,4,,0,105,,56,750,4,,0,68,,57,750,4,,0,84,,58,750,4,,0,115,,59,750,4,,0,103,,62,750,4,,0,92,,71,750,4,,0,103,,63,750,4,,0,105,,72,750,4,,0,38,,64,750,4,,0,141,,65,750,4,,0,100,,69,750,4,,0,110,,66,750,4,,0,34,,67,750,4,,0,103,,60,750,4,,0,92,,61,750,4,,0,171,,70,750,4,,0,142,,68,750,4,,0
2100,'Semaine-01',603,,240,390,4,,0,30,,241,390,4,,0,73,,242,390,4,,0,37,,243,390,4,,0,70,,244,390,4,,0,36,,245,390,4,,0
2300,'Semaine-01',604,,295,430,4,,0,27,,296,430,4,,0,17,,297,430,4,,0,75,,298,430,4,,0,26,,299,430,4,,0,61,,300,430,4,,0,20,,301,430,4,,0,20,,302,430,4,,0
2500,'Semaine-01',621,,346,410,4,,0,34,,343,430,4,,0,61,,347,410,4,,0,29,,344,430,4,,0,66,,348,410,4,,0,29,,345,430,4,,0
2600,'Semaine-01',518,,363,380,4,,0,16,,364,390,4,,0
3100,'Dimanche-01',738,,492,470,4,,0,219,,493,470,4,,0,278,,491,470,4,,0,123,,484,470,4,,0,160,,485,470,4,,0,118,,486,470,4,,0,118,,487,470,4,,0,159,,488,470,4,,0,127,,489,470,4,,0,261,,483,470,4,,0,213,,490,470,4,,0
3100,'Samedi-01',627,,537,470,4,,0,83,,548,470,4,,0,205,,549,470,4,,0,125,,546,470,4,,0,164,,536,470,4,,0,124,,547,470,4,,0,124,,538,470,4,,0,164,,539,470,4,,0,124,,540,470,4,,0,164,,541,470,4,,0,124,,542,470,4,,0,27,,543,470,4,,0,256,,544,470,4,,0,213,,545,470,4,,0
3100,'Semaine-01',641,,574,470,4,,0,80,,550,470,4,,0,82,,560,470,4,,0,40,,575,470,4,,0,80,,569,470,4,,0,80,,570,470,4,,0,37,,571,470,4,,0,79,,577,470,4,,0,84,,572,470,4,,0,43,,573,470,4,,0,83,,551,470,4,,0,83,,552,470,4,,0,42,,553,470,4,,0,84,,554,470,4,,0,84,,555,470,4,,0,85,,556,470,4,,0,46,,557,470,4,,0,83,,558,470,4,,0,84,,559,470,4,,0,82,,561,470,4,,0,42,,562,470,4,,0,79,,563,470,4,,0,80,,564,470,4,,0,37,,565,470,4,,0,80,,566,470,4,,0,80,,567,470,4,,0,40,,568,470,4,,0
3200,'Dimanche-01',633,,578,480,4,,0,214,,583,480,4,,0,263,,586,480,4,,0,192,,587,480,4,,0,119,,579,480,4,,0,122,,589,480,4,,0,160,,580,480,4,,0,119,,582,480,4,,0,118,,581,480,4,,0,213,,584,480,4,,0,256,,585,480,4,,0
3200,'Samedi-01',604,,635,360,4,,0,141,,641,480,4,,0,77,,636,480,4,,0,120,,644,480,4,,0,163,,645,480,4,,0,124,,646,480,4,,0,124,,637,480,4,,0,164,,648,480,4,,0,124,,638,480,4,,0,168,,639,480,4,,0,120,,640,480,4,,0,274,,642,480,4,,0,216,,643,480,4,,0
3200,'Semaine-01',705,,674,480,4,,0,41,,649,480,4,,0,80,,677,480,4,,0,80,,660,480,4,,0,40,,668,480,4,,0,77,,669,480,4,,0,81,,670,480,4,,0,41,,671,480,4,,0,83,,672,480,4,,0,83,,673,480,4,,0,43,,650,480,4,,0,82,,651,480,4,,0,84,,652,480,4,,0,86,,676,480,4,,0,17,,653,130,4,,0,28,,654,480,4,,0,58,,678,130,4,,0,24,,655,480,4,,0,20,,679,130,4,,0,65,,656,480,4,,0,84,,657,480,4,,0,41,,658,480,4,,0,83,,659,480,4,,0,80,,661,480,4,,0,40,,662,480,4,,0,80,,663,480,4,,0,80,,664,480,4,,0,40,,665,480,4,,0,80,,666,480,4,,0,80,,667,480,4,,0
9800,'Semaine-01',706,,855,270,4,,0,102,,843,370,4,,0,104,,847,370,4,,0,105,,848,370,4,,0,506,,849,370,4,,0,105,,850,370,4,,0,105,,851,370,4,,0,105,,852,370,4,,0,101,,853,370,4,,0,97,,854,370,4,,0,95,,844,370,4,,0,90,,845,370,4,,0
11100,'Dimanche-01',844,,857,500,4,,0,187,,856,500,4,,0,291,,858,500,4,,0,289,,859,500,4,,0,305,,860,500,4,,0
11100,'Samedi-01',844,,887,500,4,,0,187,,886,500,4,,0,291,,888,500,4,,0,289,,889,500,4,,0,305,,890,500,4,,0
11100,'Semaine-01',609,,896,500,4,,0,97,,897,500,4,,0,110,,898,500,4,,0,95,,899,500,4,,0,114,,912,500,4,,0,76,,894,500,4,,0,225,,895,500,4,,0,380,,906,500,4,,0,99,,908,500,4,,0,354,,910,430,4,,0
