101,'Dimanche-01',729,,73,130,,,0,205,,74,130,,,0,170,,75,130,,,0,132,,76,130,,,0,166,,77,130,,,0,120,,78,130,,,0,120,,79,130,,,0,160,,80,130,,,0,119,,81,130,,,0,134,,82,130,,,0,154,,83,130,,,0,115,,84,130,,,0
101,'Fête-1-01',729,,2674,130,,,0,205,,2675,130,,,0,170,,2676,130,,,0,132,,2677,130,,,0,166,,2678,130,,,0,120,,2679,130,,,0,120,,2680,130,,,0,160,,2681,130,,,0,119,,2682,130,,,0,134,,2683,130,,,0,154,,2684,130,,,0,115,,2685,130,,,0
101,'Samedi-01',729,,115,130,,,0,205,,116,130,,,0,170,,117,130,,,0,132,,118,130,,,0,166,,119,130,,,0,120,,120,130,,,0,120,,121,130,,,0,160,,122,130,,,0,119,,123,130,,,0,134,,124,130,,,0,154,,125,130,,,0,115,,126,130,,,0
101,'Semaine-01',627,,127,130,,,0,100,,136,130,,,0,30,,138,130,,,0,90,,139,130,,,0,111,,140,130,,,0,145,,141,130,,,0,55,,143,130,,,0,101,,142,130,,,0,146,,144,130,,,0,41,,128,130,,,0,102,,129,130,,,0,96,,130,130,,,0,109,,131,130,,,0,74,,132,130,,,0,104,,133,130,,,0,84,,134,130,,,0,134,,135,130,,,0,175,,137,130,,,0
101,'Semaine-02',622,,2686,130,,,0,100,,2695,130,,,0,30,,2697,130,,,0,100,,2698,130,,,0,106,,2699,130,,,0,95,,2700,130,,,0,100,,2702,130,,,0,96,,2701,130,,,0,151,,2703,130,,,0,46,,2687,130,,,0,107,,2688,130,,,0,91,,2689,130,,,0,109,,2690,130,,,0,69,,2691,130,,,0,29,,2692,130,,,0,149,,2693,130,,,0,144,,2694,130,,,0,190,,2696,130,,,0
101,'Semaine-03',627,,2704,130,,,0,100,,2713,130,,,0,30,,2715,130,,,0,90,,2716,130,,,0,111,,2717,130,,,0,145,,2718,130,,,0,55,,2720,130,,,0,101,,2719,130,,,0,146,,2721,130,,,0,41,,2705,130,,,0,102,,2706,130,,,0,96,,2707,130,,,0,109,,2708,130,,,0,74,,2709,130,,,0,104,,2710,130,,,0,84,,2711,130,,,0,134,,2712,130,,,0,175,,2714,130,,,0
2101,'Semaine-01',700,,260,130,0,5 6,0,39,,261,130,0,5 6,0,81,,262,130,0,5 6,0,796,,254,130,,,0,23,,255,130,,,0,66,,256,130,,,0,25,,257,130,,,0,25,,258,130,,,0,68,,259,130,,,0
2101,'Semaine-02',658,,2800,130,0,5 6,0,82,,2801,130,0,5 6,0,82,,2802,130,0,5 6,0,797,,2794,130,,,0,25,,2795,130,,,0,64,,2796,130,,,0,25,,2797,130,,,0,25,,2798,130,,,0,68,,2799,130,,,0
2101,'Semaine-03',700,,2809,130,0,5 6,0,39,,2810,130,0,5 6,0,81,,2811,130,0,5 6,0,796,,2803,130,,,0,23,,2804,130,,,0,66,,2805,130,,,0,25,,2806,130,,,0,25,,2807,130,,,0,68,,2808,130,,,0
2801,'Semaine-01',1353,,445,70,0,6,0,187,,451,70,0,6,0,17,,454,70,0,6,0,55,,458,70,0,6,0,17,,455,70,0,6,0,15,,443,70,0,7,0,10,,457,70,0,6,0,50,,446,70,0,6,0,9,,447,70,0,6,0,10,,442,70,,,0,10,,448,70,0,6,0,8,,449,70,0,6,0,10,,444,70,0,7,0,54,,450,70,0,6,0,11,,452,70,0,6,0,25,,453,70,0,6,0
2801,'Semaine-02',1353,,2982,70,0,6,0,187,,2986,70,0,6,0,17,,2989,70,0,6,0,55,,2992,70,0,6,0,17,,2980,70,0,7,0,15,,2990,70,0,6,0,15,,2991,70,0,6,0,54,,2983,70,0,6,0,15,,2979,70,,,0,13,,2984,70,0,6,0,14,,2981,70,0,7,0,55,,2985,70,0,6,0,11,,2987,70,0,6,0,20,,2988,70,0,6,0
2801,'Semaine-03',1353,,2996,70,0,6,0,187,,3002,70,0,6,0,17,,3005,70,0,6,0,55,,3008,70,0,6,0,17,,3006,70,0,6,0,15,,2994,70,0,7,0,10,,3007,70,0,6,0,50,,2997,70,0,6,0,9,,2998,70,0,6,0,10,,2993,70,,,0,10,,2999,70,0,6,0,8,,3000,70,0,6,0,10,,2995,70,0,7,0,54,,3001,70,0,6,0,11,,3003,70,0,6,0,25,,3004,70,0,6,0
3100,'Dimanche-01',704,,492,130,,,0,217,,493,130,,,0,238,,491,130,,,0,163,,484,130,,,0,120,,485,130,,,0,158,,486,130,,,0,118,,487,130,,,0,119,,488,130,,,0,167,,489,130,,,0,221,,483,130,,,0,215,,490,130,,,0
3100,'Fête-1-01',553,,3034,130,,,0,83,,3045,130,,,0,203,,3046,130,,,0,165,,3043,130,,,0,124,,3033,130,,,0,124,,3044,130,,,0,164,,3035,130,,,0,124,,3036,130,,,0,164,,3037,130,,,0,124,,3038,130,,,0,124,,3039,130,,,0,67,,3040,130,,,0,216,,3041,130,,,0,215,,3042,130,,,0
3100,'Samedi-01',553,,537,130,,,0,83,,548,130,,,0,203,,549,130,,,0,165,,546,130,,,0,124,,536,130,,,0,124,,547,130,,,0,164,,538,130,,,0,124,,539,130,,,0,164,,540,130,,,0,124,,541,130,,,0,124,,542,130,,,0,67,,543,130,,,0,216,,544,130,,,0,215,,545,130,,,0
3100,'Semaine-01',600,,574,130,,,0,40,,550,130,,,0,80,,560,130,,,0,80,,575,130,,,0,40,,569,130,,,0,80,,570,130,,,0,80,,571,130,,,0,41,,577,130,,,0,81,,572,130,,,0,83,,573,130,,,0,43,,551,130,,,0,83,,552,130,,,0,82,,553,130,,,0,42,,554,130,,,0,85,,555,130,,,0,85,,556,130,,,0,85,,557,130,,,0,45,,558,130,,,0,85,,559,130,,,0,83,,561,130,,,0,82,,562,130,,,0,40,,563,130,,,0,80,,564,130,,,0,80,,565,130,,,0,40,,566,130,,,0,80,,567,130,,,0,80,,568,130,,,0,121,,576,130,0,5 6,0
3100,'Semaine-02',554,,3071,130,,,0,81,,3047,130,,,0,81,,3057,130,,,0,42,,3072,130,,,0,82,,3066,130,,,0,82,,3067,130,,,0,82,,3068,130,,,0,42,,3074,130,,,0,83,,3069,130,,,0,83,,3070,130,,,0,43,,3048,130,,,0,83,,3049,130,,,0,83,,3050,130,,,0,84,,3051,130,,,0,46,,3052,130,,,0,87,,3053,130,,,0,86,,3054,130,,,0,85,,3055,130,,,0,42,,3056,130,,,0,81,,3058,130,,,0,81,,3059,130,,,0,41,,3060,130,,,0,81,,3061,130,,,0,81,,3062,130,,,0,40,,3063,130,,,0,80,,3064,130,,,0,80,,3065,130,,,0,111,,3073,130,0,5 6,0
3100,'Semaine-03',600,,3099,130,,,0,40,,3075,130,,,0,80,,3085,130,,,0,80,,3100,130,,,0,40,,3094,130,,,0,80,,3095,130,,,0,80,,3096,130,,,0,41,,3102,130,,,0,81,,3097,130,,,0,83,,3098,130,,,0,43,,3076,130,,,0,83,,3077,130,,,0,82,,3078,130,,,0,42,,3079,130,,,0,85,,3080,130,,,0,85,,3081,130,,,0,85,,3082,130,,,0,45,,3083,130,,,0,85,,3084,130,,,0,83,,3086,130,,,0,82,,3087,130,,,0,40,,3088,130,,,0,80,,3089,130,,,0,80,,3090,130,,,0,40,,3091,130,,,0,80,,3092,130,,,0,80,,3093,130,,,0,121,,3101,130,0,5 6,0
11101,'Dimanche-01',912,,917,130,,,0,188,,916,130,,,0,257,,918,130,,,0,288,,919,130,,,0,303,,920,130,,,0
11101,'Fête-1-01',912,,3338,130,,,0,188,,3337,130,,,0,257,,3339,130,,,0,288,,3340,130,,,0,303,,3341,130,,,0
11101,'Samedi-01',912,,949,130,,,0,188,,948,130,,,0,257,,950,130,,,0,288,,951,130,,,0,303,,952,130,,,0
11101,'Semaine-01',641,,966,70,,,0,2,,965,130,,,0,95,,972,130,,,0,169,,973,130,,,0,95,,970,130,,,0,155,,975,130,,,0,265,,956,130,,,0,110,,957,70,,,0,10,,959,130,,,0,91,,960,70,,,0,19,,967,130,,,0,56,,962,70,,,0,30,,963,70,,,0,13,,961,70,,,0,51,,968,130,,,0,9,,964,70,,,0,45,,969,130,,,0,77,,958,140,,,0,302,,971,130,,,0
11101,'Semaine-02',721,,3353,140,,,0,107,,3356,140,,,0,101,,3357,140,,,0,8,,3355,130,,,0,270,,3359,130,,,0,205,,3345,130,,,0,143,,3346,140,,,0,65,,3348,140,,,0,30,,3349,140,,,0,70,,3350,140,,,0,30,,3351,140,,,0,70,,3352,140,,,0,89,,3354,140,,,0,24,,3347,140,,,0,305,,3361,130,,,0
11101,'Semaine-03',641,,3372,70,,,0,2,,3371,130,,,0,95,,3378,130,,,0,169,,3379,130,,,0,95,,3376,130,,,0,155,,3381,130,,,0,265,,3362,130,,,0,110,,3363,70,,,0,10,,3365,130,,,0,91,,3366,70,,,0,19,,3373,130,,,0,56,,3368,70,,,0,30,,3369,70,,,0,13,,3367,70,,,0,51,,3374,130,,,0,9,,3370,70,,,0,45,,3375,130,,,0,77,,3364,140,,,0,302,,3377,130,,,0
