2000001900,'Dimanche-01',543,,1174,40,0,19,0,170,,1175,40,0,19,0,130,,1176,40,0,19,0,170,,1177,40,0,19,0,130,,1178,40,0,19,0,170,,1179,40,0,19,0,130,,1180,40,0,19,0,170,,1181,40,0,19,0,130,,1182,40,0,19,0,170,,1183,40,0,19,0,130,,1184,40,0,19,0,170,,1185,40,0,19,0
2000001900,'Fête-1-01',543,,3514,40,0,19,0,170,,3515,40,0,19,0,130,,3516,40,0,19,0,170,,3517,40,0,19,0,130,,3518,40,0,19,0,170,,3519,40,0,19,0,130,,3520,40,0,19,0,170,,3521,40,0,19,0,130,,3522,40,0,19,0,170,,3523,40,0,19,0,130,,3524,40,0,19,0,170,,3525,40,0,19,0
2000001900,'Samedi-01',543,,1216,40,0,19,0,170,,1217,40,0,19,0,130,,1218,40,0,19,0,170,,1219,40,0,19,0,130,,1220,40,0,19,0,170,,1221,40,0,19,0,130,,1222,40,0,19,0,170,,1223,40,0,19,0,130,,1224,40,0,19,0,170,,1225,40,0,19,0,130,,1226,40,0,19,0,170,,1227,40,0,19,0
2000001900,'Semaine-01',448,,1228,40,0,19,0,100,,1229,40,0,19,0,70,,1230,40,0,19,0,100,,1231,40,0,19,0,100,,1232,40,0,19,0,100,,1233,40,0,19,0,96,,1234,40,0,19,0,100,,1235,40,0,19,0,100,,1236,40,0,19,0,100,,1237,40,0,19,0,100,,1238,40,0,19,0,100,,1239,40,0,19,0,100,,1240,40,0,19,0,34,,1241,40,0,19,0,100,,1242,40,0,19,0,96,,1243,40,0,19,0,165,,1244,40,0,19,0,149,,1245,40,0,19,0
2000001900,'Semaine-02',448,,3526,40,0,19,0,100,,3527,40,0,19,0,70,,3528,40,0,19,0,100,,3529,40,0,19,0,100,,3530,40,0,19,0,100,,3531,40,0,19,0,96,,3532,40,0,19,0,100,,3533,40,0,19,0,100,,3534,40,0,19,0,100,,3535,40,0,19,0,100,,3536,40,0,19,0,100,,3537,40,0,19,0,100,,3538,40,0,19,0,34,,3539,40,0,19,0,100,,3540,40,0,19,0,96,,3541,40,0,19,0,165,,3542,40,0,19,0,149,,3543,40,0,19,0
2000001900,'Semaine-03',448,,3544,40,0,19,0,100,,3545,40,0,19,0,70,,3546,40,0,19,0,100,,3547,40,0,19,0,100,,3548,40,0,19,0,100,,3549,40,0,19,0,96,,3550,40,0,19,0,100,,3551,40,0,19,0,100,,3552,40,0,19,0,100,,3553,40,0,19,0,100,,3554,40,0,19,0,100,,3555,40,0,19,0,100,,3556,40,0,19,0,34,,3557,40,0,19,0,100,,3558,40,0,19,0,96,,3559,40,0,19,0,165,,3560,40,0,19,0,149,,3561,40,0,19,0
2000001901,'Dimanche-01',742,,1246,50,0,19,0,170,,1247,50,0,19,0,131,,1248,50,0,19,0,171,,1249,50,0,19,0,130,,1250,50,0,19,0,170,,1251,50,0,19,0,130,,1252,50,0,19,0,170,,1253,50,0,19,0,129,,1254,50,0,19,0,170,,1255,50,0,19,0,130,,1256,50,0,19,0,170,,1257,50,0,19,0
2000001901,'Fête-1-01',742,,3562,50,0,19,0,170,,3563,50,0,19,0,131,,3564,50,0,19,0,171,,3565,50,0,19,0,130,,3566,50,0,19,0,170,,3567,50,0,19,0,130,,3568,50,0,19,0,170,,3569,50,0,19,0,129,,3570,50,0,19,0,170,,3571,50,0,19,0,130,,3572,50,0,19,0,170,,3573,50,0,19,0
2000001901,'Samedi-01',742,,1288,50,0,19,0,170,,1289,50,0,19,0,131,,1290,50,0,19,0,171,,1291,50,0,19,0,130,,1292,50,0,19,0,170,,1293,50,0,19,0,130,,1294,50,0,19,0,170,,1295,50,0,19,0,129,,1296,50,0,19,0,170,,1297,50,0,19,0,130,,1298,50,0,19,0,170,,1299,50,0,19,0
2000001901,'Semaine-01',658,,1300,50,0,19,0,100,,1301,50,0,19,0,70,,1302,50,0,19,0,101,,1303,50,0,19,0,100,,1304,50,0,19,0,95,,1305,50,0,19,0,100,,1306,50,0,19,0,100,,1307,50,0,19,0,100,,1308,50,0,19,0,100,,1309,50,0,19,0,103,,1310,50,0,19,0,101,,1311,50,0,19,0,100,,1312,50,0,19,0,30,,1313,50,0,19,0,96,,1314,50,0,19,0,99,,1315,50,0,19,0,160,,1316,50,0,19,0,139,,1317,50,0,19,0
2000001901,'Semaine-02',658,,3574,50,0,19,0,100,,3575,50,0,19,0,70,,3576,50,0,19,0,101,,3577,50,0,19,0,100,,3578,50,0,19,0,95,,3579,50,0,19,0,100,,3580,50,0,19,0,100,,3581,50,0,19,0,100,,3582,50,0,19,0,100,,3583,50,0,19,0,103,,3584,50,0,19,0,101,,3585,50,0,19,0,100,,3586,50,0,19,0,30,,3587,50,0,19,0,96,,3588,50,0,19,0,99,,3589,50,0,19,0,160,,3590,50,0,19,0,139,,3591,50,0,19,0
2000001901,'Semaine-03',658,,3592,50,0,19,0,100,,3593,50,0,19,0,70,,3594,50,0,19,0,101,,3595,50,0,19,0,100,,3596,50,0,19,0,95,,3597,50,0,19,0,100,,3598,50,0,19,0,100,,3599,50,0,19,0,100,,3600,50,0,19,0,100,,3601,50,0,19,0,103,,3602,50,0,19,0,101,,3603,50,0,19,0,100,,3604,50,0,19,0,30,,3605,50,0,19,0,96,,3606,50,0,19,0,99,,3607,50,0,19,0,160,,3608,50,0,19,0,139,,3609,50,0,19,0
