101,'Dimanche-01',738,,73,240,,,0,206,,74,240,,,0,170,,75,240,,,0,133,,76,240,,,0,167,,77,240,,,0,120,,78,240,,,0,120,,79,240,,,0,160,,80,240,,,0,118,,81,240,,,0,174,,82,240,,,0,114,,83,240,,,0,113,,84,240,,,0
101,'Fête-1-01',738,,2674,240,,,0,206,,2675,240,,,0,170,,2676,240,,,0,133,,2677,240,,,0,167,,2678,240,,,0,120,,2679,240,,,0,120,,2680,240,,,0,160,,2681,240,,,0,118,,2682,240,,,0,174,,2683,240,,,0,114,,2684,240,,,0,113,,2685,240,,,0
101,'Samedi-01',738,,115,240,,,0,206,,116,240,,,0,170,,117,240,,,0,133,,118,240,,,0,167,,119,240,,,0,120,,120,240,,,0,120,,121,240,,,0,160,,122,240,,,0,118,,123,240,,,0,174,,124,240,,,0,114,,125,240,,,0,113,,126,240,,,0
101,'Semaine-01',637,,127,240,,,0,101,,136,240,,,0,70,,138,240,,,0,50,,139,240,,,0,151,,140,240,,,0,105,,141,240,,,0,95,,143,240,,,0,102,,142,240,,,0,106,,144,240,,,0,41,,128,240,,,0,143,,129,240,,,0,56,,130,240,,,0,148,,131,240,,,0,34,,132,240,,,0,103,,133,240,,,0,84,,134,240,,,0,133,,135,240,,,0,175,,137,240,,,0
101,'Semaine-02',632,,2686,240,,,0,101,,2695,240,,,0,70,,2697,240,,,0,100,,2698,240,,,0,106,,2699,240,,,0,95,,2700,240,,,0,100,,2702,240,,,0,97,,2701,240,,,0,111,,2703,240,,,0,46,,2687,240,,,0,148,,2688,240,,,0,51,,2689,240,,,0,148,,2690,240,,,0,29,,2691,240,,,0,69,,2692,240,,,0,108,,2693,240,,,0,143,,2694,240,,,0,190,,2696,240,,,0
101,'Semaine-03',637,,2704,240,,,0,101,,2713,240,,,0,70,,2715,240,,,0,50,,2716,240,,,0,151,,2717,240,,,0,105,,2718,240,,,0,95,,2720,240,,,0,102,,2719,240,,,0,106,,2721,240,,,0,41,,2705,240,,,0,143,,2706,240,,,0,56,,2707,240,,,0,148,,2708,240,,,0,34,,2709,240,,,0,103,,2710,240,,,0,84,,2711,240,,,0,133,,2712,240,,,0,175,,2714,240,,,0
2301,'Semaine-01',1558,,310,250,,,0,65,,311,250,,,0,30,,312,250,,,0,70,,313,250,,,0,29,,314,250,,,0,69,,315,250,,,0,29,,316,250,,,0
2301,'Semaine-02',1558,,2852,250,,,0,65,,2853,250,,,0,30,,2854,250,,,0,70,,2855,250,,,0,24,,2856,250,,,0,74,,2857,250,,,0,29,,2858,250,,,0
2301,'Semaine-03',1558,,2859,250,,,0,65,,2860,250,,,0,30,,2861,250,,,0,70,,2862,250,,,0,29,,2863,250,,,0,69,,2864,250,,,0,29,,2865,250,,,0
2401,'Semaine-01',1646,,332,150,,,0,85,,333,150,,,0,85,,336,150,,,0,21,,335,150,,,0,64,,334,150,,,0
2401,'Semaine-02',1611,,2877,150,,,0,47,,2878,150,,,0,86,,2881,150,,,0,85,,2880,150,,,0,82,,2879,150,,,0
2401,'Semaine-03',1646,,2882,150,,,0,85,,2883,150,,,0,85,,2886,150,,,0,21,,2885,150,,,0,64,,2884,150,,,0
2801,'Semaine-01',1402,,445,180,0,6,0,149,,451,180,0,6,0,57,,454,180,0,6,0,15,,458,180,0,6,0,17,,455,180,0,6,0,15,,443,180,0,7,0,50,,457,180,0,6,0,10,,446,180,0,6,0,9,,447,180,0,6,0,10,,442,180,,,0,10,,448,180,0,6,0,8,,449,180,0,6,0,50,,444,180,0,7,0,14,,450,180,0,6,0,10,,452,180,0,6,0,25,,453,180,0,6,0
2801,'Semaine-02',1402,,2982,180,0,6,0,149,,2986,180,0,6,0,57,,2989,180,0,6,0,15,,2992,180,0,6,0,17,,2980,180,0,7,0,15,,2990,180,0,6,0,55,,2991,180,0,6,0,14,,2983,180,0,6,0,15,,2979,180,,,0,13,,2984,180,0,6,0,54,,2981,180,0,7,0,15,,2985,180,0,6,0,10,,2987,180,0,6,0,20,,2988,180,0,6,0
2801,'Semaine-03',1402,,2996,180,0,6,0,149,,3002,180,0,6,0,57,,3005,180,0,6,0,15,,3008,180,0,6,0,17,,3006,180,0,6,0,15,,2994,180,0,7,0,50,,3007,180,0,6,0,10,,2997,180,0,6,0,9,,2998,180,0,6,0,10,,2993,180,,,0,10,,2999,180,0,6,0,8,,3000,180,0,6,0,50,,2995,180,0,7,0,14,,3001,180,0,6,0,10,,3003,180,0,6,0,25,,3004,180,0,6,0
3300,'Dimanche-01',545,,682,120,,,0,82,,680,120,,,0,90,,691,120,,,0,41,,701,120,,,0,83,,703,120,,,0,93,,704,120,,,0,80,,705,120,,,0,40,,706,120,,,0,80,,707,120,,,0,80,,683,120,,,0,40,,684,120,,,0,79,,685,120,,,0,80,,686,120,,,0,40,,687,120,,,0,79,,688,120,,,0,79,,689,120,,,0,39,,690,120,,,0,79,,692,120,,,0,79,,693,120,,,0,40,,694,120,,,0,87,,695,120,,,0,85,,696,120,,,0,86,,697,120,,,0,47,,698,120,,,0,86,,699,120,,,0,83,,700,120,,,0,88,,681,120,,,0,43,,702,120,,,0,159,,708,120,0,8 6,0
3300,'Fête-1-01',605,,3181,120,,,0,41,,3179,120,,,0,81,,3190,120,,,0,82,,3200,120,,,0,42,,3202,120,,,0,84,,3203,120,,,0,81,,3204,120,,,0,42,,3205,120,,,0,82,,3206,120,,,0,82,,3182,120,,,0,82,,3183,120,,,0,42,,3184,120,,,0,82,,3185,120,,,0,82,,3186,120,,,0,42,,3187,120,,,0,82,,3188,120,,,0,82,,3189,120,,,0,85,,3191,120,,,0,39,,3192,120,,,0,82,,3193,120,,,0,82,,3194,120,,,0,39,,3195,120,,,0,82,,3196,120,,,0,81,,3197,120,,,0,42,,3198,120,,,0,83,,3199,120,,,0,86,,3201,120,,,0,86,,3180,120,,,0,113,,3207,120,0,8 6,0
3300,'Samedi-01',605,,769,120,,,0,41,,767,120,,,0,81,,778,120,,,0,82,,788,120,,,0,42,,790,120,,,0,84,,791,120,,,0,81,,792,120,,,0,42,,793,120,,,0,82,,794,120,,,0,82,,770,120,,,0,82,,771,120,,,0,42,,772,120,,,0,82,,773,120,,,0,82,,774,120,,,0,42,,775,120,,,0,82,,776,120,,,0,82,,777,120,,,0,85,,779,120,,,0,39,,780,120,,,0,82,,781,120,,,0,82,,782,120,,,0,39,,783,120,,,0,82,,784,120,,,0,81,,785,120,,,0,42,,786,120,,,0,83,,787,120,,,0,86,,789,120,,,0,86,,768,120,,,0,113,,795,120,0,8 6,0
3300,'Semaine-01',612,,796,120,,,0,40,,824,120,,,0,81,,805,120,,,0,80,,815,120,,,0,40,,818,120,,,0,79,,819,120,,,0,80,,820,120,,,0,42,,821,120,,,0,81,,822,120,,,0,83,,797,120,,,0,83,,798,120,,,0,43,,799,120,,,0,82,,800,120,,,0,82,,801,120,,,0,46,,802,120,,,0,85,,803,120,,,0,85,,804,120,,,0,84,,806,120,,,0,44,,807,120,,,0,83,,808,120,,,0,82,,809,120,,,0,40,,810,120,,,0,80,,811,120,,,0,80,,812,120,,,0,40,,813,120,,,0,80,,814,120,,,0,80,,816,120,,,0,40,,817,120,,,0,96,,823,70,0,8 6,0
3300,'Semaine-02',607,,3208,120,,,0,41,,3236,120,,,0,82,,3217,120,,,0,82,,3227,120,,,0,42,,3230,120,,,0,81,,3231,120,,,0,82,,3232,120,,,0,83,,3233,120,,,0,43,,3234,120,,,0,83,,3209,120,,,0,83,,3210,120,,,0,43,,3211,120,,,0,83,,3212,120,,,0,84,,3213,120,,,0,87,,3214,120,,,0,47,,3215,120,,,0,85,,3216,120,,,0,85,,3218,120,,,0,81,,3219,120,,,0,41,,3220,120,,,0,81,,3221,120,,,0,81,,3222,120,,,0,41,,3223,120,,,0,81,,3224,120,,,0,80,,3225,120,,,0,40,,3226,120,,,0,80,,3228,120,,,0,80,,3229,120,,,0,45,,3235,70,0,8 6,0
3300,'Semaine-03',612,,3237,120,,,0,40,,3265,120,,,0,81,,3246,120,,,0,80,,3256,120,,,0,40,,3259,120,,,0,79,,3260,120,,,0,80,,3261,120,,,0,42,,3262,120,,,0,81,,3263,120,,,0,83,,3238,120,,,0,83,,3239,120,,,0,43,,3240,120,,,0,82,,3241,120,,,0,82,,3242,120,,,0,46,,3243,120,,,0,85,,3244,120,,,0,85,,3245,120,,,0,84,,3247,120,,,0,44,,3248,120,,,0,83,,3249,120,,,0,82,,3250,120,,,0,40,,3251,120,,,0,80,,3252,120,,,0,80,,3253,120,,,0,40,,3254,120,,,0,80,,3255,120,,,0,80,,3257,120,,,0,40,,3258,120,,,0,96,,3264,70,0,8 6,0
