11101,'Dimanche-01',740,,921,140,,,0,187,,917,270,,,0,190,,916,270,,,0,296,,918,270,,,0,290,,919,270,,,0,108,,922,140,,,0,193,,920,270,,,0,248,,923,140,,,0
11101,'Fête-1-01',740,,3342,140,,,0,187,,3338,270,,,0,190,,3337,270,,,0,296,,3339,270,,,0,290,,3340,270,,,0,108,,3343,140,,,0,193,,3341,270,,,0,248,,3344,140,,,0
11101,'Samedi-01',740,,953,140,,,0,187,,949,270,,,0,190,,948,270,,,0,296,,950,270,,,0,290,,951,270,,,0,108,,954,140,,,0,193,,952,270,,,0,248,,955,140,,,0
11101,'Semaine-01',649,,966,150,,,0,8,,965,270,,,0,98,,972,270,,,0,160,,973,210,,,0,95,,970,210,,,0,196,,976,140,,,0,7,,975,270,,,0,227,,956,270,,,0,111,,957,210,,,0,50,,959,270,,,0,51,,960,210,,,0,59,,967,270,,,0,16,,962,210,,,0,29,,963,210,,,0,53,,961,210,,,0,11,,968,270,,,0,9,,964,210,,,0,83,,969,270,,,0,37,,958,280,,,0,106,,974,140,,,0,194,,971,270,,,0
11101,'Semaine-02',735,,3353,280,,,0,110,,3356,280,,,0,96,,3357,280,,,0,4,,3355,210,,,0,262,,3360,140,,,0,16,,3359,270,,,0,207,,3345,270,,,0,184,,3346,280,,,0,25,,3348,280,,,0,70,,3349,280,,,0,30,,3350,280,,,0,69,,3351,280,,,0,30,,3352,280,,,0,87,,3354,280,,,0,23,,3347,280,,,0,102,,3358,140,,,0,202,,3361,270,,,0
11101,'Semaine-03',649,,3372,150,,,0,8,,3371,270,,,0,98,,3378,270,,,0,160,,3379,210,,,0,95,,3376,210,,,0,196,,3382,140,,,0,7,,3381,270,,,0,227,,3362,270,,,0,111,,3363,210,,,0,50,,3365,270,,,0,51,,3366,210,,,0,59,,3373,270,,,0,16,,3368,210,,,0,29,,3369,210,,,0,53,,3367,210,,,0,11,,3374,270,,,0,9,,3370,210,,,0,83,,3375,270,,,0,37,,3364,280,,,0,106,,3380,140,,,0,194,,3377,270,,,0
14001,'Dimanche-01',841,,979,150,,,0,115,,980,150,,,0,155,,981,150,,,0,116,,982,150,,,0,115,,983,150,,,0,115,,984,150,,,0,160,,985,150,,,0,119,,978,150,,,0
14001,'Fête-1-01',841,,3385,150,,,0,115,,3386,150,,,0,155,,3387,150,,,0,116,,3388,150,,,0,115,,3389,150,,,0,115,,3390,150,,,0,160,,3391,150,,,0,119,,3384,150,,,0
14001,'Samedi-01',841,,1010,150,,,0,115,,1011,150,,,0,155,,1012,150,,,0,116,,1013,150,,,0,115,,1014,150,,,0,115,,1015,150,,,0,160,,1016,150,,,0,119,,1009,150,,,0
14001,'Semaine-01',650,,1029,20,,,0,104,,1017,100,,,0,161,,1019,150,,,0,120,,1020,150,,,0,122,,1021,150,,,0,165,,1022,150,,,0,125,,1023,150,,,0,165,,1024,150,,,0,124,,1025,150,,,0,166,,1026,150,,,0,119,,1027,150,,,0,113,,1028,150,,,0
14001,'Semaine-02',650,,3404,20,,,0,104,,3392,100,,,0,161,,3394,150,,,0,120,,3395,150,,,0,122,,3396,150,,,0,165,,3397,150,,,0,125,,3398,150,,,0,165,,3399,150,,,0,124,,3400,150,,,0,166,,3401,150,,,0,119,,3402,150,,,0,113,,3403,150,,,0
14001,'Semaine-03',650,,3417,20,,,0,104,,3405,100,,,0,161,,3407,150,,,0,120,,3408,150,,,0,122,,3409,150,,,0,165,,3410,150,,,0,125,,3411,150,,,0,165,,3412,150,,,0,124,,3413,150,,,0,166,,3414,150,,,0,119,,3415,150,,,0,113,,3416,150,,,0
