100,'Dimanche-01',535,,12,10,,,0,200,,1,10,,,0,165,,2,10,,,0,130,,3,10,,,0,125,,4,10,,,0,165,,5,10,,,0,120,,6,10,,,0,160,,7,10,,,0,125,,8,10,,,0,175,,9,10,,,0,115,,10,10,,,0,115,,11,10,,,0
100,'Fête-1-01',535,,24,10,,,0,200,,13,10,,,0,165,,14,10,,,0,130,,15,10,,,0,125,,16,10,,,0,165,,17,10,,,0,120,,18,10,,,0,160,,19,10,,,0,125,,20,10,,,0,175,,21,10,,,0,115,,22,10,,,0,115,,23,10,,,0
100,'Fête-2-02',417,,25,10,,,0,103,,26,10,,,0,25,,27,10,,,0,80,,28,10,,,0,120,,29,10,,,0,105,,32,10,,,0,95,,41,10,,,0,100,,33,10,,,0,100,,42,10,,,0,80,,34,10,,,0,100,,35,10,,,0,100,,39,10,,,0,110,,36,10,,,0,75,,37,10,,,0,110,,30,10,,,0,95,,31,10,,,0,135,,40,10,,,0,185,,38,10,,,0
100,'Samedi-01',535,,54,10,,,0,200,,43,10,,,0,165,,44,10,,,0,130,,45,10,,,0,125,,46,10,,,0,165,,47,10,,,0,120,,48,10,,,0,160,,49,10,,,0,125,,50,10,,,0,175,,51,10,,,0,115,,52,10,,,0,115,,53,10,,,0
100,'Semaine-01',417,,55,10,,,0,103,,56,10,,,0,25,,57,10,,,0,80,,58,10,,,0,120,,59,10,,,0,106,,62,10,,,0,94,,71,10,,,0,101,,63,10,,,0,99,,72,10,,,0,78,,64,10,,,0,102,,65,10,,,0,100,,69,10,,,0,110,,66,10,,,0,75,,67,10,,,0,110,,60,10,,,0,95,,61,10,,,0,135,,70,10,,,0,185,,68,10,,,0
101,'Dimanche-01',836,,73,780,4,,0,207,,74,780,4,,0,171,,75,780,4,,0,133,,76,780,4,,0,167,,77,780,4,,0,120,,78,780,4,,0,120,,79,780,4,,0,160,,80,780,4,,0,117,,81,780,4,,0,174,,82,780,4,,0,114,,83,780,4,,0,112,,84,780,4,,0
101,'Fête-1-01',836,,85,780,4,,0,207,,86,780,4,,0,171,,87,780,4,,0,133,,88,780,4,,0,167,,89,780,4,,0,120,,90,780,4,,0,120,,91,780,4,,0,160,,92,780,4,,0,117,,93,780,4,,0,174,,94,780,4,,0,114,,95,780,4,,0,112,,96,780,4,,0
101,'Fête-2-02',737,,97,780,4,,0,101,,106,780,4,,0,70,,108,780,4,,0,50,,109,780,4,,0,150,,110,780,4,,0,105,,111,780,4,,0,95,,113,780,4,,0,105,,112,780,4,,0,107,,114,780,4,,0,81,,98,780,4,,0,106,,99,780,4,,0,95,,100,780,4,,0,104,,101,780,4,,0,34,,102,780,4,,0,103,,103,780,4,,0,83,,104,780,4,,0,132,,105,780,4,,0,172,,107,780,4,,0
101,'Samedi-01',836,,115,780,4,,0,207,,116,780,4,,0,171,,117,780,4,,0,133,,118,780,4,,0,167,,119,780,4,,0,120,,120,780,4,,0,120,,121,780,4,,0,160,,122,780,4,,0,117,,123,780,4,,0,174,,124,780,4,,0,114,,125,780,4,,0,112,,126,780,4,,0
101,'Semaine-01',737,,127,780,4,,0,6,,145,650,4,,0,95,,136,780,4,,0,70,,138,780,4,,0,50,,139,780,4,,0,150,,140,780,4,,0,105,,141,780,4,,0,95,,143,780,4,,0,105,,142,780,4,,0,107,,144,780,4,,0,81,,128,780,4,,0,106,,129,780,4,,0,95,,130,780,4,,0,104,,131,780,4,,0,34,,132,780,4,,0,103,,133,780,4,,0,83,,134,780,4,,0,132,,135,780,4,,0,172,,137,780,4,,0
