100,'Dimanche-01',630,,12,530,,,0,200,,1,530,,,0,126,,2,530,,,0,170,,3,530,,,0,125,,4,530,,,0,164,,5,530,,,0,118,,6,530,,,0,120,,7,530,,,0,163,,8,530,,,0,135,,9,530,,,0,155,,10,530,,,0,115,,11,530,,,0
100,'Fête-1-01',630,,2637,530,,,0,200,,2626,530,,,0,126,,2627,530,,,0,170,,2628,530,,,0,125,,2629,530,,,0,164,,2630,530,,,0,118,,2631,530,,,0,120,,2632,530,,,0,163,,2633,530,,,0,135,,2634,530,,,0,155,,2635,530,,,0,115,,2636,530,,,0
100,'Samedi-01',630,,54,530,,,0,200,,43,530,,,0,126,,44,530,,,0,170,,45,530,,,0,125,,46,530,,,0,164,,47,530,,,0,118,,48,530,,,0,120,,49,530,,,0,163,,50,530,,,0,135,,51,530,,,0,155,,52,530,,,0,115,,53,530,,,0
100,'Semaine-01',516,,55,530,,,0,104,,56,530,,,0,26,,57,530,,,0,81,,58,530,,,0,119,,59,530,,,0,104,,62,530,,,0,94,,71,530,,,0,101,,63,530,,,0,100,,72,530,,,0,78,,64,530,,,0,102,,65,530,,,0,100,,69,530,,,0,110,,66,530,,,0,75,,67,530,,,0,107,,60,530,,,0,92,,61,530,,,0,133,,70,530,,,0,184,,68,530,,,0
100,'Semaine-02',514,,2638,530,,,0,102,,2639,530,,,0,30,,2640,530,,,0,81,,2641,530,,,0,129,,2642,530,,,0,98,,2645,530,,,0,70,,2654,530,,,0,100,,2646,530,,,0,106,,2655,530,,,0,95,,2647,530,,,0,100,,2648,530,,,0,100,,2652,530,,,0,110,,2649,530,,,0,89,,2650,530,,,0,113,,2643,530,,,0,87,,2644,530,,,0,103,,2653,530,,,0,196,,2651,530,,,0
100,'Semaine-03',516,,2656,530,,,0,104,,2657,530,,,0,26,,2658,530,,,0,81,,2659,530,,,0,119,,2660,530,,,0,104,,2663,530,,,0,94,,2672,530,,,0,101,,2664,530,,,0,100,,2673,530,,,0,78,,2665,530,,,0,102,,2666,530,,,0,100,,2670,530,,,0,110,,2667,530,,,0,75,,2668,530,,,0,107,,2661,530,,,0,92,,2662,530,,,0,133,,2671,530,,,0,184,,2669,530,,,0
2300,'Semaine-01',535,,295,200,,,0,65,,296,200,,,0,15,,297,200,,,0,35,,298,200,,,0,65,,299,200,,,0,20,,300,200,,,0,20,,301,200,,,0,60,,302,200,,,0
2300,'Semaine-02',535,,2836,200,,,0,65,,2837,200,,,0,15,,2838,200,,,0,35,,2839,200,,,0,65,,2840,200,,,0,15,,2841,200,,,0,25,,2842,200,,,0,60,,2843,200,,,0
2300,'Semaine-03',535,,2844,200,,,0,65,,2845,200,,,0,15,,2846,200,,,0,35,,2847,200,,,0,65,,2848,200,,,0,20,,2849,200,,,0,20,,2850,200,,,0,60,,2851,200,,,0
2400,'Semaine-01',604,,322,140,,,0,22,,323,140,,,0,74,,324,140,,,0,52,,326,140,,,0,74,,327,140,,,0,80,,325,140,,,0
2400,'Semaine-02',548,,2866,140,,,0,78,,2867,140,,,0,81,,2868,140,,,0,42,,2869,140,,,0,82,,2870,140,,,0
2400,'Semaine-03',604,,2871,140,,,0,22,,2872,140,,,0,74,,2873,140,,,0,52,,2875,140,,,0,74,,2876,140,,,0,80,,2874,140,,,0
2600,'Semaine-01',456,,363,190,,,0
2600,'Semaine-02',456,,2911,190,,,0
2600,'Semaine-03',456,,2913,190,,,0
2800,'Semaine-01',507,,417,60,,,0,20,,416,60,,,0,15,,414,300,,,0,15,,428,60,,,0,55,,425,60,,,0,15,,413,340,,,0,10,,426,60,,,0,10,,415,300,,,0,11,,427,60,,,0,50,,418,60,,,0,10,,419,60,,,0,15,,420,60,,,0,15,,422,60,,,0,60,,423,60,,,0
2800,'Semaine-02',507,,2957,60,,,0,20,,2956,60,,,0,15,,2954,300,,,0,15,,2963,60,,,0,55,,2964,60,,,0,15,,2953,340,,,0,15,,2955,300,,,0,16,,2958,60,,,0,55,,2959,60,,,0,15,,2960,60,,,0,20,,2961,60,,,0,60,,2962,60,,,0
2800,'Semaine-03',507,,2969,60,,,0,20,,2968,60,,,0,15,,2966,300,,,0,15,,2978,60,,,0,55,,2975,60,,,0,15,,2965,340,,,0,10,,2976,60,,,0,10,,2967,300,,,0,11,,2977,60,,,0,50,,2970,60,,,0,10,,2971,60,,,0,15,,2972,60,,,0,15,,2973,60,,,0,60,,2974,60,,,0
3300,'Dimanche-01',601,,682,380,,,0,42,,680,380,,,0,91,,691,380,,,0,81,,701,380,,,0,43,,703,380,,,0,93,,704,380,,,0,80,,705,380,,,0,80,,706,380,,,0,40,,707,380,,,0,80,,683,380,,,0,80,,684,380,,,0,39,,685,380,,,0,80,,686,380,,,0,80,,687,380,,,0,39,,688,380,,,0,79,,689,380,,,0,79,,690,380,,,0,39,,692,380,,,0,79,,693,380,,,0,80,,694,380,,,0,47,,695,380,,,0,85,,696,380,,,0,85,,697,380,,,0,87,,698,380,,,0,46,,699,380,,,0,83,,700,380,,,0,88,,681,380,,,0,83,,702,380,,,0
3300,'Fête-1-01',621,,3181,380,,,0,81,,3179,380,,,0,42,,3190,380,,,0,82,,3200,380,,,0,82,,3202,380,,,0,44,,3203,380,,,0,81,,3204,380,,,0,82,,3205,380,,,0,42,,3206,380,,,0,82,,3182,380,,,0,82,,3183,380,,,0,82,,3184,380,,,0,42,,3185,380,,,0,82,,3186,380,,,0,82,,3187,380,,,0,42,,3188,380,,,0,82,,3189,380,,,0,85,,3191,380,,,0,39,,3192,380,,,0,82,,3193,380,,,0,82,,3194,380,,,0,79,,3195,380,,,0,41,,3196,380,,,0,81,,3197,380,,,0,82,,3198,380,,,0,43,,3199,380,,,0,86,,3201,380,,,0,86,,3180,380,,,0
3300,'Samedi-01',621,,769,380,,,0,81,,767,380,,,0,42,,778,380,,,0,82,,788,380,,,0,82,,790,380,,,0,44,,791,380,,,0,81,,792,380,,,0,82,,793,380,,,0,42,,794,380,,,0,82,,770,380,,,0,82,,771,380,,,0,82,,772,380,,,0,42,,773,380,,,0,82,,774,380,,,0,82,,775,380,,,0,42,,776,380,,,0,82,,777,380,,,0,85,,779,380,,,0,39,,780,380,,,0,82,,781,380,,,0,82,,782,380,,,0,79,,783,380,,,0,41,,784,380,,,0,81,,785,380,,,0,82,,786,380,,,0,43,,787,380,,,0,86,,789,380,,,0,86,,768,380,,,0
3300,'Semaine-01',628,,796,380,,,0,80,,824,380,,,0,41,,805,380,,,0,80,,815,380,,,0,80,,818,380,,,0,40,,819,380,,,0,80,,820,380,,,0,82,,821,380,,,0,41,,822,380,,,0,83,,797,380,,,0,83,,798,380,,,0,83,,799,380,,,0,43,,800,380,,,0,83,,801,380,,,0,86,,802,380,,,0,45,,803,380,,,0,85,,804,380,,,0,84,,806,380,,,0,81,,807,380,,,0,43,,808,380,,,0,82,,809,380,,,0,80,,810,380,,,0,40,,811,380,,,0,79,,812,380,,,0,80,,813,380,,,0,40,,814,380,,,0,80,,816,380,,,0,80,,817,380,,,0
3300,'Semaine-02',623,,3208,380,,,0,81,,3236,380,,,0,42,,3217,380,,,0,82,,3227,380,,,0,82,,3230,380,,,0,42,,3231,380,,,0,82,,3232,380,,,0,83,,3233,380,,,0,83,,3234,380,,,0,43,,3209,380,,,0,83,,3210,380,,,0,83,,3211,380,,,0,44,,3212,380,,,0,85,,3213,380,,,0,87,,3214,380,,,0,87,,3215,380,,,0,45,,3216,380,,,0,82,,3218,380,,,0,81,,3219,380,,,0,81,,3220,380,,,0,41,,3221,380,,,0,81,,3222,380,,,0,81,,3223,380,,,0,40,,3224,380,,,0,80,,3225,380,,,0,80,,3226,380,,,0,40,,3228,380,,,0,80,,3229,380,,,0
3300,'Semaine-03',628,,3237,380,,,0,80,,3265,380,,,0,41,,3246,380,,,0,80,,3256,380,,,0,80,,3259,380,,,0,40,,3260,380,,,0,80,,3261,380,,,0,82,,3262,380,,,0,41,,3263,380,,,0,83,,3238,380,,,0,83,,3239,380,,,0,83,,3240,380,,,0,43,,3241,380,,,0,83,,3242,380,,,0,86,,3243,380,,,0,45,,3244,380,,,0,85,,3245,380,,,0,84,,3247,380,,,0,81,,3248,380,,,0,43,,3249,380,,,0,82,,3250,380,,,0,80,,3251,380,,,0,40,,3252,380,,,0,79,,3253,380,,,0,80,,3254,380,,,0,40,,3255,380,,,0,80,,3257,380,,,0,80,,3258,380,,,0
