101,'Dimanche-01',759,,73,550,,,0,246,,74,550,,,0,131,,75,550,,,0,173,,76,550,,,0,127,,77,550,,,0,120,,78,550,,,0,160,,79,550,,,0,120,,80,550,,,0,117,,81,550,,,0,174,,82,550,,,0,114,,83,550,,,0,113,,84,550,,,0
101,'Fête-1-01',759,,2674,550,,,0,246,,2675,550,,,0,131,,2676,550,,,0,173,,2677,550,,,0,127,,2678,550,,,0,120,,2679,550,,,0,160,,2680,550,,,0,120,,2681,550,,,0,117,,2682,550,,,0,174,,2683,550,,,0,114,,2684,550,,,0,113,,2685,550,,,0
101,'Samedi-01',759,,115,550,,,0,246,,116,550,,,0,131,,117,550,,,0,173,,118,550,,,0,127,,119,550,,,0,120,,120,550,,,0,160,,121,550,,,0,120,,122,550,,,0,117,,123,550,,,0,174,,124,550,,,0,114,,125,550,,,0,113,,126,550,,,0
101,'Semaine-01',659,,127,550,,,0,141,,136,550,,,0,30,,138,550,,,0,90,,139,550,,,0,110,,140,550,,,0,105,,141,550,,,0,95,,143,550,,,0,105,,142,550,,,0,106,,144,550,,,0,81,,128,550,,,0,105,,129,550,,,0,96,,130,550,,,0,105,,131,550,,,0,74,,132,550,,,0,103,,133,550,,,0,43,,134,550,,,0,173,,135,550,,,0,134,,137,550,,,0
101,'Semaine-02',654,,2686,550,,,0,101,,2695,550,,,0,70,,2697,550,,,0,100,,2698,550,,,0,105,,2699,550,,,0,95,,2700,550,,,0,100,,2702,550,,,0,100,,2701,550,,,0,111,,2703,550,,,0,86,,2687,550,,,0,110,,2688,550,,,0,91,,2689,550,,,0,105,,2690,550,,,0,29,,2691,550,,,0,69,,2692,550,,,0,108,,2693,550,,,0,182,,2694,550,,,0,189,,2696,550,,,0
101,'Semaine-03',659,,2704,550,,,0,141,,2713,550,,,0,30,,2715,550,,,0,90,,2716,550,,,0,110,,2717,550,,,0,105,,2718,550,,,0,95,,2720,550,,,0,105,,2719,550,,,0,106,,2721,550,,,0,81,,2705,550,,,0,105,,2706,550,,,0,96,,2707,550,,,0,105,,2708,550,,,0,74,,2709,550,,,0,103,,2710,550,,,0,43,,2711,550,,,0,173,,2712,550,,,0,134,,2714,550,,,0
2001,'Dimanche-01',731,,190,50,,,0,124,,191,50,,,0,166,,192,50,,,0,125,,193,50,,,0,165,,194,50,,,0,125,,195,50,,,0,165,,196,50,,,0,125,,197,50,,,0
2001,'Fête-1-01',731,,2752,50,,,0,124,,2753,50,,,0,166,,2754,50,,,0,125,,2755,50,,,0,165,,2756,50,,,0,125,,2757,50,,,0,165,,2758,50,,,0,125,,2759,50,,,0
2001,'Samedi-01',731,,215,50,,,0,124,,216,50,,,0,166,,217,50,,,0,125,,218,50,,,0,165,,219,50,,,0,125,,220,50,,,0,165,,221,50,,,0,125,,222,50,,,0
2001,'Semaine-01',716,,223,50,,,0,125,,224,50,,,0,165,,225,50,,,0,126,,226,50,,,0,126,,227,50,,,0,165,,228,50,,,0,126,,229,50,,,0,166,,230,50,,,0,126,,231,50,,,0
2001,'Semaine-01-0001100',2004,,233,50,,,0,124,,232,50,,,0
2001,'Semaine-02',716,,2760,50,,,0,125,,2761,50,,,0,165,,2762,50,,,0,126,,2763,50,,,0,126,,2764,50,,,0,165,,2765,50,,,0,126,,2766,50,,,0,166,,2767,50,,,0,126,,2768,50,,,0
2001,'Semaine-02-0001100',2004,,2770,50,,,0,124,,2769,50,,,0
2001,'Semaine-03',716,,2771,50,,,0,125,,2772,50,,,0,165,,2773,50,,,0,126,,2774,50,,,0,126,,2775,50,,,0,165,,2776,50,,,0,126,,2777,50,,,0,166,,2778,50,,,0,126,,2779,50,,,0
2001,'Semaine-03-0001100',2004,,2781,50,,,0,124,,2780,50,,,0
2801,'Semaine-01',1711,,443,440,0,7,0,39,,442,440,,,0,68,,444,440,0,7,0
2801,'Semaine-02',1656,,2980,440,0,7,0,99,,2979,440,,,0,67,,2981,440,0,7,0
2801,'Semaine-03',1711,,2994,440,0,7,0,39,,2993,440,,,0,68,,2995,440,0,7,0
