100,'Dimanche-01',607,,12,180,,,0,200,,1,180,,,0,125,,2,180,,,0,170,,3,180,,,0,125,,4,180,,,0,124,,5,180,,,0,160,,6,180,,,0,120,,7,180,,,0,124,,8,180,,,0,175,,9,180,,,0,115,,10,180,,,0,155,,11,180,,,0
100,'Samedi-01',607,,54,180,,,0,200,,43,180,,,0,125,,44,180,,,0,170,,45,180,,,0,125,,46,180,,,0,124,,47,180,,,0,160,,48,180,,,0,120,,49,180,,,0,124,,50,180,,,0,175,,51,180,,,0,115,,52,180,,,0,155,,53,180,,,0
100,'Semaine-01',451,,55,180,,,0,103,,56,180,,,0,65,,57,180,,,0,81,,58,180,,,0,119,,59,180,,,0,105,,62,180,,,0,94,,71,180,,,0,101,,63,180,,,0,100,,72,180,,,0,38,,64,180,,,0,102,,65,180,,,0,100,,69,180,,,0,150,,66,180,,,0,35,,67,180,,,0,108,,60,180,,,0,95,,61,180,,,0,173,,70,180,,,0,185,,68,180,,,0
2000,'Dimanche-01',704,,146,220,,,0,12,,146,460,,,0,112,,147,220,,,0,12,,147,460,,,0,114,,148,220,,,0,52,,148,460,,,0,113,,149,220,,,0,12,,149,460,,,0,113,,150,220,,,0,12,,150,460,,,0,152,,151,220,,,0,12,,151,460,,,0,113,,152,220,,,0,12,,152,460,,,0,113,,153,220,,,0,52,,153,460,,,0
2000,'Samedi-01',704,,171,220,,,0,12,,171,460,,,0,112,,172,220,,,0,12,,172,460,,,0,114,,173,220,,,0,52,,173,460,,,0,113,,174,220,,,0,12,,174,460,,,0,113,,175,220,,,0,12,,175,460,,,0,152,,176,220,,,0,12,,176,460,,,0,113,,177,220,,,0,12,,177,460,,,0,113,,178,220,,,0,52,,178,460,,,0
2000,'Semaine-01',647,,179,210,,,0,12,,179,450,,,0,153,,180,210,,,0,12,,180,450,,,0,113,,181,210,,,0,12,,181,450,,,0,154,,182,210,,,0,12,,182,450,,,0,114,,183,210,,,0,12,,183,450,,,0,113,,184,210,,,0,52,,184,450,,,0,114,,185,210,,,0,12,,185,450,,,0,114,,186,210,,,0,12,,186,450,,,0,154,,187,210,,,0,12,,187,450,,,0
2000,'Semaine-01-0001100',1937,,189,210,,,0,12,,189,450,,,0,152,,188,210,,,0,12,,188,450,,,0
2000002000,'Dimanche-01',543,,1318,130,0,11 13,0,170,,1319,130,0,11 13,0,31,,1330,30,,,0,13,,1330,160,,,0,86,,1320,130,0,11 13,0,71,,1331,30,,,0,13,,1331,160,,,0,86,,1321,130,0,11 13,0,32,,1332,30,,,0,13,,1332,160,,,0,86,,1322,130,0,11 13,0,72,,1333,30,,,0,13,,1333,160,,,0,85,,1323,130,0,11 13,0,32,,1334,30,,,0,13,,1334,160,,,0,85,,1324,130,0,11 13,0,72,,1335,30,,,0,13,,1335,160,,,0,85,,1325,130,0,11 13,0,32,,1336,30,,,0,13,,1336,160,,,0,85,,1326,130,0,11 13,0,72,,1337,30,,,0,13,,1337,160,,,0,85,,1327,130,0,11 13,0,31,,1338,30,,,0,13,,1338,160,,,0,86,,1328,130,0,11 13,0,71,,1339,30,,,0,13,,1339,160,,,0,86,,1329,130,0,11 13,0,31,,1340,30,,,0,13,,1340,160,,,0,157,,1341,30,,,0,13,,1341,160,,,0
2000002000,'Samedi-01',543,,1397,130,0,11 13,0,170,,1398,130,0,11 13,0,31,,1409,30,,,0,13,,1409,160,,,0,86,,1399,130,0,11 13,0,71,,1410,30,,,0,13,,1410,160,,,0,86,,1400,130,0,11 13,0,32,,1411,30,,,0,13,,1411,160,,,0,86,,1401,130,0,11 13,0,72,,1412,30,,,0,13,,1412,160,,,0,85,,1402,130,0,11 13,0,32,,1413,30,,,0,13,,1413,160,,,0,85,,1403,130,0,11 13,0,72,,1414,30,,,0,13,,1414,160,,,0,85,,1404,130,0,11 13,0,32,,1415,30,,,0,13,,1415,160,,,0,85,,1405,130,0,11 13,0,72,,1416,30,,,0,13,,1416,160,,,0,85,,1406,130,0,11 13,0,31,,1417,30,,,0,13,,1417,160,,,0,86,,1407,130,0,11 13,0,71,,1418,30,,,0,13,,1418,160,,,0,86,,1408,130,0,11 13,0,31,,1419,30,,,0,13,,1419,160,,,0,157,,1420,30,,,0,13,,1420,160,,,0
2000002000,'Semaine-01',448,,1422,130,0,11 13,0,79,,1421,130,0,11 13,0,4,,1423,30,0,11 13,0,20,,1423,180,0,11 13,0,65,,1424,130,0,11 13,0,20,,1440,30,,,0,20,,1440,180,,,0,78,,1441,30,,,0,20,,1441,180,,,0,48,,1442,30,,,0,13,,1442,160,,,0,99,,1427,130,0,11 13,0,18,,1443,30,,,0,13,,1443,160,,,0,69,,1428,130,0,11 13,0,21,,1444,30,,,0,13,,1444,160,,,0,66,,1429,130,0,11 13,0,21,,1445,30,,,0,13,,1445,160,,,0,61,,1430,130,0,11 13,0,21,,1446,30,,,0,13,,1446,160,,,0,61,,1431,130,0,11 13,0,30,,1447,30,,,0,13,,1447,160,,,0,67,,1432,130,0,11 13,0,22,,1448,30,,,0,20,,1448,180,,,0,3,,1433,30,0,11 13,0,60,,1433,180,0,11 13,0,12,,1449,30,,,0,13,,1449,160,,,0,70,,1434,130,0,11 13,0,16,,1450,30,,,0,20,,1450,180,,,0,85,,1451,30,,,0,13,,1451,160,,,0,87,,1438,30,,,0,13,,1438,160,,,0,61,,1437,30,,,0,13,,1437,160,,,0,80,,1436,30,,,0,13,,1436,160,,,0,40,,1435,30,,,0,53,,1435,160,,,0,50,,1439,130,0,11 13,0,60,,1426,30,,,0,13,,1426,160,,,0,126,,1425,30,,,0,53,,1425,160,,,0
