2100,'Semaine-01',540,,240,220,,,0,70,,241,220,,,0,30,,242,220,,,0,75,,243,220,,,0,30,,244,220,,,0,75,,245,220,,,0
2100,'Semaine-02',535,,2782,220,,,0,70,,2783,220,,,0,30,,2784,220,,,0,75,,2785,220,,,0,30,,2786,220,,,0,75,,2787,220,,,0
2100,'Semaine-03',540,,2788,220,,,0,70,,2789,220,,,0,30,,2790,220,,,0,75,,2791,220,,,0,30,,2792,220,,,0,75,,2793,220,,,0
2101,'Semaine-01',1636,,254,370,,,0,23,,255,370,,,0,66,,256,370,,,0,24,,257,370,,,0,65,,258,370,,,0,28,,259,370,,,0
2101,'Semaine-02',1639,,2794,370,,,0,65,,2795,370,,,0,24,,2796,370,,,0,24,,2797,370,,,0,65,,2798,370,,,0,28,,2799,370,,,0
2101,'Semaine-03',1636,,2803,370,,,0,23,,2804,370,,,0,66,,2805,370,,,0,24,,2806,370,,,0,65,,2807,370,,,0,28,,2808,370,,,0
2201,'Semaine-01',1640,,281,230,,,0,65,,285,230,,,0,25,,282,230,,,0,25,,286,230,,,0,65,,284,230,,,0,23,,283,230,,,0
2201,'Semaine-02',1643,,2824,230,,,0,65,,2828,230,,,0,24,,2825,230,,,0,25,,2829,230,,,0,65,,2827,230,,,0,28,,2826,230,,,0
2201,'Semaine-03',1640,,2830,230,,,0,65,,2834,230,,,0,25,,2831,230,,,0,25,,2835,230,,,0,65,,2833,230,,,0,23,,2832,230,,,0
3200,'Dimanche-01',610,,578,310,,,0,214,,583,310,,,0,223,,586,310,,,0,192,,587,310,,,0,119,,579,310,,,0,162,,589,310,,,0,120,,580,310,,,0,119,,582,310,,,0,158,,581,310,,,0,215,,584,310,,,0,216,,585,310,,,0,253,,588,310,0,6,0
3200,'Fête-1-01',541,,3103,190,,,0,181,,3109,310,,,0,37,,3104,310,,,0,160,,3112,310,,,0,123,,3113,310,,,0,164,,3114,310,,,0,124,,3105,310,,,0,124,,3116,310,,,0,164,,3106,310,,,0,128,,3107,310,,,0,160,,3108,310,,,0,236,,3110,310,,,0,216,,3111,310,,,0,247,,3115,310,0,6,0
3200,'Samedi-01',541,,635,190,,,0,181,,641,310,,,0,37,,636,310,,,0,160,,644,310,,,0,123,,645,310,,,0,164,,646,310,,,0,124,,637,310,,,0,124,,648,310,,,0,164,,638,310,,,0,128,,639,310,,,0,160,,640,310,,,0,236,,642,310,,,0,216,,643,310,,,0,247,,647,310,0,6,0
3200,'Semaine-01',637,,674,310,,,0,80,,649,310,,,0,40,,677,310,,,0,80,,660,310,,,0,80,,668,310,,,0,41,,669,310,,,0,81,,670,310,,,0,81,,671,310,,,0,83,,672,310,,,0,43,,673,310,,,0,83,,650,310,,,0,82,,651,310,,,0,42,,652,310,,,0,85,,676,310,,,0,85,,654,310,,,0,85,,655,310,,,0,45,,656,310,,,0,85,,657,310,,,0,82,,658,310,,,0,83,,659,310,,,0,41,,661,310,,,0,80,,662,310,,,0,80,,663,310,,,0,40,,664,310,,,0,80,,665,310,,,0,80,,666,310,,,0,40,,667,310,,,0
3200,'Semaine-02',636,,3142,310,,,0,81,,3117,310,,,0,42,,3145,310,,,0,82,,3128,310,,,0,83,,3136,310,,,0,82,,3137,310,,,0,42,,3138,310,,,0,83,,3139,310,,,0,83,,3140,310,,,0,43,,3141,310,,,0,83,,3118,310,,,0,83,,3119,310,,,0,84,,3120,310,,,0,46,,3144,310,,,0,87,,3122,310,,,0,86,,3123,310,,,0,85,,3124,310,,,0,42,,3125,310,,,0,81,,3126,310,,,0,81,,3127,310,,,0,42,,3129,310,,,0,81,,3130,310,,,0,81,,3131,310,,,0,40,,3132,310,,,0,80,,3133,310,,,0,80,,3134,310,,,0,40,,3135,310,,,0
3200,'Semaine-03',637,,3173,310,,,0,80,,3148,310,,,0,40,,3176,310,,,0,80,,3159,310,,,0,80,,3167,310,,,0,41,,3168,310,,,0,81,,3169,310,,,0,81,,3170,310,,,0,83,,3171,310,,,0,43,,3172,310,,,0,83,,3149,310,,,0,82,,3150,310,,,0,42,,3151,310,,,0,85,,3175,310,,,0,85,,3153,310,,,0,85,,3154,310,,,0,45,,3155,310,,,0,85,,3156,310,,,0,82,,3157,310,,,0,83,,3158,310,,,0,41,,3160,310,,,0,80,,3161,310,,,0,80,,3162,310,,,0,40,,3163,310,,,0,80,,3164,310,,,0,80,,3165,310,,,0,40,,3166,310,,,0
11100,'Dimanche-01',722,,861,330,0,5 6,0,100,,857,330,0,5 10,0,187,,856,330,0,5 10,0,250,,858,330,0,5 10,0,289,,859,330,0,5 10,0,199,,862,330,0,5 6,0,106,,860,330,0,5 10,0,379,,863,330,0,5 6,0
11100,'Fête-1-01',722,,3297,330,0,5 6,0,100,,3293,330,0,5 10,0,187,,3292,330,0,5 10,0,250,,3294,330,0,5 10,0,289,,3295,330,0,5 10,0,199,,3298,330,0,5 6,0,106,,3296,330,0,5 10,0,379,,3299,330,0,5 6,0
11100,'Samedi-01',722,,891,330,0,5 6,0,100,,887,330,0,5 10,0,187,,886,330,0,5 10,0,250,,888,330,0,5 10,0,289,,889,330,0,5 10,0,199,,892,330,0,5 6,0,106,,890,330,0,5 10,0,379,,893,330,0,5 6,0
11100,'Semaine-01',534,,902,330,0,5 15,0,15,,896,330,0,5 10,0,60,,900,330,0,5 15,0,26,,903,330,0,5 15,0,6,,897,330,0,5 10,0,14,,901,330,0,5 15,0,71,,909,330,0,5 15,0,20,,904,330,0,5 15,0,5,,898,330,0,5 10,0,55,,911,330,0,5 15,0,40,,899,330,0,5 10,0,158,,912,330,0,5 10,0,35,,894,330,0,5 10,0,105,,914,330,0,5 6,0,160,,895,330,0,5 10,0,340,,906,330,0,5 10,0,7,,905,260,0,5 15,0,93,,908,330,0,5 10,0,58,,907,260,0,5 15,0,233,,913,260,0,5 6,0,103,,910,260,0,5 10,0
11100,'Semaine-02',534,,3304,330,0,5 14,0,70,,3302,330,0,5 14,0,32,,3305,330,0,5 14,0,70,,3303,330,0,5 14,0,30,,3309,330,0,5 14,0,70,,3310,330,0,5 14,0,30,,3301,330,0,5 10,0,106,,3311,330,0,5 10,0,97,,3315,330,0,5 10,0,105,,3313,330,0,5 6,0,168,,3300,330,0,5 10,0,400,,3306,330,0,5 14,0,24,,3308,330,0,5 14,0,71,,3307,330,0,5 14,0,226,,3312,260,0,5 6,0,105,,3314,260,0,5 10,0
11100,'Semaine-03',534,,3324,330,0,5 15,0,15,,3318,330,0,5 10,0,60,,3322,330,0,5 15,0,26,,3325,330,0,5 15,0,6,,3319,330,0,5 10,0,14,,3323,330,0,5 15,0,71,,3331,330,0,5 15,0,20,,3326,330,0,5 15,0,5,,3320,330,0,5 10,0,55,,3333,330,0,5 15,0,40,,3321,330,0,5 10,0,158,,3334,330,0,5 10,0,35,,3316,330,0,5 10,0,105,,3336,330,0,5 6,0,160,,3317,330,0,5 10,0,340,,3328,330,0,5 10,0,7,,3327,260,0,5 15,0,93,,3330,330,0,5 10,0,58,,3329,260,0,5 15,0,233,,3335,260,0,5 6,0,103,,3332,260,0,5 10,0
