100,'Dimanche-01',609,,12,260,,,0,200,,1,260,,,0,125,,2,260,,,0,170,,3,260,,,0,125,,4,260,,,0,124,,5,260,,,0,160,,6,260,,,0,120,,7,260,,,0,124,,8,260,,,0,175,,9,260,,,0,115,,10,260,,,0,155,,11,260,,,0
100,'Fête-1-03',609,,2637,260,,,0,200,,2626,260,,,0,125,,2627,260,,,0,170,,2628,260,,,0,125,,2629,260,,,0,124,,2630,260,,,0,160,,2631,260,,,0,120,,2632,260,,,0,124,,2633,260,,,0,175,,2634,260,,,0,115,,2635,260,,,0,155,,2636,260,,,0
100,'Fête-2-01',453,,2638,260,,,0,103,,2639,260,,,0,65,,2640,260,,,0,81,,2641,260,,,0,119,,2642,260,,,0,104,,2645,260,,,0,95,,2654,260,,,0,100,,2646,260,,,0,101,,2655,260,,,0,80,,2647,260,,,0,100,,2648,260,,,0,100,,2652,260,,,0,110,,2649,260,,,0,35,,2650,260,,,0,108,,2643,260,,,0,95,,2644,260,,,0,173,,2653,260,,,0,185,,2651,260,,,0
100,'Samedi-01',609,,54,260,,,0,200,,43,260,,,0,125,,44,260,,,0,170,,45,260,,,0,125,,46,260,,,0,124,,47,260,,,0,160,,48,260,,,0,120,,49,260,,,0,124,,50,260,,,0,175,,51,260,,,0,115,,52,260,,,0,155,,53,260,,,0
100,'Semaine-01',453,,55,260,,,0,103,,56,260,,,0,65,,57,260,,,0,81,,58,260,,,0,119,,59,260,,,0,105,,62,260,,,0,94,,71,260,,,0,101,,63,260,,,0,100,,72,260,,,0,38,,64,260,,,0,142,,65,260,,,0,100,,69,260,,,0,110,,66,260,,,0,35,,67,260,,,0,108,,60,260,,,0,95,,61,260,,,0,173,,70,260,,,0,185,,68,260,,,0
2000,'Dimanche-01',719,,146,540,,,0,124,,147,540,,,0,166,,148,540,,,0,125,,149,540,,,0,125,,150,540,,,0,164,,151,540,,,0,125,,152,540,,,0,165,,153,540,,,0
2000,'Fête-1-03',719,,2686,540,,,0,124,,2687,540,,,0,166,,2688,540,,,0,125,,2689,540,,,0,125,,2690,540,,,0,164,,2691,540,,,0,125,,2692,540,,,0,165,,2693,540,,,0
2000,'Fête-2-01',703,,2694,530,,,0,125,,2695,530,,,0,125,,2696,530,,,0,166,,2697,530,,,0,126,,2698,530,,,0,165,,2699,530,,,0,126,,2700,530,,,0,166,,2701,530,,,0,126,,2702,530,,,0
2000,'Samedi-01',719,,171,540,,,0,124,,172,540,,,0,166,,173,540,,,0,125,,174,540,,,0,125,,175,540,,,0,164,,176,540,,,0,125,,177,540,,,0,165,,178,540,,,0
2000,'Semaine-01',703,,179,530,,,0,125,,180,530,,,0,125,,181,530,,,0,166,,182,530,,,0,126,,183,530,,,0,165,,184,530,,,0,126,,185,530,,,0,166,,186,530,,,0,126,,187,530,,,0
2000,'Semaine-01-0001100',1953,,189,530,,,0,164,,188,530,,,0
2800,'Fête-2-01',534,,2804,90,,,0,80,,2803,110,,,0,20,,2805,90,,,0
2800,'Semaine-01',534,,414,90,,,0,80,,413,110,,,0,16,,415,90,,,0
