101,'Dimanche-01',725,,73,110,,,0,205,,74,110,,,0,170,,75,110,,,0,131,,76,110,,,0,126,,77,110,,,0,160,,78,110,,,0,120,,79,110,,,0,120,,80,110,,,0,159,,81,110,,,0,134,,82,110,,,0,155,,83,110,,,0,115,,84,110,,,0
101,'Samedi-01',725,,115,110,,,0,205,,116,110,,,0,170,,117,110,,,0,131,,118,110,,,0,126,,119,110,,,0,160,,120,110,,,0,120,,121,110,,,0,120,,122,110,,,0,159,,123,110,,,0,134,,124,110,,,0,155,,125,110,,,0,115,,126,110,,,0
101,'Semaine-01',622,,127,110,,,0,100,,136,110,,,0,30,,138,110,,,0,90,,139,110,,,0,111,,140,110,,,0,105,,141,110,,,0,95,,143,110,,,0,100,,142,110,,,0,106,,144,110,,,0,81,,128,110,,,0,101,,129,110,,,0,98,,130,110,,,0,109,,131,110,,,0,74,,132,110,,,0,104,,133,110,,,0,84,,134,110,,,0,135,,135,110,,,0,175,,137,110,,,0
2101,'Semaine-01',654,,260,110,0,5 6,0,79,,261,110,0,5 6,0,81,,262,110,0,5 6,0,796,,254,110,,,0,23,,255,110,,,0,26,,256,110,,,0,65,,257,110,,,0,25,,258,110,,,0,68,,259,110,,,0
2301,'Semaine-01',1543,,310,110,,,0,65,,311,110,,,0,30,,312,110,,,0,70,,313,110,,,0,30,,314,110,,,0,69,,315,110,,,0,30,,316,110,,,0
2501,'Semaine-01',1548,,355,110,,,0,80,,356,110,,,0,74,,357,110,,,0,39,,358,110,,,0,80,,359,110,,,0,29,,360,110,,,0
2801,'Semaine-01',1348,,445,50,0,6,0,185,,451,50,0,6,0,21,,454,50,0,6,0,50,,458,50,0,6,0,12,,455,50,0,6,0,15,,443,50,0,7,0,5,,456,50,0,6,0,10,,457,50,0,6,0,10,,446,50,0,6,0,49,,447,50,0,6,0,10,,442,50,,,0,10,,448,50,0,6,0,9,,449,50,0,6,0,10,,444,50,0,7,0,14,,450,50,0,6,0,52,,452,50,0,6,0,25,,453,50,0,6,0
3100,'Dimanche-01',659,,492,110,,,0,256,,493,110,,,0,238,,491,110,,,0,163,,484,110,,,0,120,,485,110,,,0,118,,486,110,,,0,158,,487,110,,,0,119,,488,110,,,0,127,,489,110,,,0,261,,483,110,,,0,215,,490,110,,,0
3100,'Samedi-01',548,,537,110,,,0,83,,548,110,,,0,202,,549,110,,,0,125,,546,110,,,0,164,,536,110,,,0,124,,547,110,,,0,164,,538,110,,,0,124,,539,110,,,0,124,,540,110,,,0,164,,541,110,,,0,124,,542,110,,,0,67,,543,110,,,0,216,,544,110,,,0,215,,545,110,,,0
3100,'Semaine-01',554,,574,110,,,0,80,,550,110,,,0,80,,560,110,,,0,40,,575,110,,,0,80,,569,110,,,0,80,,570,110,,,0,40,,571,110,,,0,81,,577,110,,,0,81,,572,110,,,0,43,,573,110,,,0,83,,551,110,,,0,83,,552,110,,,0,82,,553,110,,,0,42,,554,110,,,0,85,,555,110,,,0,85,,556,110,,,0,85,,557,110,,,0,45,,558,110,,,0,85,,559,110,,,0,84,,561,110,,,0,82,,562,110,,,0,40,,563,110,,,0,80,,564,110,,,0,80,,565,110,,,0,40,,566,110,,,0,80,,567,110,,,0,80,,568,110,,,0,121,,576,110,0,5 6,0
3200,'Dimanche-01',549,,578,110,,,0,254,,583,110,,,0,223,,586,110,,,0,192,,587,110,,,0,119,,579,110,,,0,122,,589,110,,,0,160,,580,110,,,0,119,,582,110,,,0,118,,581,110,,,0,255,,584,110,,,0,216,,585,110,,,0,213,,588,110,0,6,0
3200,'Samedi-01',701,,641,110,,,0,37,,636,110,,,0,120,,644,110,,,0,163,,645,110,,,0,124,,646,110,,,0,164,,637,110,,,0,124,,648,110,,,0,124,,638,110,,,0,168,,639,110,,,0,120,,640,110,,,0,276,,642,110,,,0,216,,643,110,,,0,209,,647,110,0,6,0
3200,'Semaine-01',618,,674,110,,,0,39,,649,110,,,0,79,,677,110,,,0,79,,660,110,,,0,40,,668,110,,,0,82,,669,110,,,0,81,,670,110,,,0,41,,671,110,,,0,83,,672,110,,,0,83,,673,110,,,0,83,,650,110,,,0,42,,651,110,,,0,82,,652,110,,,0,84,,676,110,,,0,85,,654,110,,,0,45,,655,110,,,0,86,,656,110,,,0,85,,657,110,,,0,42,,658,110,,,0,84,,659,110,,,0,81,,661,110,,,0,80,,662,110,,,0,40,,663,110,,,0,80,,664,110,,,0,80,,665,110,,,0,41,,666,110,,,0,80,,667,110,,,0,112,,675,110,0,6,0
9001,'Semaine-01',1646,,829,20,0,5 6,0,95,,827,20,0,5 6,0,87,,828,20,,,0
11101,'Dimanche-01',907,,917,110,,,0,148,,916,110,,,0,296,,918,110,,,0,288,,919,110,,,0,304,,920,110,,,0
11101,'Samedi-01',907,,949,110,,,0,148,,948,110,,,0,296,,950,110,,,0,288,,951,110,,,0,304,,952,110,,,0
11101,'Semaine-01',637,,966,50,,,0,1,,965,110,,,0,96,,972,110,,,0,170,,973,110,,,0,55,,970,110,,,0,193,,975,110,,,0,265,,956,120,,,0,110,,957,50,,,0,10,,959,120,,,0,91,,960,50,,,0,19,,967,120,,,0,56,,962,50,,,0,30,,963,50,,,0,13,,961,50,,,0,11,,968,120,,,0,49,,964,50,,,0,45,,969,120,,,0,78,,958,120,,,0,301,,971,110,,,0
