101,'Dimanche-01',800,,73,570,,,0,206,,74,570,,,0,131,,75,570,,,0,173,,76,570,,,0,127,,77,570,,,0,120,,78,570,,,0,160,,79,570,,,0,120,,80,570,,,0,117,,81,570,,,0,174,,82,570,,,0,114,,83,570,,,0,113,,84,570,,,0
101,'Fête-1-01',800,,2674,570,,,0,206,,2675,570,,,0,131,,2676,570,,,0,173,,2677,570,,,0,127,,2678,570,,,0,120,,2679,570,,,0,160,,2680,570,,,0,120,,2681,570,,,0,117,,2682,570,,,0,174,,2683,570,,,0,114,,2684,570,,,0,113,,2685,570,,,0
101,'Samedi-01',800,,115,570,,,0,206,,116,570,,,0,131,,117,570,,,0,173,,118,570,,,0,127,,119,570,,,0,120,,120,570,,,0,160,,121,570,,,0,120,,122,570,,,0,117,,123,570,,,0,174,,124,570,,,0,114,,125,570,,,0,113,,126,570,,,0
101,'Semaine-01',700,,127,570,,,0,101,,136,570,,,0,30,,138,570,,,0,90,,139,570,,,0,110,,140,570,,,0,105,,141,570,,,0,95,,143,570,,,0,105,,142,570,,,0,106,,144,570,,,0,81,,128,570,,,0,105,,129,570,,,0,96,,130,570,,,0,105,,131,570,,,0,74,,132,570,,,0,103,,133,570,,,0,43,,134,570,,,0,173,,135,570,,,0,134,,137,570,,,0
101,'Semaine-02',655,,2686,570,,,0,101,,2695,570,,,0,70,,2697,570,,,0,100,,2698,570,,,0,105,,2699,570,,,0,95,,2700,570,,,0,100,,2702,570,,,0,100,,2701,570,,,0,111,,2703,570,,,0,86,,2687,570,,,0,110,,2688,570,,,0,91,,2689,570,,,0,105,,2690,570,,,0,29,,2691,570,,,0,69,,2692,570,,,0,108,,2693,570,,,0,182,,2694,570,,,0,189,,2696,570,,,0
101,'Semaine-03',700,,2704,570,,,0,101,,2713,570,,,0,30,,2715,570,,,0,90,,2716,570,,,0,110,,2717,570,,,0,105,,2718,570,,,0,95,,2720,570,,,0,105,,2719,570,,,0,106,,2721,570,,,0,81,,2705,570,,,0,105,,2706,570,,,0,96,,2707,570,,,0,105,,2708,570,,,0,74,,2709,570,,,0,103,,2710,570,,,0,43,,2711,570,,,0,173,,2712,570,,,0,134,,2714,570,,,0
2001,'Dimanche-01',732,,190,70,,,0,124,,191,70,,,0,166,,192,70,,,0,125,,193,70,,,0,165,,194,70,,,0,125,,195,70,,,0,165,,196,70,,,0,125,,197,70,,,0
2001,'Fête-1-01',732,,2752,70,,,0,124,,2753,70,,,0,166,,2754,70,,,0,125,,2755,70,,,0,165,,2756,70,,,0,125,,2757,70,,,0,165,,2758,70,,,0,125,,2759,70,,,0
2001,'Samedi-01',732,,215,70,,,0,124,,216,70,,,0,166,,217,70,,,0,125,,218,70,,,0,165,,219,70,,,0,125,,220,70,,,0,165,,221,70,,,0,125,,222,70,,,0
2001,'Semaine-01',717,,223,70,,,0,125,,224,70,,,0,165,,225,70,,,0,126,,226,70,,,0,126,,227,70,,,0,165,,228,70,,,0,126,,229,70,,,0,166,,230,70,,,0,126,,231,70,,,0
2001,'Semaine-01-0001100',2005,,233,70,,,0,124,,232,70,,,0
2001,'Semaine-02',717,,2760,70,,,0,125,,2761,70,,,0,165,,2762,70,,,0,126,,2763,70,,,0,126,,2764,70,,,0,165,,2765,70,,,0,126,,2766,70,,,0,166,,2767,70,,,0,126,,2768,70,,,0
2001,'Semaine-02-0001100',2005,,2770,70,,,0,124,,2769,70,,,0
2001,'Semaine-03',717,,2771,70,,,0,125,,2772,70,,,0,165,,2773,70,,,0,126,,2774,70,,,0,126,,2775,70,,,0,165,,2776,70,,,0,126,,2777,70,,,0,166,,2778,70,,,0,126,,2779,70,,,0
2001,'Semaine-03-0001100',2005,,2781,70,,,0,124,,2780,70,,,0
2801,'Semaine-01',1712,,443,460,0,7,0,39,,442,460,,,0,68,,444,460,0,7,0
2801,'Semaine-02',1657,,2980,460,0,7,0,99,,2979,460,,,0,67,,2981,460,0,7,0
2801,'Semaine-03',1712,,2994,460,0,7,0,39,,2993,460,,,0,68,,2995,460,0,7,0
