2000,'Dimanche-01',711,,146,390,,,0,124,,147,390,,,0,166,,148,390,,,0,125,,149,390,,,0,125,,150,390,,,0,164,,151,390,,,0,125,,152,390,,,0,165,,153,390,,,0
2000,'Fête-1-01',711,,2722,390,,,0,124,,2723,390,,,0,166,,2724,390,,,0,125,,2725,390,,,0,125,,2726,390,,,0,164,,2727,390,,,0,125,,2728,390,,,0,165,,2729,390,,,0
2000,'Samedi-01',711,,171,390,,,0,124,,172,390,,,0,166,,173,390,,,0,125,,174,390,,,0,125,,175,390,,,0,164,,176,390,,,0,125,,177,390,,,0,165,,178,390,,,0
2000,'Semaine-01',654,,179,380,,,0,165,,180,380,,,0,125,,181,380,,,0,166,,182,380,,,0,126,,183,380,,,0,165,,184,380,,,0,126,,185,380,,,0,126,,186,380,,,0,166,,187,380,,,0
2000,'Semaine-01-0001100',1944,,189,380,,,0,164,,188,380,,,0
2000,'Semaine-02',654,,2730,380,,,0,165,,2731,380,,,0,125,,2732,380,,,0,166,,2733,380,,,0,126,,2734,380,,,0,165,,2735,380,,,0,126,,2736,380,,,0,126,,2737,380,,,0,166,,2738,380,,,0
2000,'Semaine-02-0001100',1944,,2740,380,,,0,164,,2739,380,,,0
2000,'Semaine-03',654,,2741,380,,,0,165,,2742,380,,,0,125,,2743,380,,,0,166,,2744,380,,,0,126,,2745,380,,,0,165,,2746,380,,,0,126,,2747,380,,,0,126,,2748,380,,,0,166,,2749,380,,,0
2000,'Semaine-03-0001100',1944,,2751,380,,,0,164,,2750,380,,,0
2000002000,'Dimanche-01',535,,1318,60,0,11 13,0,170,,1319,60,0,11 13,0,44,,1330,90,,,0,86,,1320,60,0,11 13,0,84,,1331,90,,,0,86,,1321,60,0,11 13,0,45,,1332,90,,,0,86,,1322,60,0,11 13,0,85,,1333,90,,,0,85,,1323,60,0,11 13,0,45,,1334,90,,,0,85,,1324,60,0,11 13,0,85,,1335,90,,,0,85,,1325,60,0,11 13,0,45,,1336,90,,,0,85,,1326,60,0,11 13,0,85,,1337,90,,,0,85,,1327,60,0,11 13,0,44,,1338,90,,,0,86,,1328,60,0,11 13,0,84,,1339,90,,,0,86,,1329,60,0,11 13,0,44,,1340,90,,,0,170,,1341,90,,,0
2000002000,'Fête-1-01',535,,3610,60,0,11 13,0,170,,3611,60,0,11 13,0,44,,3622,90,,,0,86,,3612,60,0,11 13,0,84,,3623,90,,,0,86,,3613,60,0,11 13,0,45,,3624,90,,,0,86,,3614,60,0,11 13,0,85,,3625,90,,,0,85,,3615,60,0,11 13,0,45,,3626,90,,,0,85,,3616,60,0,11 13,0,85,,3627,90,,,0,85,,3617,60,0,11 13,0,45,,3628,90,,,0,85,,3618,60,0,11 13,0,85,,3629,90,,,0,85,,3619,60,0,11 13,0,44,,3630,90,,,0,86,,3620,60,0,11 13,0,84,,3631,90,,,0,86,,3621,60,0,11 13,0,44,,3632,90,,,0,170,,3633,90,,,0
2000002000,'Samedi-01',535,,1397,60,0,11 13,0,170,,1398,60,0,11 13,0,44,,1409,90,,,0,86,,1399,60,0,11 13,0,84,,1410,90,,,0,86,,1400,60,0,11 13,0,45,,1411,90,,,0,86,,1401,60,0,11 13,0,85,,1412,90,,,0,85,,1402,60,0,11 13,0,45,,1413,90,,,0,85,,1403,60,0,11 13,0,85,,1414,90,,,0,85,,1404,60,0,11 13,0,45,,1415,90,,,0,85,,1405,60,0,11 13,0,85,,1416,90,,,0,85,,1406,60,0,11 13,0,44,,1417,90,,,0,86,,1407,60,0,11 13,0,84,,1418,90,,,0,86,,1408,60,0,11 13,0,44,,1419,90,,,0,170,,1420,90,,,0
2000002000,'Semaine-01',440,,1422,60,0,11 13,0,79,,1421,60,0,11 13,0,17,,1423,90,0,11 13,0,72,,1424,60,0,11 13,0,33,,1440,90,,,0,98,,1441,90,,,0,68,,1442,90,,,0,99,,1427,60,0,11 13,0,31,,1443,90,,,0,69,,1428,60,0,11 13,0,34,,1444,90,,,0,66,,1429,60,0,11 13,0,34,,1445,90,,,0,61,,1430,60,0,11 13,0,34,,1446,90,,,0,21,,1431,60,0,11 13,0,83,,1447,90,,,0,67,,1432,60,0,11 13,0,35,,1448,90,,,0,63,,1433,90,0,11 13,0,32,,1449,90,,,0,70,,1434,60,0,11 13,0,29,,1450,90,,,0,105,,1451,90,,,0,100,,1438,90,,,0,74,,1437,90,,,0,93,,1436,90,,,0,93,,1435,90,,,0,50,,1439,60,0,11 13,0,73,,1426,90,,,0,179,,1425,90,,,0
2000002000,'Semaine-02',440,,3635,60,0,11 13,0,79,,3634,60,0,11 13,0,17,,3636,90,0,11 13,0,72,,3637,60,0,11 13,0,33,,3653,90,,,0,98,,3654,90,,,0,68,,3655,90,,,0,99,,3640,60,0,11 13,0,31,,3656,90,,,0,69,,3641,60,0,11 13,0,34,,3657,90,,,0,66,,3642,60,0,11 13,0,34,,3658,90,,,0,61,,3643,60,0,11 13,0,34,,3659,90,,,0,21,,3644,60,0,11 13,0,83,,3660,90,,,0,67,,3645,60,0,11 13,0,35,,3661,90,,,0,63,,3646,90,0,11 13,0,32,,3662,90,,,0,70,,3647,60,0,11 13,0,29,,3663,90,,,0,105,,3664,90,,,0,100,,3651,90,,,0,74,,3650,90,,,0,93,,3649,90,,,0,93,,3648,90,,,0,50,,3652,60,0,11 13,0,73,,3639,90,,,0,179,,3638,90,,,0
2000002000,'Semaine-03',440,,3666,60,0,11 13,0,79,,3665,60,0,11 13,0,17,,3667,90,0,11 13,0,72,,3668,60,0,11 13,0,33,,3684,90,,,0,98,,3685,90,,,0,68,,3686,90,,,0,99,,3671,60,0,11 13,0,31,,3687,90,,,0,69,,3672,60,0,11 13,0,34,,3688,90,,,0,66,,3673,60,0,11 13,0,34,,3689,90,,,0,61,,3674,60,0,11 13,0,34,,3690,90,,,0,21,,3675,60,0,11 13,0,83,,3691,90,,,0,67,,3676,60,0,11 13,0,35,,3692,90,,,0,63,,3677,90,0,11 13,0,32,,3693,90,,,0,70,,3678,60,0,11 13,0,29,,3694,90,,,0,105,,3695,90,,,0,100,,3682,90,,,0,74,,3681,90,,,0,93,,3680,90,,,0,93,,3679,90,,,0,50,,3683,60,0,11 13,0,73,,3670,90,,,0,179,,3669,90,,,0
