101,'Dimanche-01',739,,73,260,,,0,206,,74,260,,,0,171,,75,260,,,0,133,,76,260,,,0,167,,77,260,,,0,120,,78,260,,,0,120,,79,260,,,0,160,,80,260,,,0,117,,81,260,,,0,174,,82,260,,,0,114,,83,260,,,0,113,,84,260,,,0
101,'Fête-1-01',739,,85,260,,,0,206,,86,260,,,0,171,,87,260,,,0,133,,88,260,,,0,167,,89,260,,,0,120,,90,260,,,0,120,,91,260,,,0,160,,92,260,,,0,117,,93,260,,,0,174,,94,260,,,0,114,,95,260,,,0,113,,96,260,,,0
101,'Fête-2-02',638,,97,260,,,0,101,,106,260,,,0,70,,108,260,,,0,50,,109,260,,,0,151,,110,260,,,0,105,,111,260,,,0,95,,113,260,,,0,103,,112,260,,,0,106,,114,260,,,0,81,,98,260,,,0,103,,99,260,,,0,56,,100,260,,,0,147,,101,260,,,0,34,,102,260,,,0,103,,103,260,,,0,84,,104,260,,,0,173,,105,260,,,0,135,,107,260,,,0
101,'Samedi-01',739,,115,260,,,0,206,,116,260,,,0,171,,117,260,,,0,133,,118,260,,,0,167,,119,260,,,0,120,,120,260,,,0,120,,121,260,,,0,160,,122,260,,,0,117,,123,260,,,0,174,,124,260,,,0,114,,125,260,,,0,113,,126,260,,,0
101,'Semaine-01',638,,127,260,,,0,6,,145,130,,,0,95,,136,260,,,0,70,,138,260,,,0,50,,139,260,,,0,151,,140,260,,,0,105,,141,260,,,0,95,,143,260,,,0,103,,142,260,,,0,106,,144,260,,,0,81,,128,260,,,0,103,,129,260,,,0,56,,130,260,,,0,147,,131,260,,,0,34,,132,260,,,0,103,,133,260,,,0,84,,134,260,,,0,173,,135,260,,,0,135,,137,260,,,0
2301,'Fête-2-02',1600,,303,270,,,0,25,,304,270,,,0,30,,305,270,,,0,70,,306,270,,,0,28,,307,270,,,0,69,,308,270,,,0,29,,309,270,,,0
2301,'Semaine-01',1600,,310,270,,,0,25,,311,270,,,0,30,,312,270,,,0,70,,313,270,,,0,28,,314,270,,,0,69,,315,270,,,0,29,,316,270,,,0
2401,'Fête-2-02',1647,,328,170,,,0,85,,329,170,,,0,85,,331,170,,,0,85,,330,170,,,0
2401,'Semaine-01',1647,,332,170,,,0,85,,333,170,,,0,85,,336,170,,,0,21,,335,170,,,0,64,,334,170,,,0
2801,'Fête-2-02',1404,,433,200,0,6,0,150,,437,200,0,6,0,71,,441,200,0,6,0,27,,431,200,0,7,0,55,,440,200,0,6,0,19,,434,200,0,6,0,10,,430,200,,,0,10,,435,200,0,6,0,58,,432,200,0,7,0,19,,436,200,0,6,0,15,,438,200,0,6,0,15,,439,200,0,6,0
2801,'Semaine-01',1404,,445,200,0,6,0,150,,451,200,0,6,0,61,,454,200,0,6,0,10,,458,200,0,6,0,12,,455,200,0,6,0,15,,443,200,0,7,0,5,,456,200,0,6,0,50,,457,200,0,6,0,10,,446,200,0,6,0,9,,447,200,0,6,0,10,,442,200,,,0,10,,448,200,0,6,0,8,,449,200,0,6,0,50,,444,200,0,7,0,14,,450,200,0,6,0,10,,452,200,0,6,0,25,,453,200,0,6,0
3300,'Dimanche-01',546,,682,140,,,0,82,,680,140,,,0,90,,691,140,,,0,41,,701,140,,,0,83,,703,140,,,0,93,,704,140,,,0,80,,705,140,,,0,40,,706,140,,,0,80,,707,140,,,0,80,,683,140,,,0,40,,684,140,,,0,79,,685,140,,,0,80,,686,140,,,0,40,,687,140,,,0,79,,688,140,,,0,79,,689,140,,,0,39,,690,140,,,0,79,,692,140,,,0,79,,693,140,,,0,40,,694,140,,,0,87,,695,140,,,0,85,,696,140,,,0,86,,697,140,,,0,47,,698,140,,,0,86,,699,140,,,0,83,,700,140,,,0,88,,681,140,,,0,43,,702,140,,,0,159,,708,140,0,8 6,0
3300,'Fête-1-01',606,,711,140,,,0,41,,709,140,,,0,81,,720,140,,,0,82,,730,140,,,0,42,,732,140,,,0,84,,733,140,,,0,81,,734,140,,,0,42,,735,140,,,0,82,,736,140,,,0,82,,712,140,,,0,82,,713,140,,,0,42,,714,140,,,0,82,,715,140,,,0,82,,716,140,,,0,42,,717,140,,,0,82,,718,140,,,0,82,,719,140,,,0,85,,721,140,,,0,39,,722,140,,,0,82,,723,140,,,0,82,,724,140,,,0,39,,725,140,,,0,82,,726,140,,,0,81,,727,140,,,0,42,,728,140,,,0,83,,729,140,,,0,86,,731,140,,,0,86,,710,140,,,0,113,,737,140,0,8 6,0
3300,'Fête-2-02',613,,738,140,,,0,40,,766,140,,,0,81,,747,140,,,0,80,,757,140,,,0,40,,760,140,,,0,79,,761,140,,,0,80,,762,140,,,0,42,,763,140,,,0,81,,764,140,,,0,83,,739,140,,,0,83,,740,140,,,0,43,,741,140,,,0,82,,742,140,,,0,82,,743,140,,,0,46,,744,140,,,0,85,,745,140,,,0,85,,746,140,,,0,84,,748,140,,,0,44,,749,140,,,0,83,,750,140,,,0,82,,751,140,,,0,40,,752,140,,,0,80,,753,140,,,0,80,,754,140,,,0,40,,755,140,,,0,80,,756,140,,,0,80,,758,140,,,0,40,,759,140,,,0,96,,765,90,0,8 6,0
3300,'Samedi-01',606,,769,140,,,0,41,,767,140,,,0,81,,778,140,,,0,82,,788,140,,,0,42,,790,140,,,0,84,,791,140,,,0,81,,792,140,,,0,42,,793,140,,,0,82,,794,140,,,0,82,,770,140,,,0,82,,771,140,,,0,42,,772,140,,,0,82,,773,140,,,0,82,,774,140,,,0,42,,775,140,,,0,82,,776,140,,,0,82,,777,140,,,0,85,,779,140,,,0,39,,780,140,,,0,82,,781,140,,,0,82,,782,140,,,0,39,,783,140,,,0,82,,784,140,,,0,81,,785,140,,,0,42,,786,140,,,0,83,,787,140,,,0,86,,789,140,,,0,86,,768,140,,,0,113,,795,140,0,8 6,0
3300,'Semaine-01',613,,796,140,,,0,40,,824,140,,,0,81,,805,140,,,0,80,,815,140,,,0,40,,818,140,,,0,79,,819,140,,,0,80,,820,140,,,0,42,,821,140,,,0,81,,822,140,,,0,83,,797,140,,,0,83,,798,140,,,0,43,,799,140,,,0,82,,800,140,,,0,82,,801,140,,,0,46,,802,140,,,0,85,,803,140,,,0,85,,804,140,,,0,84,,806,140,,,0,44,,807,140,,,0,83,,808,140,,,0,82,,809,140,,,0,40,,810,140,,,0,80,,811,140,,,0,80,,812,140,,,0,40,,813,140,,,0,80,,814,140,,,0,80,,816,140,,,0,40,,817,140,,,0,96,,823,90,0,8 6,0
9001,'Semaine-01',1845,,828,170,,,0
