101,'Dimanche-01',734,,73,160,,,0,205,,74,160,,,0,170,,75,160,,,0,133,,76,160,,,0,166,,77,160,,,0,120,,78,160,,,0,120,,79,160,,,0,160,,80,160,,,0,119,,81,160,,,0,174,,82,160,,,0,114,,83,160,,,0,114,,84,160,,,0
101,'Samedi-01',734,,115,160,,,0,205,,116,160,,,0,170,,117,160,,,0,133,,118,160,,,0,166,,119,160,,,0,120,,120,160,,,0,120,,121,160,,,0,160,,122,160,,,0,119,,123,160,,,0,174,,124,160,,,0,114,,125,160,,,0,114,,126,160,,,0
101,'Semaine-01',633,,127,160,,,0,6,,145,30,,,0,94,,136,160,,,0,70,,138,160,,,0,50,,139,160,,,0,151,,140,160,,,0,105,,141,160,,,0,95,,143,160,,,0,101,,142,160,,,0,106,,144,160,,,0,41,,128,160,,,0,102,,129,160,,,0,96,,130,160,,,0,109,,131,160,,,0,74,,132,160,,,0,104,,133,160,,,0,84,,134,160,,,0,134,,135,160,,,0,175,,137,160,,,0
2100,'Semaine-01',525,,240,10,,,0,30,,241,10,,,0,70,,242,10,,,0,75,,243,10,,,0,30,,244,10,,,0,75,,245,10,,,0
2101,'Semaine-01',1622,,254,160,,,0,23,,255,160,,,0,66,,256,160,,,0,24,,257,160,,,0,65,,258,160,,,0,28,,259,160,,,0
2801,'Semaine-01',1357,,445,100,0,6,0,188,,451,100,0,6,0,62,,454,100,0,6,0,10,,458,100,0,6,0,12,,455,100,0,6,0,15,,443,100,0,7,0,5,,456,100,0,6,0,10,,457,100,0,6,0,50,,446,100,0,6,0,9,,447,100,0,6,0,10,,442,100,,,0,10,,448,100,0,6,0,8,,449,100,0,6,0,10,,444,100,0,7,0,54,,450,100,0,6,0,11,,452,100,0,6,0,25,,453,100,0,6,0
3300,'Dimanche-01',540,,682,30,,,0,82,,680,30,,,0,90,,691,30,,,0,41,,701,30,,,0,83,,703,30,,,0,93,,704,30,,,0,80,,705,30,,,0,40,,706,30,,,0,80,,707,30,,,0,80,,683,30,,,0,40,,684,30,,,0,79,,685,30,,,0,80,,686,30,,,0,40,,687,30,,,0,79,,688,30,,,0,79,,689,30,,,0,39,,690,30,,,0,79,,692,30,,,0,79,,693,30,,,0,40,,694,30,,,0,87,,695,30,,,0,85,,696,30,,,0,86,,697,30,,,0,47,,698,30,,,0,86,,699,30,,,0,83,,700,30,,,0,88,,681,30,,,0,43,,702,30,,,0,159,,708,30,0,8 6,0
3300,'Samedi-01',600,,769,30,,,0,41,,767,30,,,0,81,,778,30,,,0,82,,788,30,,,0,42,,790,30,,,0,84,,791,30,,,0,81,,792,30,,,0,42,,793,30,,,0,82,,794,30,,,0,82,,770,30,,,0,42,,771,30,,,0,82,,772,30,,,0,82,,773,30,,,0,82,,774,30,,,0,42,,775,30,,,0,82,,776,30,,,0,82,,777,30,,,0,45,,779,30,,,0,79,,780,30,,,0,82,,781,30,,,0,42,,782,30,,,0,79,,783,30,,,0,82,,784,30,,,0,81,,785,30,,,0,42,,786,30,,,0,83,,787,30,,,0,86,,789,30,,,0,46,,768,30,,,0,153,,795,30,0,8 6,0
3300,'Semaine-01',607,,796,30,,,0,40,,824,30,,,0,80,,805,30,,,0,80,,815,30,,,0,40,,818,30,,,0,80,,819,30,,,0,80,,820,30,,,0,41,,821,30,,,0,81,,822,30,,,0,83,,797,30,,,0,43,,798,30,,,0,83,,799,30,,,0,82,,800,30,,,0,82,,801,30,,,0,45,,802,30,,,0,85,,803,30,,,0,85,,804,30,,,0,85,,806,30,,,0,45,,807,30,,,0,83,,808,30,,,0,82,,809,30,,,0,40,,810,30,,,0,80,,811,30,,,0,80,,812,30,,,0,40,,813,30,,,0,80,,814,30,,,0,80,,816,30,,,0,40,,817,30,,,0
9001,'Semaine-01',1839,,828,70,,,0
