101,'Dimanche-01',800,,73,580,,,0,206,,74,580,,,0,131,,75,580,,,0,173,,76,580,,,0,127,,77,580,,,0,120,,78,580,,,0,160,,79,580,,,0,120,,80,580,,,0,117,,81,580,,,0,174,,82,580,,,0,114,,83,580,,,0,113,,84,580,,,0
101,'Fête-1-01',800,,2674,580,,,0,206,,2675,580,,,0,131,,2676,580,,,0,173,,2677,580,,,0,127,,2678,580,,,0,120,,2679,580,,,0,160,,2680,580,,,0,120,,2681,580,,,0,117,,2682,580,,,0,174,,2683,580,,,0,114,,2684,580,,,0,113,,2685,580,,,0
101,'Samedi-01',800,,115,580,,,0,206,,116,580,,,0,131,,117,580,,,0,173,,118,580,,,0,127,,119,580,,,0,120,,120,580,,,0,160,,121,580,,,0,120,,122,580,,,0,117,,123,580,,,0,174,,124,580,,,0,114,,125,580,,,0,113,,126,580,,,0
101,'Semaine-01',700,,127,580,,,0,101,,136,580,,,0,30,,138,580,,,0,90,,139,580,,,0,110,,140,580,,,0,105,,141,580,,,0,95,,143,580,,,0,105,,142,580,,,0,106,,144,580,,,0,81,,128,580,,,0,105,,129,580,,,0,96,,130,580,,,0,105,,131,580,,,0,74,,132,580,,,0,103,,133,580,,,0,43,,134,580,,,0,173,,135,580,,,0,134,,137,580,,,0
101,'Semaine-02',655,,2686,580,,,0,101,,2695,580,,,0,70,,2697,580,,,0,100,,2698,580,,,0,105,,2699,580,,,0,95,,2700,580,,,0,100,,2702,580,,,0,100,,2701,580,,,0,111,,2703,580,,,0,86,,2687,580,,,0,110,,2688,580,,,0,91,,2689,580,,,0,105,,2690,580,,,0,29,,2691,580,,,0,69,,2692,580,,,0,108,,2693,580,,,0,182,,2694,580,,,0,189,,2696,580,,,0
101,'Semaine-03',700,,2704,580,,,0,101,,2713,580,,,0,30,,2715,580,,,0,90,,2716,580,,,0,110,,2717,580,,,0,105,,2718,580,,,0,95,,2720,580,,,0,105,,2719,580,,,0,106,,2721,580,,,0,81,,2705,580,,,0,105,,2706,580,,,0,96,,2707,580,,,0,105,,2708,580,,,0,74,,2709,580,,,0,103,,2710,580,,,0,43,,2711,580,,,0,173,,2712,580,,,0,134,,2714,580,,,0
2001,'Dimanche-01',733,,190,80,,,0,11,,190,320,,,0,113,,191,80,,,0,51,,191,320,,,0,115,,192,80,,,0,11,,192,320,,,0,114,,193,80,,,0,11,,193,320,,,0,154,,194,80,,,0,11,,194,320,,,0,114,,195,80,,,0,12,,195,320,,,0,153,,196,80,,,0,12,,196,320,,,0,113,,197,80,,,0,12,,197,320,,,0
2001,'Fête-1-01',733,,2752,80,,,0,11,,2752,320,,,0,113,,2753,80,,,0,51,,2753,320,,,0,115,,2754,80,,,0,11,,2754,320,,,0,114,,2755,80,,,0,11,,2755,320,,,0,154,,2756,80,,,0,11,,2756,320,,,0,114,,2757,80,,,0,12,,2757,320,,,0,153,,2758,80,,,0,12,,2758,320,,,0,113,,2759,80,,,0,12,,2759,320,,,0
2001,'Samedi-01',733,,215,80,,,0,11,,215,320,,,0,113,,216,80,,,0,51,,216,320,,,0,115,,217,80,,,0,11,,217,320,,,0,114,,218,80,,,0,11,,218,320,,,0,154,,219,80,,,0,11,,219,320,,,0,114,,220,80,,,0,12,,220,320,,,0,153,,221,80,,,0,12,,221,320,,,0,113,,222,80,,,0,12,,222,320,,,0
2001,'Semaine-01',718,,223,80,,,0,12,,223,320,,,0,113,,224,80,,,0,13,,224,320,,,0,152,,225,80,,,0,12,,225,320,,,0,114,,226,80,,,0,12,,226,320,,,0,154,,227,80,,,0,12,,227,320,,,0,113,,228,80,,,0,12,,228,320,,,0,114,,229,80,,,0,52,,229,320,,,0,114,,230,80,,,0,12,,230,320,,,0,114,,231,80,,,0,11,,231,320,,,0
2001,'Semaine-01-0001100',2006,,233,80,,,0,11,,233,320,,,0,113,,232,80,,,0,11,,232,320,,,0
2001,'Semaine-02',718,,2760,80,,,0,12,,2760,320,,,0,113,,2761,80,,,0,13,,2761,320,,,0,152,,2762,80,,,0,12,,2762,320,,,0,114,,2763,80,,,0,12,,2763,320,,,0,154,,2764,80,,,0,12,,2764,320,,,0,113,,2765,80,,,0,12,,2765,320,,,0,114,,2766,80,,,0,52,,2766,320,,,0,114,,2767,80,,,0,12,,2767,320,,,0,114,,2768,80,,,0,11,,2768,320,,,0
2001,'Semaine-02-0001100',2006,,2770,80,,,0,11,,2770,320,,,0,113,,2769,80,,,0,11,,2769,320,,,0
2001,'Semaine-03',718,,2771,80,,,0,12,,2771,320,,,0,113,,2772,80,,,0,13,,2772,320,,,0,152,,2773,80,,,0,12,,2773,320,,,0,114,,2774,80,,,0,12,,2774,320,,,0,154,,2775,80,,,0,12,,2775,320,,,0,113,,2776,80,,,0,12,,2776,320,,,0,114,,2777,80,,,0,52,,2777,320,,,0,114,,2778,80,,,0,12,,2778,320,,,0,114,,2779,80,,,0,11,,2779,320,,,0
2001,'Semaine-03-0001100',2006,,2781,80,,,0,11,,2781,320,,,0,113,,2780,80,,,0,11,,2780,320,,,0
2801,'Semaine-01',1712,,443,470,0,7,0,39,,442,470,,,0,68,,444,470,0,7,0
2801,'Semaine-02',1657,,2980,470,0,7,0,99,,2979,470,,,0,67,,2981,470,0,7,0
2801,'Semaine-03',1712,,2994,470,0,7,0,39,,2993,470,,,0,68,,2995,470,0,7,0
