2400,'Fête-2-01',634,,2761,250,,,0,80,,2762,250,,,0,40,,2764,250,,,0,80,,2765,250,,,0,80,,2763,250,,,0
2400,'Semaine-01',612,,322,250,,,0,22,,323,250,,,0,74,,324,250,,,0,92,,326,250,,,0,34,,327,250,,,0,80,,325,250,,,0
2500,'Fête-2-01',602,,2773,290,,,0,34,,2770,310,,,0,21,,2774,290,,,0,69,,2771,310,,,0,26,,2775,290,,,0,69,,2772,310,,,0
2500,'Semaine-01',602,,346,290,,,0,34,,343,310,,,0,21,,347,290,,,0,69,,344,310,,,0,26,,348,290,,,0,69,,345,310,,,0
2700,'Fête-2-01',555,,2784,210,,,0,80,,2785,210,,,0,80,,2786,210,,,0,40,,2787,210,,,0,80,,2788,210,,,0,787,,2789,210,,,0,83,,2790,210,,,0,46,,2791,210,,,0,84,,2792,210,,,0,86,,2793,210,,,0
2700,'Semaine-01',555,,375,210,,,0,80,,376,210,,,0,80,,377,210,,,0,40,,378,210,,,0,80,,379,210,,,0,787,,380,210,,,0,83,,381,210,,,0,46,,382,210,,,0,84,,383,210,,,0,86,,384,210,,,0
3100,'Dimanche-01',723,,492,350,,,0,218,,493,350,,,0,278,,491,350,,,0,123,,484,350,,,0,160,,485,350,,,0,118,,486,350,,,0,118,,487,350,,,0,119,,488,350,,,0,167,,489,350,,,0,221,,483,350,,,0,255,,490,350,,,0
3100,'Fête-1-03',612,,2838,350,,,0,43,,2849,350,,,0,204,,2850,350,,,0,165,,2847,350,,,0,124,,2837,350,,,0,164,,2848,350,,,0,124,,2839,350,,,0,164,,2840,350,,,0,124,,2841,350,,,0,124,,2842,350,,,0,164,,2843,350,,,0,27,,2844,350,,,0,216,,2845,350,,,0,255,,2846,350,,,0
3100,'Fête-2-01',621,,2875,350,,,0,80,,2851,350,,,0,40,,2861,350,,,0,80,,2876,350,,,0,80,,2870,350,,,0,40,,2871,350,,,0,80,,2872,350,,,0,80,,2878,350,,,0,43,,2873,350,,,0,83,,2874,350,,,0,83,,2852,350,,,0,43,,2853,350,,,0,82,,2854,350,,,0,82,,2855,350,,,0,85,,2856,350,,,0,45,,2857,350,,,0,86,,2858,350,,,0,85,,2859,350,,,0,84,,2860,350,,,0,42,,2862,350,,,0,82,,2863,350,,,0,79,,2864,350,,,0,40,,2865,350,,,0,79,,2866,350,,,0,80,,2867,350,,,0,40,,2868,350,,,0,80,,2869,350,,,0,121,,2877,350,0,5 6,0
3100,'Samedi-01',612,,537,350,,,0,43,,548,350,,,0,204,,549,350,,,0,165,,546,350,,,0,124,,536,350,,,0,164,,547,350,,,0,124,,538,350,,,0,164,,539,350,,,0,124,,540,350,,,0,124,,541,350,,,0,164,,542,350,,,0,27,,543,350,,,0,216,,544,350,,,0,255,,545,350,,,0
3100,'Semaine-01',621,,574,350,,,0,80,,550,350,,,0,40,,560,350,,,0,80,,575,350,,,0,80,,569,350,,,0,40,,570,350,,,0,80,,571,350,,,0,80,,577,350,,,0,43,,572,350,,,0,83,,573,350,,,0,83,,551,350,,,0,43,,552,350,,,0,82,,553,350,,,0,82,,554,350,,,0,85,,555,350,,,0,45,,556,350,,,0,86,,557,350,,,0,85,,558,350,,,0,84,,559,350,,,0,42,,561,350,,,0,82,,562,350,,,0,79,,563,350,,,0,40,,564,350,,,0,79,,565,350,,,0,80,,566,350,,,0,40,,567,350,,,0,80,,568,350,,,0,121,,576,350,0,5 6,0
