2000002300,'Dimanche-01',550,,1719,80,,,0,79,,1721,80,,,0,74,,1722,80,,,0,101,,1723,80,,,0,41,,1724,80,,,0,75,,1725,80,,,0,107,,1726,80,,,0,97,,1727,80,,,0,95,,1728,80,,,0,82,,1729,80,,,0,37,,1730,80,,,0,83,,1731,80,,,0,79,,1732,80,,,0,42,,1733,80,,,0,78,,1734,80,,,0,80,,1735,80,,,0,39,,1736,80,,,0,82,,1737,80,,,0,36,,1738,80,,,0,146,,1739,80,,,0,109,,1740,80,,,0,112,,1741,80,,,0,104,,1742,80,,,0,111,,1743,80,,,0,102,,1720,80,,,0
2000002300,'Fête-1-01',552,,3847,80,,,0,83,,3849,80,,,0,81,,3850,80,,,0,35,,3851,80,,,0,87,,3852,80,,,0,84,,3853,80,,,0,81,,3854,80,,,0,53,,3855,80,,,0,90,,3856,80,,,0,85,,3857,80,,,0,79,,3858,80,,,0,41,,3859,80,,,0,83,,3860,80,,,0,85,,3861,80,,,0,39,,3862,80,,,0,85,,3863,80,,,0,83,,3864,80,,,0,80,,3865,80,,,0,40,,3866,80,,,0,85,,3867,80,,,0,87,,3868,80,,,0,104,,3869,80,,,0,80,,3870,80,,,0,32,,3871,80,,,0,104,,3872,80,,,0,111,,3873,80,,,0,96,,3848,80,,,0
2000002300,'Samedi-01',552,,1799,80,,,0,83,,1801,80,,,0,81,,1802,80,,,0,35,,1803,80,,,0,87,,1804,80,,,0,84,,1805,80,,,0,81,,1806,80,,,0,53,,1807,80,,,0,90,,1808,80,,,0,85,,1809,80,,,0,79,,1810,80,,,0,41,,1811,80,,,0,83,,1812,80,,,0,85,,1813,80,,,0,39,,1814,80,,,0,85,,1815,80,,,0,83,,1816,80,,,0,80,,1817,80,,,0,40,,1818,80,,,0,85,,1819,80,,,0,87,,1820,80,,,0,104,,1821,80,,,0,80,,1822,80,,,0,32,,1823,80,,,0,104,,1824,80,,,0,111,,1825,80,,,0,96,,1800,80,,,0
2000002300,'Semaine-01',559,,1826,80,,,0,80,,1827,80,,,0,80,,1851,80,,,0,81,,1852,80,,,0,39,,1828,80,,,0,80,,1850,80,,,0,40,,1848,80,,,0,81,,1847,80,,,0,82,,1849,80,,,0,83,,1846,80,,,0,43,,1843,80,,,0,83,,1845,80,,,0,82,,1844,80,,,0,42,,1842,80,,,0,85,,1841,80,,,0,85,,1840,80,,,0,86,,1839,80,,,0,45,,1838,80,,,0,85,,1837,80,,,0,82,,1836,80,,,0,82,,1835,80,,,0,39,,1834,80,,,0,80,,1833,80,,,0,80,,1832,80,,,0,40,,1831,80,,,0,80,,1830,80,,,0,80,,1829,80,,,0,121,,1853,80,,,0
2000002300,'Semaine-02',559,,3874,80,,,0,80,,3875,80,,,0,80,,3899,80,,,0,81,,3900,80,,,0,39,,3876,80,,,0,80,,3898,80,,,0,40,,3896,80,,,0,81,,3895,80,,,0,82,,3897,80,,,0,83,,3894,80,,,0,43,,3891,80,,,0,83,,3893,80,,,0,82,,3892,80,,,0,42,,3890,80,,,0,85,,3889,80,,,0,85,,3888,80,,,0,86,,3887,80,,,0,45,,3886,80,,,0,85,,3885,80,,,0,82,,3884,80,,,0,82,,3883,80,,,0,39,,3882,80,,,0,80,,3881,80,,,0,80,,3880,80,,,0,40,,3879,80,,,0,80,,3878,80,,,0,80,,3877,80,,,0,121,,3901,80,,,0
2000002300,'Semaine-03',559,,3902,80,,,0,80,,3903,80,,,0,80,,3927,80,,,0,81,,3928,80,,,0,39,,3904,80,,,0,80,,3926,80,,,0,40,,3924,80,,,0,81,,3923,80,,,0,82,,3925,80,,,0,83,,3922,80,,,0,43,,3919,80,,,0,83,,3921,80,,,0,82,,3920,80,,,0,42,,3918,80,,,0,85,,3917,80,,,0,85,,3916,80,,,0,86,,3915,80,,,0,45,,3914,80,,,0,85,,3913,80,,,0,82,,3912,80,,,0,82,,3911,80,,,0,39,,3910,80,,,0,80,,3909,80,,,0,80,,3908,80,,,0,40,,3907,80,,,0,80,,3906,80,,,0,80,,3905,80,,,0,121,,3929,80,,,0
2000002301,'Dimanche-01',614,,1854,80,,,0,34,,1864,80,,,0,80,,1859,80,,,0,101,,1869,80,,,0,76,,1865,80,,,0,40,,1858,80,,,0,107,,1860,80,,,0,97,,1861,80,,,0,95,,1868,80,,,0,75,,1862,80,,,0,84,,1857,80,,,0,38,,1870,80,,,0,84,,1863,80,,,0,77,,1867,80,,,0,43,,1866,80,,,0,79,,1856,80,,,0,80,,1871,80,,,0,37,,1872,80,,,0,81,,1877,80,,,0,106,,1874,80,,,0,109,,1873,80,,,0,112,,1878,80,,,0,104,,1876,80,,,0,151,,1875,80,,,0,102,,1855,80,,,0
2000002301,'Fête-1-01',617,,3930,80,,,0,83,,3940,80,,,0,36,,3935,80,,,0,75,,3946,80,,,0,92,,3941,80,,,0,40,,3934,80,,,0,85,,3943,80,,,0,88,,3936,80,,,0,95,,3937,80,,,0,40,,3945,80,,,0,84,,3938,80,,,0,76,,3933,80,,,0,48,,3947,80,,,0,80,,3939,80,,,0,84,,3944,80,,,0,80,,3942,80,,,0,48,,3932,80,,,0,75,,3948,80,,,0,85,,3949,80,,,0,40,,3954,80,,,0,92,,3951,80,,,0,104,,3950,80,,,0,72,,3955,80,,,0,40,,3956,80,,,0,144,,3953,80,,,0,111,,3952,80,,,0,96,,3931,80,,,0
2000002301,'Samedi-01',617,,1935,80,,,0,83,,1945,80,,,0,36,,1940,80,,,0,75,,1951,80,,,0,92,,1946,80,,,0,40,,1939,80,,,0,85,,1948,80,,,0,88,,1941,80,,,0,95,,1942,80,,,0,40,,1950,80,,,0,84,,1943,80,,,0,76,,1938,80,,,0,48,,1952,80,,,0,80,,1944,80,,,0,84,,1949,80,,,0,80,,1947,80,,,0,48,,1937,80,,,0,75,,1953,80,,,0,85,,1954,80,,,0,40,,1959,80,,,0,92,,1956,80,,,0,104,,1955,80,,,0,72,,1960,80,,,0,40,,1961,80,,,0,144,,1958,80,,,0,111,,1957,80,,,0,96,,1936,80,,,0
2000002301,'Semaine-01',624,,1990,80,,,0,80,,1987,80,,,0,40,,1988,80,,,0,80,,1989,80,,,0,80,,1985,80,,,0,40,,1986,80,,,0,80,,1983,80,,,0,81,,1982,80,,,0,42,,1984,80,,,0,83,,1980,80,,,0,83,,1977,80,,,0,43,,1981,80,,,0,82,,1979,80,,,0,82,,1978,80,,,0,85,,1976,80,,,0,45,,1975,80,,,0,86,,1974,80,,,0,85,,1973,80,,,0,85,,1972,80,,,0,42,,1971,80,,,0,82,,1970,80,,,0,79,,1969,80,,,0,40,,1968,80,,,0,80,,1967,80,,,0,80,,1966,80,,,0,40,,1965,80,,,0,80,,1964,80,,,0,74,,1963,80,,,0,98,,1962,80,,,0
2000002301,'Semaine-02',624,,3985,80,,,0,80,,3982,80,,,0,40,,3983,80,,,0,80,,3984,80,,,0,80,,3980,80,,,0,40,,3981,80,,,0,80,,3978,80,,,0,81,,3977,80,,,0,42,,3979,80,,,0,83,,3975,80,,,0,83,,3972,80,,,0,43,,3976,80,,,0,82,,3974,80,,,0,82,,3973,80,,,0,85,,3971,80,,,0,45,,3970,80,,,0,86,,3969,80,,,0,85,,3968,80,,,0,85,,3967,80,,,0,42,,3966,80,,,0,82,,3965,80,,,0,79,,3964,80,,,0,40,,3963,80,,,0,80,,3962,80,,,0,80,,3961,80,,,0,40,,3960,80,,,0,80,,3959,80,,,0,74,,3958,80,,,0,98,,3957,80,,,0
2000002301,'Semaine-03',624,,4014,80,,,0,80,,4011,80,,,0,40,,4012,80,,,0,80,,4013,80,,,0,80,,4009,80,,,0,40,,4010,80,,,0,80,,4007,80,,,0,81,,4006,80,,,0,42,,4008,80,,,0,83,,4004,80,,,0,83,,4001,80,,,0,43,,4005,80,,,0,82,,4003,80,,,0,82,,4002,80,,,0,85,,4000,80,,,0,45,,3999,80,,,0,86,,3998,80,,,0,85,,3997,80,,,0,85,,3996,80,,,0,42,,3995,80,,,0,82,,3994,80,,,0,79,,3993,80,,,0,40,,3992,80,,,0,80,,3991,80,,,0,80,,3990,80,,,0,40,,3989,80,,,0,80,,3988,80,,,0,74,,3987,80,,,0,98,,3986,80,,,0
