2300,'Semaine-01',547,,295,320,,,0,66,,296,320,,,0,15,,297,320,,,0,75,,298,320,,,0,25,,299,320,,,0,20,,300,320,,,0,60,,301,320,,,0,20,,302,320,,,0
2300,'Semaine-02',547,,2836,320,,,0,66,,2837,320,,,0,15,,2838,320,,,0,75,,2839,320,,,0,25,,2840,320,,,0,15,,2841,320,,,0,65,,2842,320,,,0,20,,2843,320,,,0
2300,'Semaine-03',547,,2844,320,,,0,66,,2845,320,,,0,15,,2846,320,,,0,75,,2847,320,,,0,25,,2848,320,,,0,20,,2849,320,,,0,60,,2850,320,,,0,20,,2851,320,,,0
2400,'Semaine-01',614,,322,260,,,0,22,,323,260,,,0,74,,324,260,,,0,92,,326,260,,,0,34,,327,260,,,0,80,,325,260,,,0
2400,'Semaine-02',558,,2866,260,,,0,78,,2867,260,,,0,81,,2868,260,,,0,42,,2869,260,,,0,82,,2870,260,,,0
2400,'Semaine-03',614,,2871,260,,,0,22,,2872,260,,,0,74,,2873,260,,,0,92,,2875,260,,,0,34,,2876,260,,,0,80,,2874,260,,,0
2500,'Semaine-01',604,,346,300,,,0,34,,343,320,,,0,21,,347,300,,,0,69,,344,320,,,0,26,,348,300,,,0,69,,345,320,,,0
2500,'Semaine-02',604,,2890,300,,,0,34,,2887,320,,,0,21,,2891,300,,,0,72,,2888,320,,,0,23,,2892,300,,,0,69,,2889,320,,,0
2500,'Semaine-03',604,,2896,300,,,0,34,,2893,320,,,0,21,,2897,300,,,0,69,,2894,320,,,0,26,,2898,300,,,0,69,,2895,320,,,0
3100,'Dimanche-01',725,,492,360,,,0,218,,493,360,,,0,278,,491,360,,,0,123,,484,360,,,0,160,,485,360,,,0,118,,486,360,,,0,118,,487,360,,,0,119,,488,360,,,0,167,,489,360,,,0,221,,483,360,,,0,254,,490,360,,,0
3100,'Fête-1-01',614,,3034,360,,,0,43,,3045,360,,,0,244,,3046,360,,,0,125,,3043,360,,,0,124,,3033,360,,,0,164,,3044,360,,,0,124,,3035,360,,,0,164,,3036,360,,,0,124,,3037,360,,,0,124,,3038,360,,,0,164,,3039,360,,,0,27,,3040,360,,,0,216,,3041,360,,,0,254,,3042,360,,,0
3100,'Samedi-01',614,,537,360,,,0,43,,548,360,,,0,244,,549,360,,,0,125,,546,360,,,0,124,,536,360,,,0,164,,547,360,,,0,124,,538,360,,,0,164,,539,360,,,0,124,,540,360,,,0,124,,541,360,,,0,164,,542,360,,,0,27,,543,360,,,0,216,,544,360,,,0,254,,545,360,,,0
3100,'Semaine-01',623,,574,360,,,0,80,,550,360,,,0,40,,560,360,,,0,80,,575,360,,,0,80,,569,360,,,0,40,,570,360,,,0,80,,571,360,,,0,80,,577,360,,,0,43,,572,360,,,0,83,,573,360,,,0,83,,551,360,,,0,43,,552,360,,,0,82,,553,360,,,0,82,,554,360,,,0,85,,555,360,,,0,45,,556,360,,,0,86,,557,360,,,0,85,,558,360,,,0,84,,559,360,,,0,42,,561,360,,,0,82,,562,360,,,0,79,,563,360,,,0,40,,564,360,,,0,79,,565,360,,,0,80,,566,360,,,0,40,,567,360,,,0,80,,568,360,,,0,121,,576,360,4,,0
3100,'Semaine-02',617,,3071,360,,,0,41,,3047,360,,,0,81,,3057,360,,,0,82,,3072,360,,,0,82,,3066,360,,,0,42,,3067,360,,,0,82,,3068,360,,,0,81,,3074,360,,,0,45,,3069,360,,,0,83,,3070,360,,,0,83,,3048,360,,,0,83,,3049,360,,,0,43,,3050,360,,,0,84,,3051,360,,,0,86,,3052,360,,,0,88,,3053,360,,,0,46,,3054,360,,,0,85,,3055,360,,,0,81,,3056,360,,,0,40,,3058,360,,,0,81,,3059,360,,,0,80,,3060,360,,,0,41,,3061,360,,,0,80,,3062,360,,,0,80,,3063,360,,,0,40,,3064,360,,,0,80,,3065,360,,,0,111,,3073,360,4,,0
3100,'Semaine-03',623,,3099,360,,,0,80,,3075,360,,,0,40,,3085,360,,,0,80,,3100,360,,,0,80,,3094,360,,,0,40,,3095,360,,,0,80,,3096,360,,,0,80,,3102,360,,,0,43,,3097,360,,,0,83,,3098,360,,,0,83,,3076,360,,,0,43,,3077,360,,,0,82,,3078,360,,,0,82,,3079,360,,,0,85,,3080,360,,,0,45,,3081,360,,,0,86,,3082,360,,,0,85,,3083,360,,,0,84,,3084,360,,,0,42,,3086,360,,,0,82,,3087,360,,,0,79,,3088,360,,,0,40,,3089,360,,,0,79,,3090,360,,,0,80,,3091,360,,,0,40,,3092,360,,,0,80,,3093,360,,,0,121,,3101,360,4,,0
