11100,'Dimanche-01',711,,861,220,0,5 6,0,100,,857,220,0,5 10,0,146,,856,220,0,5 10,0,290,,858,220,0,5 10,0,289,,859,220,0,5 10,0,200,,862,220,0,5 6,0,106,,860,220,0,5 10,0,380,,863,220,0,5 6,0
11100,'Fête-1-01',711,,869,220,0,5 6,0,100,,865,220,0,5 10,0,146,,864,220,0,5 10,0,290,,866,220,0,5 10,0,289,,867,220,0,5 10,0,200,,870,220,0,5 6,0,106,,868,220,0,5 10,0,380,,871,220,0,5 6,0
11100,'Fête-2-02',523,,876,220,0,5 14,0,30,,874,220,0,5 14,0,70,,877,220,0,5 14,0,30,,875,220,0,5 14,0,70,,881,220,0,5 14,0,30,,882,220,0,5 14,0,71,,873,220,0,5 10,0,100,,883,220,0,5 10,0,208,,885,220,0,5 6,0,125,,872,220,0,5 10,0,401,,878,220,0,5 14,0,70,,880,220,0,5 14,0,30,,879,220,0,5 14,0,170,,884,220,0,5 10,0
11100,'Samedi-01',711,,891,220,0,5 6,0,100,,887,220,0,5 10,0,146,,886,220,0,5 10,0,290,,888,220,0,5 10,0,289,,889,220,0,5 10,0,200,,892,220,0,5 6,0,106,,890,220,0,5 10,0,380,,893,220,0,5 6,0
11100,'Semaine-01',522,,902,220,0,5 15,0,15,,896,220,0,5 10,0,20,,900,220,0,5 15,0,66,,903,220,0,5 15,0,6,,897,220,0,5 10,0,14,,901,220,0,5 15,0,11,,915,220,0,16 17,0,60,,909,220,0,5 15,0,20,,904,220,0,5 15,0,5,,898,220,0,16 17,0,15,,911,220,0,5 15,0,80,,899,220,0,16 17,0,118,,912,220,0,16 17,0,75,,894,220,0,16 17,0,105,,914,220,0,5 6,0,120,,895,220,0,5 10,0,380,,906,220,0,5 10,0,12,,905,220,0,5 15,0,89,,908,220,0,5 10,0,22,,907,220,0,5 15,0,273,,913,220,0,5 6,0,103,,910,220,0,5 10,0
14001,'Dimanche-01',753,,977,340,,,0,153,,979,490,,,0,115,,980,490,,,0,115,,981,490,,,0,115,,982,490,,,0,157,,983,490,,,0,115,,984,490,,,0,120,,985,490,,,0,160,,978,490,,,0
14001,'Fête-1-01',753,,986,340,,,0,153,,988,490,,,0,115,,989,490,,,0,115,,990,490,,,0,115,,991,490,,,0,157,,992,490,,,0,115,,993,490,,,0,120,,994,490,,,0,160,,987,490,,,0
14001,'Fête-2-02',621,,996,340,,,0,95,,1007,360,,,0,103,,995,440,,,0,118,,997,490,,,0,121,,998,490,,,0,161,,999,490,,,0,126,,1000,490,,,0,164,,1001,490,,,0,126,,1002,490,,,0,168,,1003,490,,,0,125,,1004,490,,,0,118,,1005,490,,,0,154,,1006,490,,,0
14001,'Samedi-01',753,,1008,340,,,0,153,,1010,490,,,0,115,,1011,490,,,0,115,,1012,490,,,0,115,,1013,490,,,0,157,,1014,490,,,0,115,,1015,490,,,0,120,,1016,490,,,0,160,,1009,490,,,0
14001,'Semaine-01',621,,1018,340,,,0,95,,1029,360,,,0,103,,1017,440,,,0,118,,1019,490,,,0,121,,1020,490,,,0,161,,1021,490,,,0,126,,1022,490,,,0,164,,1023,490,,,0,126,,1024,490,,,0,168,,1025,490,,,0,125,,1026,490,,,0,118,,1027,490,,,0,154,,1028,490,,,0
