11101,'Dimanche-01',739,,921,100,,,0,183,,917,230,,,0,190,,916,230,,,0,296,,918,230,,,0,250,,919,230,,,0,152,,922,100,,,0,149,,920,230,,,0,292,,923,100,,,0
11101,'Fête-1-01',739,,3342,100,,,0,183,,3338,230,,,0,190,,3337,230,,,0,296,,3339,230,,,0,250,,3340,230,,,0,152,,3343,100,,,0,149,,3341,230,,,0,292,,3344,100,,,0
11101,'Samedi-01',739,,953,100,,,0,183,,949,230,,,0,190,,948,230,,,0,296,,950,230,,,0,250,,951,230,,,0,152,,954,100,,,0,149,,952,230,,,0,292,,955,100,,,0
11101,'Semaine-01',653,,965,230,,,0,97,,972,230,,,0,451,,976,100,,,0,7,,975,230,,,0,227,,956,230,,,0,110,,957,170,,,0,10,,959,230,,,0,91,,960,170,,,0,59,,967,230,,,0,16,,962,170,,,0,30,,963,170,,,0,53,,961,170,,,0,11,,968,230,,,0,9,,964,170,,,0,83,,969,230,,,0,37,,958,240,,,0,107,,974,100,,,0,194,,971,230,,,0
11101,'Semaine-02',731,,3353,240,,,0,109,,3356,240,,,0,101,,3357,240,,,0,261,,3360,100,,,0,16,,3359,230,,,0,207,,3345,230,,,0,183,,3346,240,,,0,25,,3348,240,,,0,70,,3349,240,,,0,30,,3350,240,,,0,70,,3351,240,,,0,30,,3352,240,,,0,87,,3354,240,,,0,23,,3347,240,,,0,103,,3358,100,,,0,202,,3361,230,,,0
11101,'Semaine-03',653,,3371,230,,,0,97,,3378,230,,,0,451,,3382,100,,,0,7,,3381,230,,,0,227,,3362,230,,,0,110,,3363,170,,,0,10,,3365,230,,,0,91,,3366,170,,,0,59,,3373,230,,,0,16,,3368,170,,,0,30,,3369,170,,,0,53,,3367,170,,,0,11,,3374,230,,,0,9,,3370,170,,,0,83,,3375,230,,,0,37,,3364,240,,,0,107,,3380,100,,,0,194,,3377,230,,,0
14001,'Dimanche-01',836,,979,110,,,0,114,,980,110,,,0,155,,981,110,,,0,115,,982,110,,,0,115,,983,110,,,0,115,,984,110,,,0,160,,985,110,,,0,120,,978,110,,,0
14001,'Fête-1-01',836,,3385,110,,,0,114,,3386,110,,,0,155,,3387,110,,,0,115,,3388,110,,,0,115,,3389,110,,,0,115,,3390,110,,,0,160,,3391,110,,,0,120,,3384,110,,,0
14001,'Samedi-01',836,,1010,110,,,0,114,,1011,110,,,0,155,,1012,110,,,0,115,,1013,110,,,0,115,,1014,110,,,0,115,,1015,110,,,0,160,,1016,110,,,0,120,,1009,110,,,0
14001,'Semaine-01',749,,1017,60,,,0,161,,1019,110,,,0,120,,1020,110,,,0,121,,1021,110,,,0,165,,1022,110,,,0,125,,1023,110,,,0,165,,1024,110,,,0,125,,1025,110,,,0,125,,1026,110,,,0,160,,1027,110,,,0,114,,1028,110,,,0
14001,'Semaine-02',749,,3392,60,,,0,161,,3394,110,,,0,120,,3395,110,,,0,121,,3396,110,,,0,165,,3397,110,,,0,125,,3398,110,,,0,165,,3399,110,,,0,125,,3400,110,,,0,125,,3401,110,,,0,160,,3402,110,,,0,114,,3403,110,,,0
14001,'Semaine-03',749,,3405,60,,,0,161,,3407,110,,,0,120,,3408,110,,,0,121,,3409,110,,,0,165,,3410,110,,,0,125,,3411,110,,,0,165,,3412,110,,,0,125,,3413,110,,,0,125,,3414,110,,,0,160,,3415,110,,,0,114,,3416,110,,,0
