2301,'Fête-2-02',1550,,303,140,,,0,65,,304,140,,,0,30,,305,140,,,0,70,,306,140,,,0,29,,307,140,,,0,69,,308,140,,,0,30,,309,140,,,0
2301,'Semaine-01',1550,,310,140,,,0,65,,311,140,,,0,30,,312,140,,,0,70,,313,140,,,0,29,,314,140,,,0,69,,315,140,,,0,30,,316,140,,,0
2401,'Fête-2-02',1637,,328,30,,,0,85,,329,30,,,0,85,,331,30,,,0,45,,330,30,,,0
2401,'Semaine-01',1637,,332,30,,,0,85,,333,30,,,0,85,,336,30,,,0,21,,335,30,,,0,24,,334,30,,,0
2501,'Fête-2-02',1554,,349,140,,,0,80,,350,140,,,0,74,,351,140,,,0,39,,352,140,,,0,80,,353,140,,,0,28,,354,140,,,0
2501,'Semaine-01',1554,,355,140,,,0,80,,356,140,,,0,74,,357,140,,,0,39,,358,140,,,0,80,,359,140,,,0,28,,360,140,,,0
2701,'Fête-2-02',606,,385,30,,,0,40,,386,30,,,0,81,,387,30,,,0,80,,388,30,,,0,744,,392,30,,,0,81,,389,30,,,0,84,,393,30,,,0,86,,390,30,,,0,45,,391,30,,,0
2701,'Semaine-01',606,,394,30,,,0,40,,395,30,,,0,81,,396,30,,,0,80,,397,30,,,0,744,,401,30,,,0,81,,398,30,,,0,84,,402,30,,,0,86,,399,30,,,0,45,,400,30,,,0
3200,'Dimanche-01',555,,578,140,,,0,254,,583,140,,,0,223,,586,140,,,0,192,,587,140,,,0,119,,579,140,,,0,162,,589,140,,,0,120,,580,140,,,0,119,,582,140,,,0,158,,581,140,,,0,215,,584,140,,,0,216,,585,140,,,0,213,,588,140,0,6,0
3200,'Fête-1-01',526,,590,20,,,0,181,,596,140,,,0,37,,591,140,,,0,160,,599,140,,,0,123,,600,140,,,0,124,,601,140,,,0,164,,592,140,,,0,124,,603,140,,,0,164,,593,140,,,0,128,,594,140,,,0,120,,595,140,,,0,276,,597,140,,,0,216,,598,140,,,0,208,,602,140,0,6,0
3200,'Fête-2-02',623,,629,140,,,0,80,,604,140,,,0,39,,632,140,,,0,79,,615,140,,,0,80,,623,140,,,0,42,,624,140,,,0,81,,625,140,,,0,81,,626,140,,,0,43,,627,140,,,0,83,,628,140,,,0,83,,605,140,,,0,42,,606,140,,,0,82,,607,140,,,0,85,,631,140,,,0,85,,609,140,,,0,44,,610,140,,,0,86,,611,140,,,0,85,,612,140,,,0,82,,613,140,,,0,43,,614,140,,,0,81,,616,140,,,0,80,,617,140,,,0,40,,618,140,,,0,80,,619,140,,,0,80,,620,140,,,0,41,,621,140,,,0,80,,622,140,,,0,112,,630,140,0,6,0
3200,'Samedi-01',526,,635,20,,,0,181,,641,140,,,0,37,,636,140,,,0,160,,644,140,,,0,123,,645,140,,,0,124,,646,140,,,0,164,,637,140,,,0,124,,648,140,,,0,164,,638,140,,,0,128,,639,140,,,0,120,,640,140,,,0,276,,642,140,,,0,216,,643,140,,,0,208,,647,140,0,6,0
3200,'Semaine-01',623,,674,140,,,0,80,,649,140,,,0,39,,677,140,,,0,79,,660,140,,,0,80,,668,140,,,0,42,,669,140,,,0,81,,670,140,,,0,81,,671,140,,,0,43,,672,140,,,0,83,,673,140,,,0,83,,650,140,,,0,42,,651,140,,,0,82,,652,140,,,0,85,,676,140,,,0,85,,654,140,,,0,44,,655,140,,,0,86,,656,140,,,0,85,,657,140,,,0,82,,658,140,,,0,43,,659,140,,,0,81,,661,140,,,0,80,,662,140,,,0,40,,663,140,,,0,80,,664,140,,,0,80,,665,140,,,0,41,,666,140,,,0,80,,667,140,,,0,112,,675,140,0,6,0
