2100,'Semaine-01',538,,240,210,,,0,70,,241,210,,,0,30,,242,210,,,0,75,,243,210,,,0,30,,244,210,,,0,75,,245,210,,,0
2100,'Semaine-02',533,,2782,210,,,0,70,,2783,210,,,0,30,,2784,210,,,0,75,,2785,210,,,0,30,,2786,210,,,0,75,,2787,210,,,0
2100,'Semaine-03',538,,2788,210,,,0,70,,2789,210,,,0,30,,2790,210,,,0,75,,2791,210,,,0,30,,2792,210,,,0,75,,2793,210,,,0
2101,'Semaine-01',1635,,254,360,,,0,23,,255,360,,,0,66,,256,360,,,0,24,,257,360,,,0,65,,258,360,,,0,28,,259,360,,,0
2101,'Semaine-02',1638,,2794,360,,,0,65,,2795,360,,,0,24,,2796,360,,,0,24,,2797,360,,,0,65,,2798,360,,,0,28,,2799,360,,,0
2101,'Semaine-03',1635,,2803,360,,,0,23,,2804,360,,,0,66,,2805,360,,,0,24,,2806,360,,,0,65,,2807,360,,,0,28,,2808,360,,,0
2201,'Semaine-01',1640,,281,220,,,0,65,,285,220,,,0,25,,282,220,,,0,25,,286,220,,,0,65,,284,220,,,0,23,,283,220,,,0
2201,'Semaine-02',1643,,2824,220,,,0,65,,2828,220,,,0,24,,2825,220,,,0,25,,2829,220,,,0,65,,2827,220,,,0,28,,2826,220,,,0
2201,'Semaine-03',1640,,2830,220,,,0,65,,2834,220,,,0,25,,2831,220,,,0,25,,2835,220,,,0,65,,2833,220,,,0,23,,2832,220,,,0
3200,'Dimanche-01',609,,578,300,,,0,214,,583,300,,,0,223,,586,300,,,0,192,,587,300,,,0,119,,579,300,,,0,162,,589,300,,,0,120,,580,300,,,0,119,,582,300,,,0,158,,581,300,,,0,215,,584,300,,,0,216,,585,300,,,0,253,,588,300,0,6,0
3200,'Fête-1-01',540,,3103,180,,,0,181,,3109,300,,,0,37,,3104,300,,,0,160,,3112,300,,,0,123,,3113,300,,,0,164,,3114,300,,,0,124,,3105,300,,,0,124,,3116,300,,,0,164,,3106,300,,,0,128,,3107,300,,,0,160,,3108,300,,,0,236,,3110,300,,,0,216,,3111,300,,,0,247,,3115,300,0,6,0
3200,'Samedi-01',540,,635,180,,,0,181,,641,300,,,0,37,,636,300,,,0,160,,644,300,,,0,123,,645,300,,,0,164,,646,300,,,0,124,,637,300,,,0,124,,648,300,,,0,164,,638,300,,,0,128,,639,300,,,0,160,,640,300,,,0,236,,642,300,,,0,216,,643,300,,,0,247,,647,300,0,6,0
3200,'Semaine-01',636,,674,300,,,0,80,,649,300,,,0,40,,677,300,,,0,80,,660,300,,,0,80,,668,300,,,0,41,,669,300,,,0,81,,670,300,,,0,81,,671,300,,,0,83,,672,300,,,0,43,,673,300,,,0,83,,650,300,,,0,82,,651,300,,,0,42,,652,300,,,0,85,,676,300,,,0,85,,654,300,,,0,85,,655,300,,,0,45,,656,300,,,0,85,,657,300,,,0,82,,658,300,,,0,83,,659,300,,,0,41,,661,300,,,0,80,,662,300,,,0,80,,663,300,,,0,40,,664,300,,,0,80,,665,300,,,0,80,,666,300,,,0,40,,667,300,,,0
3200,'Semaine-02',635,,3142,300,,,0,81,,3117,300,,,0,42,,3145,300,,,0,82,,3128,300,,,0,83,,3136,300,,,0,82,,3137,300,,,0,42,,3138,300,,,0,83,,3139,300,,,0,83,,3140,300,,,0,43,,3141,300,,,0,83,,3118,300,,,0,83,,3119,300,,,0,84,,3120,300,,,0,46,,3144,300,,,0,87,,3122,300,,,0,86,,3123,300,,,0,85,,3124,300,,,0,42,,3125,300,,,0,81,,3126,300,,,0,81,,3127,300,,,0,42,,3129,300,,,0,81,,3130,300,,,0,81,,3131,300,,,0,40,,3132,300,,,0,80,,3133,300,,,0,80,,3134,300,,,0,40,,3135,300,,,0
3200,'Semaine-03',636,,3173,300,,,0,80,,3148,300,,,0,40,,3176,300,,,0,80,,3159,300,,,0,80,,3167,300,,,0,41,,3168,300,,,0,81,,3169,300,,,0,81,,3170,300,,,0,83,,3171,300,,,0,43,,3172,300,,,0,83,,3149,300,,,0,82,,3150,300,,,0,42,,3151,300,,,0,85,,3175,300,,,0,85,,3153,300,,,0,85,,3154,300,,,0,45,,3155,300,,,0,85,,3156,300,,,0,82,,3157,300,,,0,83,,3158,300,,,0,41,,3160,300,,,0,80,,3161,300,,,0,80,,3162,300,,,0,40,,3163,300,,,0,80,,3164,300,,,0,80,,3165,300,,,0,40,,3166,300,,,0
11100,'Dimanche-01',721,,861,320,0,5 6,0,100,,857,320,0,5 10,0,187,,856,320,0,5 10,0,251,,858,320,0,5 10,0,289,,859,320,0,5 10,0,198,,862,320,0,5 6,0,107,,860,320,0,5 10,0,379,,863,320,0,5 6,0
11100,'Fête-1-01',721,,3297,320,0,5 6,0,100,,3293,320,0,5 10,0,187,,3292,320,0,5 10,0,251,,3294,320,0,5 10,0,289,,3295,320,0,5 10,0,198,,3298,320,0,5 6,0,107,,3296,320,0,5 10,0,379,,3299,320,0,5 6,0
11100,'Samedi-01',721,,891,320,0,5 6,0,100,,887,320,0,5 10,0,187,,886,320,0,5 10,0,251,,888,320,0,5 10,0,289,,889,320,0,5 10,0,198,,892,320,0,5 6,0,107,,890,320,0,5 10,0,379,,893,320,0,5 6,0
11100,'Semaine-01',533,,902,320,0,5 15,0,15,,896,320,0,5 10,0,60,,900,320,0,5 15,0,27,,903,320,0,5 15,0,6,,897,320,0,5 10,0,14,,901,320,0,5 15,0,71,,909,320,0,5 15,0,20,,904,320,0,5 15,0,5,,898,320,0,5 10,0,55,,911,320,0,5 15,0,40,,899,320,0,5 10,0,157,,912,320,0,5 10,0,35,,894,320,0,5 10,0,105,,914,320,0,5 6,0,160,,895,320,0,5 10,0,341,,906,320,0,5 10,0,6,,905,250,0,5 15,0,93,,908,320,0,5 10,0,59,,907,250,0,5 15,0,233,,913,250,0,5 6,0,103,,910,250,0,5 10,0
11100,'Semaine-02',533,,3304,320,0,5 14,0,70,,3302,320,0,5 14,0,33,,3305,320,0,5 14,0,70,,3303,320,0,5 14,0,30,,3309,320,0,5 14,0,70,,3310,320,0,5 14,0,30,,3301,320,0,5 10,0,106,,3311,320,0,5 10,0,96,,3315,320,0,5 10,0,105,,3313,320,0,5 6,0,168,,3300,320,0,5 10,0,401,,3306,320,0,5 14,0,23,,3308,320,0,5 14,0,71,,3307,320,0,5 14,0,227,,3312,250,0,5 6,0,105,,3314,250,0,5 10,0
11100,'Semaine-03',533,,3324,320,0,5 15,0,15,,3318,320,0,5 10,0,60,,3322,320,0,5 15,0,27,,3325,320,0,5 15,0,6,,3319,320,0,5 10,0,14,,3323,320,0,5 15,0,71,,3331,320,0,5 15,0,20,,3326,320,0,5 15,0,5,,3320,320,0,5 10,0,55,,3333,320,0,5 15,0,40,,3321,320,0,5 10,0,157,,3334,320,0,5 10,0,35,,3316,320,0,5 10,0,105,,3336,320,0,5 6,0,160,,3317,320,0,5 10,0,341,,3328,320,0,5 10,0,6,,3327,250,0,5 15,0,93,,3330,320,0,5 10,0,59,,3329,250,0,5 15,0,233,,3335,250,0,5 6,0,103,,3332,250,0,5 10,0
