101,'Dimanche-01',737,,73,210,,,0,205,,74,210,,,0,170,,75,210,,,0,133,,76,210,,,0,167,,77,210,,,0,120,,78,210,,,0,120,,79,210,,,0,160,,80,210,,,0,118,,81,210,,,0,174,,82,210,,,0,114,,83,210,,,0,114,,84,210,,,0
101,'Fête-1-01',737,,2674,210,,,0,205,,2675,210,,,0,170,,2676,210,,,0,133,,2677,210,,,0,167,,2678,210,,,0,120,,2679,210,,,0,120,,2680,210,,,0,160,,2681,210,,,0,118,,2682,210,,,0,174,,2683,210,,,0,114,,2684,210,,,0,114,,2685,210,,,0
101,'Samedi-01',737,,115,210,,,0,205,,116,210,,,0,170,,117,210,,,0,133,,118,210,,,0,167,,119,210,,,0,120,,120,210,,,0,120,,121,210,,,0,160,,122,210,,,0,118,,123,210,,,0,174,,124,210,,,0,114,,125,210,,,0,114,,126,210,,,0
101,'Semaine-01',636,,127,210,,,0,100,,136,210,,,0,70,,138,210,,,0,50,,139,210,,,0,151,,140,210,,,0,105,,141,210,,,0,95,,143,210,,,0,102,,142,210,,,0,106,,144,210,,,0,41,,128,210,,,0,103,,129,210,,,0,96,,130,210,,,0,148,,131,210,,,0,34,,132,210,,,0,103,,133,210,,,0,84,,134,210,,,0,134,,135,210,,,0,175,,137,210,,,0
101,'Semaine-02',631,,2686,210,,,0,100,,2695,210,,,0,70,,2697,210,,,0,100,,2698,210,,,0,106,,2699,210,,,0,95,,2700,210,,,0,100,,2702,210,,,0,57,,2701,210,,,0,151,,2703,210,,,0,46,,2687,210,,,0,148,,2688,210,,,0,51,,2689,210,,,0,148,,2690,210,,,0,29,,2691,210,,,0,69,,2692,210,,,0,108,,2693,210,,,0,144,,2694,210,,,0,190,,2696,210,,,0
101,'Semaine-03',636,,2704,210,,,0,100,,2713,210,,,0,70,,2715,210,,,0,50,,2716,210,,,0,151,,2717,210,,,0,105,,2718,210,,,0,95,,2720,210,,,0,102,,2719,210,,,0,106,,2721,210,,,0,41,,2705,210,,,0,103,,2706,210,,,0,96,,2707,210,,,0,148,,2708,210,,,0,34,,2709,210,,,0,103,,2710,210,,,0,84,,2711,210,,,0,134,,2712,210,,,0,175,,2714,210,,,0
2301,'Semaine-01',1556,,310,220,,,0,65,,311,220,,,0,30,,312,220,,,0,70,,313,220,,,0,29,,314,220,,,0,69,,315,220,,,0,30,,316,220,,,0
2301,'Semaine-02',1556,,2852,220,,,0,65,,2853,220,,,0,30,,2854,220,,,0,70,,2855,220,,,0,24,,2856,220,,,0,74,,2857,220,,,0,30,,2858,220,,,0
2301,'Semaine-03',1556,,2859,220,,,0,65,,2860,220,,,0,30,,2861,220,,,0,70,,2862,220,,,0,29,,2863,220,,,0,69,,2864,220,,,0,30,,2865,220,,,0
2801,'Semaine-01',1400,,445,150,0,6,0,149,,451,150,0,6,0,57,,454,150,0,6,0,15,,458,150,0,6,0,17,,455,150,0,6,0,15,,443,150,0,7,0,50,,457,150,0,6,0,10,,446,150,0,6,0,9,,447,150,0,6,0,10,,442,150,,,0,10,,448,150,0,6,0,8,,449,150,0,6,0,50,,444,150,0,7,0,14,,450,150,0,6,0,10,,452,150,0,6,0,25,,453,150,0,6,0
2801,'Semaine-02',1400,,2982,150,0,6,0,149,,2986,150,0,6,0,57,,2989,150,0,6,0,15,,2992,150,0,6,0,17,,2980,150,0,7,0,15,,2990,150,0,6,0,55,,2991,150,0,6,0,14,,2983,150,0,6,0,15,,2979,150,,,0,13,,2984,150,0,6,0,54,,2981,150,0,7,0,15,,2985,150,0,6,0,10,,2987,150,0,6,0,20,,2988,150,0,6,0
2801,'Semaine-03',1400,,2996,150,0,6,0,149,,3002,150,0,6,0,57,,3005,150,0,6,0,15,,3008,150,0,6,0,17,,3006,150,0,6,0,15,,2994,150,0,7,0,50,,3007,150,0,6,0,10,,2997,150,0,6,0,9,,2998,150,0,6,0,10,,2993,150,,,0,10,,2999,150,0,6,0,8,,3000,150,0,6,0,50,,2995,150,0,7,0,14,,3001,150,0,6,0,10,,3003,150,0,6,0,25,,3004,150,0,6,0
3300,'Dimanche-01',543,,682,90,,,0,82,,680,90,,,0,90,,691,90,,,0,41,,701,90,,,0,83,,703,90,,,0,93,,704,90,,,0,80,,705,90,,,0,40,,706,90,,,0,80,,707,90,,,0,80,,683,90,,,0,40,,684,90,,,0,79,,685,90,,,0,80,,686,90,,,0,40,,687,90,,,0,79,,688,90,,,0,79,,689,90,,,0,39,,690,90,,,0,79,,692,90,,,0,79,,693,90,,,0,40,,694,90,,,0,87,,695,90,,,0,85,,696,90,,,0,86,,697,90,,,0,47,,698,90,,,0,86,,699,90,,,0,83,,700,90,,,0,88,,681,90,,,0,43,,702,90,,,0,159,,708,90,0,8 6,0
3300,'Fête-1-01',603,,3181,90,,,0,41,,3179,90,,,0,81,,3190,90,,,0,82,,3200,90,,,0,42,,3202,90,,,0,84,,3203,90,,,0,81,,3204,90,,,0,42,,3205,90,,,0,82,,3206,90,,,0,82,,3182,90,,,0,82,,3183,90,,,0,42,,3184,90,,,0,82,,3185,90,,,0,82,,3186,90,,,0,42,,3187,90,,,0,82,,3188,90,,,0,82,,3189,90,,,0,45,,3191,90,,,0,79,,3192,90,,,0,82,,3193,90,,,0,82,,3194,90,,,0,39,,3195,90,,,0,82,,3196,90,,,0,81,,3197,90,,,0,42,,3198,90,,,0,83,,3199,90,,,0,86,,3201,90,,,0,86,,3180,90,,,0,113,,3207,90,0,8 6,0
3300,'Samedi-01',603,,769,90,,,0,41,,767,90,,,0,81,,778,90,,,0,82,,788,90,,,0,42,,790,90,,,0,84,,791,90,,,0,81,,792,90,,,0,42,,793,90,,,0,82,,794,90,,,0,82,,770,90,,,0,82,,771,90,,,0,42,,772,90,,,0,82,,773,90,,,0,82,,774,90,,,0,42,,775,90,,,0,82,,776,90,,,0,82,,777,90,,,0,45,,779,90,,,0,79,,780,90,,,0,82,,781,90,,,0,82,,782,90,,,0,39,,783,90,,,0,82,,784,90,,,0,81,,785,90,,,0,42,,786,90,,,0,83,,787,90,,,0,86,,789,90,,,0,86,,768,90,,,0,113,,795,90,0,8 6,0
3300,'Semaine-01',610,,796,90,,,0,40,,824,90,,,0,80,,805,90,,,0,80,,815,90,,,0,40,,818,90,,,0,80,,819,90,,,0,80,,820,90,,,0,41,,821,90,,,0,81,,822,90,,,0,83,,797,90,,,0,43,,798,90,,,0,83,,799,90,,,0,82,,800,90,,,0,82,,801,90,,,0,46,,802,90,,,0,85,,803,90,,,0,85,,804,90,,,0,84,,806,90,,,0,45,,807,90,,,0,83,,808,90,,,0,82,,809,90,,,0,40,,810,90,,,0,80,,811,90,,,0,80,,812,90,,,0,40,,813,90,,,0,80,,814,90,,,0,80,,816,90,,,0,40,,817,90,,,0,96,,823,40,0,8 6,0
3300,'Semaine-02',605,,3208,90,,,0,41,,3236,90,,,0,81,,3217,90,,,0,82,,3227,90,,,0,42,,3230,90,,,0,82,,3231,90,,,0,82,,3232,90,,,0,42,,3233,90,,,0,83,,3234,90,,,0,83,,3209,90,,,0,83,,3210,90,,,0,43,,3211,90,,,0,83,,3212,90,,,0,84,,3213,90,,,0,87,,3214,90,,,0,47,,3215,90,,,0,85,,3216,90,,,0,85,,3218,90,,,0,82,,3219,90,,,0,41,,3220,90,,,0,81,,3221,90,,,0,81,,3222,90,,,0,41,,3223,90,,,0,81,,3224,90,,,0,80,,3225,90,,,0,40,,3226,90,,,0,80,,3228,90,,,0,80,,3229,90,,,0,45,,3235,40,0,8 6,0
3300,'Semaine-03',610,,3237,90,,,0,40,,3265,90,,,0,80,,3246,90,,,0,80,,3256,90,,,0,40,,3259,90,,,0,80,,3260,90,,,0,80,,3261,90,,,0,41,,3262,90,,,0,81,,3263,90,,,0,83,,3238,90,,,0,43,,3239,90,,,0,83,,3240,90,,,0,82,,3241,90,,,0,82,,3242,90,,,0,46,,3243,90,,,0,85,,3244,90,,,0,85,,3245,90,,,0,84,,3247,90,,,0,45,,3248,90,,,0,83,,3249,90,,,0,82,,3250,90,,,0,40,,3251,90,,,0,80,,3252,90,,,0,80,,3253,90,,,0,40,,3254,90,,,0,80,,3255,90,,,0,80,,3257,90,,,0,40,,3258,90,,,0,96,,3264,40,0,8 6,0
