2400,'Fête-2-02',621,,317,30,,,0,79,,318,30,,,0,40,,320,30,,,0,80,,321,30,,,0,80,,319,30,,,0
2400,'Semaine-01',559,,322,30,,,0,62,,323,30,,,0,33,,324,30,,,0,92,,326,30,,,0,74,,327,30,,,0,80,,325,30,,,0
2501,'Fête-2-02',1616,,349,370,,,0,40,,350,370,,,0,73,,351,370,,,0,79,,352,370,,,0,40,,353,370,,,0,68,,354,370,,,0
2501,'Semaine-01',1616,,355,370,,,0,40,,356,370,,,0,73,,357,370,,,0,79,,358,370,,,0,40,,359,370,,,0,68,,360,370,,,0
2600,'Fête-2-02',449,,361,80,,,0
2600,'Semaine-01',449,,363,80,,,0
2000002500,'Dimanche-01',540,,1991,220,,,0,87,,1993,270,,,0,78,,1994,270,,,0,35,,1995,270,,,0,68,,1996,270,,,0,34,,1997,270,,,0,78,,1998,270,,,0,37,,1999,270,,,0,76,,2000,270,,,0,72,,2001,270,,,0,45,,2002,270,,,0,85,,2003,270,,,0,95,,2004,270,,,0,23,,2005,270,,,0,62,,2006,270,,,0,85,,2007,270,,,0,40,,2008,270,,,0,80,,2009,270,,,0,80,,2010,270,,,0,35,,2011,270,,,0,81,,2012,270,,,0,39,,2013,270,,,0,80,,2014,270,,,0,70,,2015,270,,,0,35,,2016,270,,,0,75,,2017,270,,,0,35,,2018,270,,,0,75,,2019,270,,,0,75,,2020,270,,,0,30,,2021,270,,,0,75,,2022,270,,,0,35,,2023,270,,,0,76,,2024,270,,,0
2000002500,'Fête-1-01',527,,2057,220,,,0,26,,2026,270,,,0,76,,2042,270,,,0,83,,2027,270,,,0,27,,2043,270,,,0,77,,2028,270,,,0,40,,2044,270,,,0,80,,2029,270,,,0,70,,2045,270,,,0,40,,2030,270,,,0,80,,2046,270,,,0,77,,2031,270,,,0,30,,2025,270,,,0,73,,2032,270,,,0,41,,2047,270,,,0,78,,2033,270,,,0,86,,2048,270,,,0,45,,2034,270,,,0,79,,2049,270,,,0,71,,2035,270,,,0,34,,2050,270,,,0,84,,2036,270,,,0,80,,2051,270,,,0,44,,2037,270,,,0,80,,2052,270,,,0,90,,2038,270,,,0,41,,2053,270,,,0,76,,2039,270,,,0,76,,2054,270,,,0,32,,2040,270,,,0,72,,2055,270,,,0,111,,2041,270,,,0
2000002500,'Fête-2-02',600,,2059,220,,,0,36,,2060,270,,,0,80,,2061,270,,,0,40,,2058,270,,,0,80,,2062,270,,,0,80,,2063,270,,,0,40,,2064,270,,,0,80,,2065,270,,,0,81,,2066,270,,,0,42,,2067,270,,,0,83,,2068,270,,,0,83,,2069,270,,,0,83,,2070,270,,,0,42,,2071,270,,,0,82,,2072,270,,,0,85,,2073,270,,,0,85,,2074,270,,,0,46,,2075,270,,,0,85,,2076,270,,,0,85,,2077,270,,,0,82,,2078,270,,,0,42,,2079,270,,,0,79,,2080,270,,,0,80,,2081,270,,,0,40,,2082,270,,,0,80,,2083,270,,,0,80,,2084,270,,,0,40,,2085,270,,,0,60,,2086,270,,,0,30,,2087,270,,,0,82,,2088,270,,,0
2000002500,'Samedi-01',527,,2121,220,,,0,26,,2090,270,,,0,76,,2106,270,,,0,83,,2091,270,,,0,27,,2107,270,,,0,77,,2092,270,,,0,40,,2108,270,,,0,80,,2093,270,,,0,70,,2109,270,,,0,40,,2094,270,,,0,80,,2110,270,,,0,77,,2095,270,,,0,30,,2089,270,,,0,73,,2096,270,,,0,41,,2111,270,,,0,78,,2097,270,,,0,86,,2112,270,,,0,45,,2098,270,,,0,79,,2113,270,,,0,71,,2099,270,,,0,34,,2114,270,,,0,84,,2100,270,,,0,80,,2115,270,,,0,44,,2101,270,,,0,80,,2116,270,,,0,90,,2102,270,,,0,41,,2117,270,,,0,76,,2103,270,,,0,76,,2118,270,,,0,32,,2104,270,,,0,72,,2119,270,,,0,111,,2105,270,,,0
2000002500,'Semaine-01',600,,2123,220,,,0,36,,2124,270,,,0,80,,2125,270,,,0,40,,2122,270,,,0,80,,2126,270,,,0,80,,2127,270,,,0,40,,2128,270,,,0,80,,2129,270,,,0,81,,2130,270,,,0,42,,2131,270,,,0,83,,2132,270,,,0,83,,2133,270,,,0,83,,2134,270,,,0,42,,2135,270,,,0,82,,2136,270,,,0,85,,2137,270,,,0,85,,2138,270,,,0,46,,2139,270,,,0,85,,2140,270,,,0,85,,2141,270,,,0,82,,2142,270,,,0,42,,2143,270,,,0,79,,2144,270,,,0,80,,2145,270,,,0,40,,2146,270,,,0,80,,2147,270,,,0,80,,2148,270,,,0,40,,2149,270,,,0,60,,2150,270,,,0,30,,2151,270,,,0,82,,2152,270,,,0
