101,'Dimanche-01',757,,73,490,,,0,246,,74,490,,,0,131,,75,490,,,0,173,,76,490,,,0,127,,77,490,,,0,120,,78,490,,,0,160,,79,490,,,0,120,,80,490,,,0,117,,81,490,,,0,174,,82,490,,,0,114,,83,490,,,0,113,,84,490,,,0
101,'Fête-1-01',757,,85,490,,,0,246,,86,490,,,0,131,,87,490,,,0,173,,88,490,,,0,127,,89,490,,,0,120,,90,490,,,0,160,,91,490,,,0,120,,92,490,,,0,117,,93,490,,,0,174,,94,490,,,0,114,,95,490,,,0,113,,96,490,,,0
101,'Fête-2-02',657,,97,490,,,0,101,,106,490,,,0,70,,108,490,,,0,90,,109,490,,,0,110,,110,490,,,0,105,,111,490,,,0,95,,113,490,,,0,105,,112,490,,,0,106,,114,490,,,0,81,,98,490,,,0,104,,99,490,,,0,96,,100,490,,,0,106,,101,490,,,0,74,,102,490,,,0,103,,103,490,,,0,43,,104,490,,,0,173,,105,490,,,0,134,,107,490,,,0
101,'Samedi-01',757,,115,490,,,0,246,,116,490,,,0,131,,117,490,,,0,173,,118,490,,,0,127,,119,490,,,0,120,,120,490,,,0,160,,121,490,,,0,120,,122,490,,,0,117,,123,490,,,0,174,,124,490,,,0,114,,125,490,,,0,113,,126,490,,,0
101,'Semaine-01',657,,127,490,,,0,46,,145,360,,,0,55,,136,490,,,0,70,,138,490,,,0,90,,139,490,,,0,110,,140,490,,,0,105,,141,490,,,0,95,,143,490,,,0,105,,142,490,,,0,106,,144,490,,,0,81,,128,490,,,0,104,,129,490,,,0,96,,130,490,,,0,106,,131,490,,,0,74,,132,490,,,0,103,,133,490,,,0,43,,134,490,,,0,173,,135,490,,,0,134,,137,490,,,0
2000,'Dimanche-01',725,,146,670,,,0,124,,147,670,,,0,166,,148,670,,,0,125,,149,670,,,0,165,,150,670,,,0,125,,151,670,,,0,125,,152,670,,,0,165,,153,670,,,0
2000,'Fête-1-01',725,,154,670,,,0,124,,155,670,,,0,166,,156,670,,,0,125,,157,670,,,0,165,,158,670,,,0,125,,159,670,,,0,125,,160,670,,,0,165,,161,670,,,0
2000,'Fête-2-02',710,,162,660,,,0,125,,163,660,,,0,165,,164,660,,,0,126,,165,660,,,0,126,,166,660,,,0,165,,167,660,,,0,126,,168,660,,,0,166,,169,660,,,0,126,,170,660,,,0
2000,'Samedi-01',725,,171,670,,,0,124,,172,670,,,0,166,,173,670,,,0,125,,174,670,,,0,165,,175,670,,,0,125,,176,670,,,0,125,,177,670,,,0,165,,178,670,,,0
2000,'Semaine-01',710,,179,660,,,0,125,,180,660,,,0,165,,181,660,,,0,126,,182,660,,,0,126,,183,660,,,0,165,,184,660,,,0,126,,185,660,,,0,166,,186,660,,,0,126,,187,660,,,0
2000,'Semaine-01-0001100',1959,,189,660,,,0,164,,188,660,,,0
2801,'Fête-2-02',1704,,431,380,0,7,0,44,,430,380,,,0,68,,432,380,0,7,0
2801,'Semaine-01',1704,,443,380,0,7,0,44,,442,380,,,0,68,,444,380,0,7,0
