100,'Dimanche-01',630,,12,520,,,0,200,,1,520,,,0,125,,2,520,,,0,170,,3,520,,,0,125,,4,520,,,0,164,,5,520,,,0,119,,6,520,,,0,120,,7,520,,,0,163,,8,520,,,0,135,,9,520,,,0,155,,10,520,,,0,115,,11,520,,,0
100,'Fête-1-01',630,,2637,520,,,0,200,,2626,520,,,0,125,,2627,520,,,0,170,,2628,520,,,0,125,,2629,520,,,0,164,,2630,520,,,0,119,,2631,520,,,0,120,,2632,520,,,0,163,,2633,520,,,0,135,,2634,520,,,0,155,,2635,520,,,0,115,,2636,520,,,0
100,'Samedi-01',630,,54,520,,,0,200,,43,520,,,0,125,,44,520,,,0,170,,45,520,,,0,125,,46,520,,,0,164,,47,520,,,0,119,,48,520,,,0,120,,49,520,,,0,163,,50,520,,,0,135,,51,520,,,0,155,,52,520,,,0,115,,53,520,,,0
100,'Semaine-01',515,,55,520,,,0,104,,56,520,,,0,26,,57,520,,,0,81,,58,520,,,0,119,,59,520,,,0,104,,62,520,,,0,94,,71,520,,,0,101,,63,520,,,0,100,,72,520,,,0,78,,64,520,,,0,102,,65,520,,,0,100,,69,520,,,0,110,,66,520,,,0,75,,67,520,,,0,107,,60,520,,,0,93,,61,520,,,0,133,,70,520,,,0,184,,68,520,,,0
100,'Semaine-02',513,,2638,520,,,0,102,,2639,520,,,0,30,,2640,520,,,0,81,,2641,520,,,0,129,,2642,520,,,0,98,,2645,520,,,0,70,,2654,520,,,0,100,,2646,520,,,0,106,,2655,520,,,0,95,,2647,520,,,0,100,,2648,520,,,0,100,,2652,520,,,0,110,,2649,520,,,0,89,,2650,520,,,0,113,,2643,520,,,0,88,,2644,520,,,0,103,,2653,520,,,0,196,,2651,520,,,0
100,'Semaine-03',515,,2656,520,,,0,104,,2657,520,,,0,26,,2658,520,,,0,81,,2659,520,,,0,119,,2660,520,,,0,104,,2663,520,,,0,94,,2672,520,,,0,101,,2664,520,,,0,100,,2673,520,,,0,78,,2665,520,,,0,102,,2666,520,,,0,100,,2670,520,,,0,110,,2667,520,,,0,75,,2668,520,,,0,107,,2661,520,,,0,93,,2662,520,,,0,133,,2671,520,,,0,184,,2669,520,,,0
2300,'Semaine-01',535,,295,190,,,0,65,,296,190,,,0,15,,297,190,,,0,35,,298,190,,,0,65,,299,190,,,0,20,,300,190,,,0,20,,301,190,,,0,60,,302,190,,,0
2300,'Semaine-02',535,,2836,190,,,0,65,,2837,190,,,0,15,,2838,190,,,0,35,,2839,190,,,0,65,,2840,190,,,0,15,,2841,190,,,0,25,,2842,190,,,0,60,,2843,190,,,0
2300,'Semaine-03',535,,2844,190,,,0,65,,2845,190,,,0,15,,2846,190,,,0,35,,2847,190,,,0,65,,2848,190,,,0,20,,2849,190,,,0,20,,2850,190,,,0,60,,2851,190,,,0
2400,'Semaine-01',604,,322,130,,,0,22,,323,130,,,0,33,,324,130,,,0,92,,326,130,,,0,74,,327,130,,,0,80,,325,130,,,0
2400,'Semaine-02',548,,2866,130,,,0,78,,2867,130,,,0,80,,2868,130,,,0,42,,2869,130,,,0,82,,2870,130,,,0
2400,'Semaine-03',604,,2871,130,,,0,22,,2872,130,,,0,33,,2873,130,,,0,92,,2875,130,,,0,74,,2876,130,,,0,80,,2874,130,,,0
2600,'Semaine-01',456,,363,180,,,0
2600,'Semaine-02',456,,2911,180,,,0
2600,'Semaine-03',456,,2913,180,,,0
2800,'Semaine-01',507,,417,50,,,0,20,,416,50,,,0,15,,414,290,,,0,15,,428,50,,,0,55,,425,50,,,0,15,,413,330,,,0,10,,426,50,,,0,10,,415,290,,,0,10,,427,50,,,0,50,,418,50,,,0,10,,419,50,,,0,15,,420,50,,,0,15,,422,50,,,0,60,,423,50,,,0
2800,'Semaine-02',507,,2957,50,,,0,20,,2956,50,,,0,15,,2954,290,,,0,15,,2963,50,,,0,55,,2964,50,,,0,15,,2953,330,,,0,15,,2955,290,,,0,15,,2958,50,,,0,55,,2959,50,,,0,15,,2960,50,,,0,20,,2961,50,,,0,60,,2962,50,,,0
2800,'Semaine-03',507,,2969,50,,,0,20,,2968,50,,,0,15,,2966,290,,,0,15,,2978,50,,,0,55,,2975,50,,,0,15,,2965,330,,,0,10,,2976,50,,,0,10,,2967,290,,,0,10,,2977,50,,,0,50,,2970,50,,,0,10,,2971,50,,,0,15,,2972,50,,,0,15,,2973,50,,,0,60,,2974,50,,,0
3300,'Dimanche-01',601,,682,370,,,0,42,,680,370,,,0,91,,691,370,,,0,81,,701,370,,,0,43,,703,370,,,0,93,,704,370,,,0,80,,705,370,,,0,80,,706,370,,,0,40,,707,370,,,0,80,,683,370,,,0,80,,684,370,,,0,39,,685,370,,,0,80,,686,370,,,0,80,,687,370,,,0,39,,688,370,,,0,79,,689,370,,,0,79,,690,370,,,0,39,,692,370,,,0,79,,693,370,,,0,80,,694,370,,,0,47,,695,370,,,0,85,,696,370,,,0,85,,697,370,,,0,87,,698,370,,,0,46,,699,370,,,0,83,,700,370,,,0,88,,681,370,,,0,83,,702,370,,,0
3300,'Fête-1-01',621,,3181,370,,,0,81,,3179,370,,,0,42,,3190,370,,,0,82,,3200,370,,,0,82,,3202,370,,,0,44,,3203,370,,,0,81,,3204,370,,,0,82,,3205,370,,,0,42,,3206,370,,,0,82,,3182,370,,,0,82,,3183,370,,,0,82,,3184,370,,,0,42,,3185,370,,,0,82,,3186,370,,,0,82,,3187,370,,,0,42,,3188,370,,,0,82,,3189,370,,,0,85,,3191,370,,,0,39,,3192,370,,,0,82,,3193,370,,,0,82,,3194,370,,,0,79,,3195,370,,,0,41,,3196,370,,,0,81,,3197,370,,,0,82,,3198,370,,,0,43,,3199,370,,,0,86,,3201,370,,,0,86,,3180,370,,,0
3300,'Samedi-01',621,,769,370,,,0,81,,767,370,,,0,42,,778,370,,,0,82,,788,370,,,0,82,,790,370,,,0,44,,791,370,,,0,81,,792,370,,,0,82,,793,370,,,0,42,,794,370,,,0,82,,770,370,,,0,82,,771,370,,,0,82,,772,370,,,0,42,,773,370,,,0,82,,774,370,,,0,82,,775,370,,,0,42,,776,370,,,0,82,,777,370,,,0,85,,779,370,,,0,39,,780,370,,,0,82,,781,370,,,0,82,,782,370,,,0,79,,783,370,,,0,41,,784,370,,,0,81,,785,370,,,0,82,,786,370,,,0,43,,787,370,,,0,86,,789,370,,,0,86,,768,370,,,0
3300,'Semaine-01',628,,796,370,,,0,80,,824,370,,,0,41,,805,370,,,0,80,,815,370,,,0,80,,818,370,,,0,40,,819,370,,,0,80,,820,370,,,0,82,,821,370,,,0,41,,822,370,,,0,83,,797,370,,,0,83,,798,370,,,0,83,,799,370,,,0,43,,800,370,,,0,83,,801,370,,,0,86,,802,370,,,0,45,,803,370,,,0,85,,804,370,,,0,84,,806,370,,,0,81,,807,370,,,0,43,,808,370,,,0,82,,809,370,,,0,80,,810,370,,,0,40,,811,370,,,0,79,,812,370,,,0,80,,813,370,,,0,40,,814,370,,,0,80,,816,370,,,0,80,,817,370,,,0
3300,'Semaine-02',623,,3208,370,,,0,81,,3236,370,,,0,42,,3217,370,,,0,82,,3227,370,,,0,82,,3230,370,,,0,42,,3231,370,,,0,82,,3232,370,,,0,83,,3233,370,,,0,83,,3234,370,,,0,43,,3209,370,,,0,83,,3210,370,,,0,83,,3211,370,,,0,44,,3212,370,,,0,85,,3213,370,,,0,87,,3214,370,,,0,87,,3215,370,,,0,45,,3216,370,,,0,82,,3218,370,,,0,81,,3219,370,,,0,81,,3220,370,,,0,41,,3221,370,,,0,81,,3222,370,,,0,81,,3223,370,,,0,40,,3224,370,,,0,80,,3225,370,,,0,80,,3226,370,,,0,40,,3228,370,,,0,80,,3229,370,,,0
3300,'Semaine-03',628,,3237,370,,,0,80,,3265,370,,,0,41,,3246,370,,,0,80,,3256,370,,,0,80,,3259,370,,,0,40,,3260,370,,,0,80,,3261,370,,,0,82,,3262,370,,,0,41,,3263,370,,,0,83,,3238,370,,,0,83,,3239,370,,,0,83,,3240,370,,,0,43,,3241,370,,,0,83,,3242,370,,,0,86,,3243,370,,,0,45,,3244,370,,,0,85,,3245,370,,,0,84,,3247,370,,,0,81,,3248,370,,,0,43,,3249,370,,,0,82,,3250,370,,,0,80,,3251,370,,,0,40,,3252,370,,,0,79,,3253,370,,,0,80,,3254,370,,,0,40,,3255,370,,,0,80,,3257,370,,,0,80,,3258,370,,,0
