100,'Dimanche-01',704,,12,800,4,,0,201,,1,800,4,,0,130,,2,800,4,,0,171,,3,800,4,,0,125,,4,800,4,,0,123,,5,800,4,,0,157,,6,800,4,,0,120,,7,800,4,,0,122,,8,800,4,,0,175,,9,800,4,,0,115,,10,800,4,,0,115,,11,800,4,,0
100,'Fête-1-01',704,,24,800,4,,0,201,,13,800,4,,0,130,,14,800,4,,0,171,,15,800,4,,0,125,,16,800,4,,0,123,,17,800,4,,0,157,,18,800,4,,0,120,,19,800,4,,0,122,,20,800,4,,0,175,,21,800,4,,0,115,,22,800,4,,0,115,,23,800,4,,0
100,'Fête-2-02',552,,25,800,4,,0,106,,26,800,4,,0,69,,27,800,4,,0,84,,28,800,4,,0,116,,29,800,4,,0,102,,32,800,4,,0,95,,41,800,4,,0,100,,33,800,4,,0,103,,42,800,4,,0,80,,34,800,4,,0,100,,35,800,4,,0,100,,39,800,4,,0,110,,36,800,4,,0,35,,37,800,4,,0,102,,30,800,4,,0,92,,31,800,4,,0,171,,40,800,4,,0,142,,38,800,4,,0
100,'Samedi-01',704,,54,800,4,,0,201,,43,800,4,,0,130,,44,800,4,,0,171,,45,800,4,,0,125,,46,800,4,,0,123,,47,800,4,,0,157,,48,800,4,,0,120,,49,800,4,,0,122,,50,800,4,,0,175,,51,800,4,,0,115,,52,800,4,,0,115,,53,800,4,,0
100,'Semaine-01',552,,55,800,4,,0,106,,56,800,4,,0,69,,57,800,4,,0,84,,58,800,4,,0,115,,59,800,4,,0,103,,62,800,4,,0,92,,71,800,4,,0,103,,63,800,4,,0,105,,72,800,4,,0,78,,64,800,4,,0,101,,65,800,4,,0,100,,69,800,4,,0,110,,66,800,4,,0,34,,67,800,4,,0,102,,60,800,4,,0,92,,61,800,4,,0,171,,70,800,4,,0,142,,68,800,4,,0
101,'Dimanche-01',710,,73,10,,,0,205,,74,10,,,0,130,,75,10,,,0,170,,76,10,,,0,125,,77,10,,,0,160,,78,10,,,0,120,,79,10,,,0,120,,80,10,,,0,160,,81,10,,,0,135,,82,10,,,0,115,,83,10,,,0,155,,84,10,,,0
101,'Fête-1-01',710,,85,10,,,0,205,,86,10,,,0,130,,87,10,,,0,170,,88,10,,,0,125,,89,10,,,0,160,,90,10,,,0,120,,91,10,,,0,120,,92,10,,,0,160,,93,10,,,0,135,,94,10,,,0,115,,95,10,,,0,155,,96,10,,,0
101,'Fête-2-02',605,,97,10,,,0,100,,106,10,,,0,30,,108,10,,,0,90,,109,10,,,0,110,,110,10,,,0,105,,111,10,,,0,95,,113,10,,,0,100,,112,10,,,0,105,,114,10,,,0,80,,98,10,,,0,100,,99,10,,,0,100,,100,10,,,0,110,,101,10,,,0,75,,102,10,,,0,105,,103,10,,,0,45,,104,10,,,0,175,,105,10,,,0,175,,107,10,,,0
101,'Samedi-01',710,,115,10,,,0,205,,116,10,,,0,130,,117,10,,,0,170,,118,10,,,0,125,,119,10,,,0,160,,120,10,,,0,120,,121,10,,,0,120,,122,10,,,0,160,,123,10,,,0,135,,124,10,,,0,115,,125,10,,,0,155,,126,10,,,0
101,'Semaine-01',605,,127,10,,,0,100,,136,10,,,0,30,,138,10,,,0,90,,139,10,,,0,110,,140,10,,,0,105,,141,10,,,0,95,,143,10,,,0,100,,142,10,,,0,105,,144,10,,,0,80,,128,10,,,0,100,,129,10,,,0,100,,130,10,,,0,110,,131,10,,,0,75,,132,10,,,0,105,,133,10,,,0,45,,134,10,,,0,175,,135,10,,,0,175,,137,10,,,0
