100,'Dimanche-01',652,,12,700,4,,0,200,,1,700,4,,0,168,,2,700,4,,0,131,,3,700,4,,0,165,,4,700,4,,0,123,,5,700,4,,0,118,,6,700,4,,0,160,,7,700,4,,0,123,,8,700,4,,0,175,,9,700,4,,0,115,,10,700,4,,0,115,,11,700,4,,0
100,'Samedi-01',652,,54,700,4,,0,200,,43,700,4,,0,168,,44,700,4,,0,131,,45,700,4,,0,165,,46,700,4,,0,123,,47,700,4,,0,118,,48,700,4,,0,160,,49,700,4,,0,123,,50,700,4,,0,175,,51,700,4,,0,115,,52,700,4,,0,115,,53,700,4,,0
100,'Semaine-01',541,,55,700,4,,0,105,,56,700,4,,0,67,,57,700,4,,0,43,,58,700,4,,0,156,,59,700,4,,0,103,,62,700,4,,0,92,,71,700,4,,0,103,,63,700,4,,0,104,,72,700,4,,0,38,,64,700,4,,0,101,,65,700,4,,0,100,,69,700,4,,0,150,,66,700,4,,0,34,,67,700,4,,0,104,,60,700,4,,0,92,,61,700,4,,0,171,,70,700,4,,0,143,,68,700,4,,0
2100,'Semaine-01',558,,240,340,4,,0,70,,241,340,4,,0,73,,242,340,4,,0,36,,243,340,4,,0,70,,244,340,4,,0,36,,245,340,4,,0
2300,'Semaine-01',559,,295,380,4,,0,66,,296,380,4,,0,17,,297,380,4,,0,75,,298,380,4,,0,26,,299,380,4,,0,61,,300,380,4,,0,20,,301,380,4,,0,20,,302,380,4,,0
2500,'Semaine-01',617,,346,360,4,,0,34,,343,380,4,,0,61,,347,360,4,,0,29,,344,380,4,,0,66,,348,360,4,,0,29,,345,380,4,,0
2600,'Semaine-01',513,,363,330,4,,0,17,,364,340,4,,0
3100,'Dimanche-01',734,,492,420,4,,0,218,,493,420,4,,0,278,,491,420,4,,0,123,,484,420,4,,0,160,,485,420,4,,0,118,,486,420,4,,0,118,,487,420,4,,0,159,,488,420,4,,0,127,,489,420,4,,0,221,,483,420,4,,0,254,,490,420,4,,0
3100,'Samedi-01',623,,537,420,4,,0,83,,548,420,4,,0,204,,549,420,4,,0,125,,546,420,4,,0,124,,536,420,4,,0,164,,547,420,4,,0,124,,538,420,4,,0,164,,539,420,4,,0,124,,540,420,4,,0,124,,541,420,4,,0,164,,542,420,4,,0,27,,543,420,4,,0,256,,544,420,4,,0,214,,545,420,4,,0
3100,'Semaine-01',636,,574,420,4,,0,80,,550,420,4,,0,42,,560,420,4,,0,80,,575,420,4,,0,80,,569,420,4,,0,40,,570,420,4,,0,77,,571,420,4,,0,79,,577,420,4,,0,44,,572,420,4,,0,83,,573,420,4,,0,83,,551,420,4,,0,83,,552,420,4,,0,42,,553,420,4,,0,84,,554,420,4,,0,84,,555,420,4,,0,85,,556,420,4,,0,46,,557,420,4,,0,83,,558,420,4,,0,84,,559,420,4,,0,42,,561,420,4,,0,82,,562,420,4,,0,79,,563,420,4,,0,40,,564,420,4,,0,78,,565,420,4,,0,80,,566,420,4,,0,40,,567,420,4,,0,80,,568,420,4,,0
3200,'Dimanche-01',628,,578,430,4,,0,214,,583,430,4,,0,263,,586,430,4,,0,152,,587,430,4,,0,159,,579,430,4,,0,122,,589,430,4,,0,120,,580,430,4,,0,159,,582,430,4,,0,118,,581,430,4,,0,214,,584,430,4,,0,256,,585,430,4,,0
3200,'Samedi-01',559,,635,310,4,,0,181,,641,430,4,,0,77,,636,430,4,,0,120,,644,430,4,,0,163,,645,430,4,,0,124,,646,430,4,,0,124,,637,430,4,,0,164,,648,430,4,,0,124,,638,430,4,,0,168,,639,430,4,,0,120,,640,430,4,,0,235,,642,430,4,,0,256,,643,430,4,,0
3200,'Semaine-01',700,,674,430,4,,0,41,,649,430,4,,0,80,,677,430,4,,0,80,,660,430,4,,0,40,,668,430,4,,0,77,,669,430,4,,0,41,,670,430,4,,0,81,,671,430,4,,0,83,,672,430,4,,0,83,,673,430,4,,0,43,,650,430,4,,0,82,,651,430,4,,0,83,,652,430,4,,0,86,,676,430,4,,0,18,,653,80,4,,0,27,,654,430,4,,0,59,,678,80,4,,0,24,,655,430,4,,0,20,,679,80,4,,0,65,,656,430,4,,0,44,,657,430,4,,0,82,,658,430,4,,0,83,,659,430,4,,0,80,,661,430,4,,0,40,,662,430,4,,0,80,,663,430,4,,0,80,,664,430,4,,0,40,,665,430,4,,0,80,,666,430,4,,0,80,,667,430,4,,0
9800,'Semaine-01',701,,855,220,4,,0,102,,843,320,4,,0,104,,847,320,4,,0,105,,848,320,4,,0,507,,849,320,4,,0,105,,850,320,4,,0,105,,851,320,4,,0,104,,852,320,4,,0,102,,853,320,4,,0,97,,854,320,4,,0,96,,844,320,4,,0,90,,845,320,4,,0
11100,'Dimanche-01',838,,857,450,4,,0,187,,856,450,4,,0,291,,858,450,4,,0,289,,859,450,4,,0,305,,860,450,4,,0
11100,'Samedi-01',838,,887,450,4,,0,187,,886,450,4,,0,291,,888,450,4,,0,289,,889,450,4,,0,305,,890,450,4,,0
11100,'Semaine-01',604,,896,450,4,,0,96,,897,450,4,,0,110,,898,450,4,,0,95,,899,450,4,,0,114,,912,450,4,,0,36,,894,450,4,,0,265,,895,450,4,,0,380,,906,450,4,,0,59,,908,450,4,,0,394,,910,380,4,,0
