11101,'Dimanche-01',739,,921,120,,,0,184,,917,250,,,0,189,,916,250,,,0,297,,918,250,,,0,249,,919,250,,,0,152,,922,120,,,0,149,,920,250,,,0,292,,923,120,,,0
11101,'Fête-1-01',739,,3342,120,,,0,184,,3338,250,,,0,189,,3337,250,,,0,297,,3339,250,,,0,249,,3340,250,,,0,152,,3343,120,,,0,149,,3341,250,,,0,292,,3344,120,,,0
11101,'Samedi-01',739,,953,120,,,0,184,,949,250,,,0,189,,948,250,,,0,297,,950,250,,,0,249,,951,250,,,0,152,,954,120,,,0,149,,952,250,,,0,292,,955,120,,,0
11101,'Semaine-01',654,,965,250,,,0,97,,972,250,,,0,450,,976,120,,,0,7,,975,250,,,0,227,,956,250,,,0,111,,957,190,,,0,10,,959,250,,,0,91,,960,190,,,0,59,,967,250,,,0,16,,962,190,,,0,29,,963,190,,,0,53,,961,190,,,0,11,,968,250,,,0,9,,964,190,,,0,84,,969,250,,,0,37,,958,260,,,0,107,,974,120,,,0,194,,971,250,,,0
11101,'Semaine-02',732,,3353,260,,,0,109,,3356,260,,,0,100,,3357,260,,,0,261,,3360,120,,,0,16,,3359,250,,,0,207,,3345,250,,,0,184,,3346,260,,,0,25,,3348,260,,,0,70,,3349,260,,,0,30,,3350,260,,,0,69,,3351,260,,,0,30,,3352,260,,,0,88,,3354,260,,,0,23,,3347,260,,,0,103,,3358,120,,,0,202,,3361,250,,,0
11101,'Semaine-03',654,,3371,250,,,0,97,,3378,250,,,0,450,,3382,120,,,0,7,,3381,250,,,0,227,,3362,250,,,0,111,,3363,190,,,0,10,,3365,250,,,0,91,,3366,190,,,0,59,,3373,250,,,0,16,,3368,190,,,0,29,,3369,190,,,0,53,,3367,190,,,0,11,,3374,250,,,0,9,,3370,190,,,0,84,,3375,250,,,0,37,,3364,260,,,0,107,,3380,120,,,0,194,,3377,250,,,0
14001,'Dimanche-01',837,,979,130,,,0,115,,980,130,,,0,155,,981,130,,,0,115,,982,130,,,0,115,,983,130,,,0,115,,984,130,,,0,160,,985,130,,,0,120,,978,130,,,0
14001,'Fête-1-01',837,,3385,130,,,0,115,,3386,130,,,0,155,,3387,130,,,0,115,,3388,130,,,0,115,,3389,130,,,0,115,,3390,130,,,0,160,,3391,130,,,0,120,,3384,130,,,0
14001,'Samedi-01',837,,1010,130,,,0,115,,1011,130,,,0,155,,1012,130,,,0,115,,1013,130,,,0,115,,1014,130,,,0,115,,1015,130,,,0,160,,1016,130,,,0,120,,1009,130,,,0
14001,'Semaine-01',750,,1017,80,,,0,161,,1019,130,,,0,120,,1020,130,,,0,121,,1021,130,,,0,165,,1022,130,,,0,125,,1023,130,,,0,165,,1024,130,,,0,125,,1025,130,,,0,126,,1026,130,,,0,160,,1027,130,,,0,113,,1028,130,,,0
14001,'Semaine-02',750,,3392,80,,,0,161,,3394,130,,,0,120,,3395,130,,,0,121,,3396,130,,,0,165,,3397,130,,,0,125,,3398,130,,,0,165,,3399,130,,,0,125,,3400,130,,,0,126,,3401,130,,,0,160,,3402,130,,,0,113,,3403,130,,,0
14001,'Semaine-03',750,,3405,80,,,0,161,,3407,130,,,0,120,,3408,130,,,0,121,,3409,130,,,0,165,,3410,130,,,0,125,,3411,130,,,0,165,,3412,130,,,0,125,,3413,130,,,0,126,,3414,130,,,0,160,,3415,130,,,0,113,,3416,130,,,0
