1,100,'Dimanche-01',1,2,3,4,5,6,7,8,9,10,11,12
1,100,'Samedi-01',43,44,45,46,47,48,49,50,51,52,53,54
1,100,'Semaine-01',55,56,57,58,59,60,61,62,63,64,65,66,67,68,69,70,71,72
1,101,'Dimanche-01',73,74,75,76,77,78,79,80,81,82,83,84
1,101,'Samedi-01',115,116,117,118,119,120,121,122,123,124,125,126
1,101,'Semaine-01',127,128,129,130,131,132,133,134,135,136,137,138,139,140,141,142,143,144,145
20,2000,'Dimanche-01',146,147,148,149,150,151,152,153
20,2000,'Samedi-01',171,172,173,174,175,176,177,178
20,2000,'Semaine-01',179,180,181,182,183,184,185,186,187
20,2000,'Semaine-01-0001100',188,189
20,2001,'Dimanche-01',190,191,192,193,194,195,196,197
20,2001,'Samedi-01',215,216,217,218,219,220,221,222
20,2001,'Semaine-01',223,224,225,226,227,228,229,230,231
20,2001,'Semaine-01-0001100',232,233
21,2100,'Semaine-01',240,241,242,243,244,245
21,2101,'Semaine-01',254,255,256,257,258,259,260,261,262
22,2200,'Semaine-01',269,270,271,272,273,274
22,2201,'Semaine-01',281,282,283,284,285,286
23,2300,'Semaine-01',295,296,297,298,299,300,301,302
23,2301,'Semaine-01',310,311,312,313,314,315,316
24,2400,'Semaine-01',322,323,324,325,326,327
24,2401,'Semaine-01',332,333,334,335,336
25,2500,'Semaine-01',343,344,345,346,347,348
25,2501,'Semaine-01',355,356,357,358,359,360
26,2600,'Semaine-01',363,364
27,2700,'Semaine-01',375,376,377,378,379,380,381,382,383,384
27,2701,'Semaine-01',394,395,396,397,398,399,400,401,402
28,2800,'Semaine-01',413,414,415,416,417,418,419,420,421,422,423,424,425,426,427,428,429
28,2801,'Semaine-01',442,443,444,445,446,447,448,449,450,451,452,453,454,455,456,457,458
29,2901,'Semaine-01',471,472,473,474,475,476,477,478,479,480,481,482
31,3100,'Dimanche-01',483,484,485,486,487,488,489,490,491,492,493
31,3100,'Samedi-01',536,537,538,539,540,541,542,543,544,545,546,547,548,549
31,3100,'Semaine-01',550,551,552,553,554,555,556,557,558,559,560,561,562,563,564,565,566,567,568,569,570,571,572,573,574,575,576,577
32,3200,'Dimanche-01',578,579,580,581,582,583,584,585,586,587,588,589
32,3200,'Samedi-01',635,636,637,638,639,640,641,642,643,644,645,646,647,648
32,3200,'Semaine-01',649,650,651,652,653,654,655,656,657,658,659,660,661,662,663,664,665,666,667,668,669,670,671,672,673,674,675,676,677,678,679
33,3300,'Dimanche-01',680,681,682,683,684,685,686,687,688,689,690,691,692,693,694,695,696,697,698,699,700,701,702,703,704,705,706,707,708
33,3300,'Samedi-01',767,768,769,770,771,772,773,774,775,776,777,778,779,780,781,782,783,784,785,786,787,788,789,790,791,792,793,794,795
33,3300,'Semaine-01',796,797,798,799,800,801,802,803,804,805,806,807,808,809,810,811,812,813,814,815,816,817,818,819,820,821,822,823,824
90,9000,'Semaine-01',825,826
90,9001,'Semaine-01',827,828,829
98,9800,'Semaine-01',843,844,845,846,847,848,849,850,851,852,853,854,855
111,11100,'Dimanche-01',856,857,858,859,860,861,862,863
111,11100,'Samedi-01',886,887,888,889,890,891,892,893
111,11100,'Semaine-01',894,895,896,897,898,899,900,901,902,903,904,905,906,907,908,909,910,911,912,913,914,915
111,11101,'Dimanche-01',916,917,918,919,920,921,922,923
111,11101,'Samedi-01',948,949,950,951,952,953,954,955
111,11101,'Semaine-01',956,957,958,959,960,961,962,963,964,965,966,967,968,969,970,971,972,973,974,975,976
140,14001,'Dimanche-01',977,978,979,980,981,982,983,984,985
140,14001,'Samedi-01',1008,1009,1010,1011,1012,1013,1014,1015,1016
140,14001,'Semaine-01',1017,1018,1019,1020,1021,1022,1023,1024,1025,1026,1027,1028,1029
20000001,2000000100,'Dimanche-01',1030,1031,1032,1033,1034,1035,1036,1037,1038,1039,1040,1041,1042,1043,1044,1045,1046,1047,1048,1049,1050,1051,1052,1053
20000001,2000000100,'Samedi-01',1114,1115,1116,1117,1118,1119,1120,1121,1122,1123,1124,1125,1126,1127,1128,1129,1130,1131,1132,1133,1134,1135,1136,1137
20000001,2000000100,'Semaine-01',1138,1139,1140,1141,1142,1143,1144,1145,1146,1147,1148,1149,1150,1151,1152,1153,1154,1155,1156,1157,1158,1159,1160,1161,1162,1163,1164,1165,1166,1167,1168,1169,1170,1171,1172,1173
20000019,2000001900,'Dimanche-01',1174,1175,1176,1177,1178,1179,1180,1181,1182,1183,1184,1185
20000019,2000001900,'Samedi-01',1216,1217,1218,1219,1220,1221,1222,1223,1224,1225,1226,1227
20000019,2000001900,'Semaine-01',1228,1229,1230,1231,1232,1233,1234,1235,1236,1237,1238,1239,1240,1241,1242,1243,1244,1245
20000019,2000001901,'Dimanche-01',1246,1247,1248,1249,1250,1251,1252,1253,1254,1255,1256,1257
20000019,2000001901,'Samedi-01',1288,1289,1290,1291,1292,1293,1294,1295,1296,1297,1298,1299
20000019,2000001901,'Semaine-01',1300,1301,1302,1303,1304,1305,1306,1307,1308,1309,1310,1311,1312,1313,1314,1315,1316,1317
20000020,2000002000,'Dimanche-01',1318,1319,1320,1321,1322,1323,1324,1325,1326,1327,1328,1329,1330,1331,1332,1333,1334,1335,1336,1337,1338,1339,1340,1341
20000020,2000002000,'Samedi-01',1397,1398,1399,1400,1401,1402,1403,1404,1405,1406,1407,1408,1409,1410,1411,1412,1413,1414,1415,1416,1417,1418,1419,1420
20000020,2000002000,'Semaine-01',1421,1422,1423,1424,1425,1426,1427,1428,1429,1430,1431,1432,1433,1434,1435,1436,1437,1438,1439,1440,1441,1442,1443,1444,1445,1446,1447,1448,1449,1450,1451
20000022,2000002200,'Dimanche-01',1452,1453,1454,1455,1456,1457,1458,1459,1460,1461,1462,1463,1464,1465,1466,1467,1468,1469,1470,1471,1472,1473,1474,1475,1476,1477,1478,1479
20000022,2000002200,'Samedi-01',1532,1533,1534,1535,1536,1537,1538,1539,1540,1541,1542,1543,1544,1545,1546,1547,1548,1549,1550,1551,1552,1553,1554,1555,1556,1557,1558,1559,1560
20000022,2000002200,'Semaine-01',1561,1562,1563,1564,1565,1566,1567,1568,1569,1570,1571,1572,1573,1574,1575,1576,1577,1578,1579,1580,1581,1582,1583
20000022,2000002201,'Dimanche-01',1584,1585,1586,1587,1588,1589,1590,1591,1592,1593,1594,1595,1596,1597,1598,1599,1600,1601,1602,1603,1604,1605,1606,1607,1608,1609,1610,1611,1612
20000022,2000002201,'Samedi-01',1666,1667,1668,1669,1670,1671,1672,1673,1674,1675,1676,1677,1678,1679,1680,1681,1682,1683,1684,1685,1686,1687,1688,1689,1690,1691,1692,1693,1694,1695
20000022,2000002201,'Semaine-01',1696,1697,1698,1699,1700,1701,1702,1703,1704,1705,1706,1707,1708,1709,1710,1711,1712,1713,1714,1715,1716,1717,1718
20000023,2000002300,'Dimanche-01',1719,1720,1721,1722,1723,1724,1725,1726,1727,1728,1729,1730,1731,1732,1733,1734,1735,1736,1737,1738,1739,1740,1741,1742,1743
20000023,2000002300,'Samedi-01',1799,1800,1801,1802,1803,1804,1805,1806,1807,1808,1809,1810,1811,1812,1813,1814,1815,1816,1817,1818,1819,1820,1821,1822,1823,1824,1825
20000023,2000002300,'Semaine-01',1826,1827,1828,1829,1830,1831,1832,1833,1834,1835,1836,1837,1838,1839,1840,1841,1842,1843,1844,1845,1846,1847,1848,1849,1850,1851,1852,1853
20000023,2000002301,'Dimanche-01',1854,1855,1856,1857,1858,1859,1860,1861,1862,1863,1864,1865,1866,1867,1868,1869,1870,1871,1872,1873,1874,1875,1876,1877,1878
20000023,2000002301,'Samedi-01',1935,1936,1937,1938,1939,1940,1941,1942,1943,1944,1945,1946,1947,1948,1949,1950,1951,1952,1953,1954,1955,1956,1957,1958,1959,1960,1961
20000023,2000002301,'Semaine-01',1962,1963,1964,1965,1966,1967,1968,1969,1970,1971,1972,1973,1974,1975,1976,1977,1978,1979,1980,1981,1982,1983,1984,1985,1986,1987,1988,1989,1990
20000025,2000002500,'Dimanche-01',1991,1992,1993,1994,1995,1996,1997,1998,1999,2000,2001,2002,2003,2004,2005,2006,2007,2008,2009,2010,2011,2012,2013,2014,2015,2016,2017,2018,2019,2020,2021,2022,2023,2024
20000025,2000002500,'Samedi-01',2089,2090,2091,2092,2093,2094,2095,2096,2097,2098,2099,2100,2101,2102,2103,2104,2105,2106,2107,2108,2109,2110,2111,2112,2113,2114,2115,2116,2117,2118,2119,2120,2121
20000025,2000002500,'Semaine-01',2122,2123,2124,2125,2126,2127,2128,2129,2130,2131,2132,2133,2134,2135,2136,2137,2138,2139,2140,2141,2142,2143,2144,2145,2146,2147,2148,2149,2150,2151,2152
20000027,2000002700,'Dimanche-01',2153,2154,2155,2156,2157,2158,2159,2160,2161,2162,2163,2164,2165,2166,2167,2168,2169,2170,2171,2172,2173,2174,2175,2176,2177,2178,2179,2180,2181
20000027,2000002700,'Samedi-01',2234,2235,2236,2237,2238,2239,2240,2241,2242,2243,2244,2245,2246,2247,2248,2249,2250,2251,2252,2253,2254,2255,2256,2257,2258,2259,2260,2261,2262,2263
20000027,2000002700,'Semaine-01',2264,2265,2266,2267,2268,2269,2270,2271,2272,2273,2274,2275,2276,2277,2278,2279,2280,2281,2282,2283,2284,2285
20000027,2000002701,'Dimanche-01',2286,2287,2288,2289,2290,2291,2292,2293,2294,2295,2296,2297,2298,2299,2300,2301,2302,2303,2304,2305,2306,2307,2308,2309,2310,2311,2312,2313
20000027,2000002701,'Samedi-01',2363,2364,2365,2366,2367,2368,2369,2370,2371,2372,2373,2374,2375,2376,2377,2378,2379,2380,2381,2382,2383,2384,2385,2386,2387,2388,2389,2390,2391
20000027,2000002701,'Semaine-01',2392,2393,2394,2395,2396,2397,2398,2399,2400,2401,2402,2403,2404,2405,2406,2407,2408,2409,2410,2411
20000029,2000002900,'Dimanche-01',2412,2413,2414,2415,2416,2417,2418,2419,2420,2421,2422,2423,2424,2425,2426,2427,2428,2429,2430,2431,2432,2433,2434,2435,2436,2437,2438,2439,2440,2441,2442,2443,2444,2445,2446,2447,2448,2449,2450,2451,2452,2453
20000029,2000002900,'Samedi-01',2540,2541,2542,2543,2544,2545,2546,2547,2548,2549,2550,2551,2552,2553,2554,2555,2556,2557,2558,2559,2560,2561,2562,2563,2564,2565,2566,2567,2568,2569,2570,2571,2572,2573,2574,2575,2576,2577,2578,2579,2580
20000029,2000002900,'Semaine-01',2581,2582,2583,2584,2585,2586,2587,2588,2589,2590,2591,2592,2593,2594,2595,2596,2597,2598,2599,2600,2601,2602,2603,2604,2605,2606,2607,2608,2609,2610,2611,2612,2613,2614,2615,2616,2617,2618,2619,2620,2621,2622,2623,2624,2625
