2600,'Semaine-01',507,,364,110,,,0
2600,'Semaine-02',507,,2912,110,,,0
2600,'Semaine-03',507,,2914,110,,,0
2700,'Semaine-01',550,,375,140,,,0,80,,376,140,,,0,80,,377,140,,,0,40,,378,140,,,0,80,,379,140,,,0,787,,380,140,,,0,83,,381,140,,,0,46,,382,140,,,0,84,,383,140,,,0,86,,384,140,,,0
2700,'Semaine-02',545,,2915,140,,,0,79,,2916,140,,,0,81,,2917,140,,,0,42,,2918,140,,,0,82,,2919,140,,,0,800,,2920,140,,,0,86,,2921,140,,,0,85,,2922,140,,,0,40,,2923,140,,,0,84,,2924,140,,,0
2700,'Semaine-03',550,,2925,140,,,0,80,,2926,140,,,0,80,,2927,140,,,0,40,,2928,140,,,0,80,,2929,140,,,0,787,,2930,140,,,0,83,,2931,140,,,0,46,,2932,140,,,0,84,,2933,140,,,0,86,,2934,140,,,0
2000002701,'Dimanche-01',606,,2286,150,,,0,50,,2288,150,,,0,81,,2313,150,,,0,83,,2311,150,,,0,93,,2312,150,,,0,43,,2309,150,,,0,87,,2310,150,,,0,75,,2308,150,,,0,35,,2307,150,,,0,82,,2304,150,,,0,79,,2306,150,,,0,40,,2305,150,,,0,80,,2303,150,,,0,82,,2302,150,,,0,37,,2300,150,,,0,83,,2301,150,,,0,76,,2299,150,,,0,43,,2298,150,,,0,76,,2297,150,,,0,82,,2296,150,,,0,44,,2295,150,,,0,86,,2294,150,,,0,85,,2287,150,,,0,89,,2293,150,,,0,83,,2292,150,,,0,44,,2291,150,,,0,88,,2290,150,,,0,86,,2289,150,,,0
2000002701,'Fête-1-01',545,,4184,150,,,0,83,,4187,150,,,0,90,,4212,150,,,0,37,,4210,150,,,0,77,,4211,150,,,0,83,,4208,150,,,0,41,,4209,150,,,0,82,,4207,150,,,0,82,,4206,150,,,0,82,,4203,150,,,0,42,,4205,150,,,0,82,,4204,150,,,0,82,,4202,150,,,0,42,,4201,150,,,0,82,,4199,150,,,0,82,,4200,150,,,0,42,,4198,150,,,0,86,,4197,150,,,0,78,,4196,150,,,0,82,,4195,150,,,0,42,,4194,150,,,0,81,,4193,150,,,0,79,,4185,150,,,0,33,,4192,150,,,0,90,,4191,150,,,0,87,,4190,150,,,0,39,,4189,150,,,0,89,,4188,150,,,0,81,,4186,150,,,0
2000002701,'Samedi-01',545,,2363,150,,,0,83,,2366,150,,,0,90,,2391,150,,,0,37,,2389,150,,,0,77,,2390,150,,,0,83,,2387,150,,,0,41,,2388,150,,,0,82,,2386,150,,,0,82,,2385,150,,,0,82,,2382,150,,,0,42,,2384,150,,,0,82,,2383,150,,,0,82,,2381,150,,,0,42,,2380,150,,,0,82,,2378,150,,,0,82,,2379,150,,,0,42,,2377,150,,,0,86,,2376,150,,,0,78,,2375,150,,,0,82,,2374,150,,,0,42,,2373,150,,,0,81,,2372,150,,,0,79,,2364,150,,,0,33,,2371,150,,,0,90,,2370,150,,,0,87,,2369,150,,,0,39,,2368,150,,,0,89,,2367,150,,,0,81,,2365,150,,,0
2000002701,'Semaine-01',552,,2408,150,,,0,360,,2407,150,,,0,40,,2406,150,,,0,81,,2405,150,,,0,81,,2404,150,,,0,43,,2403,150,,,0,83,,2402,150,,,0,83,,2401,150,,,0,82,,2409,150,,,0,42,,2410,150,,,0,85,,2411,150,,,0,425,,2400,150,,,0,80,,2399,150,,,0,80,,2398,150,,,0,40,,2397,150,,,0,80,,2396,150,,,0,80,,2395,150,,,0,40,,2394,150,,,0,81,,2393,150,,,0,80,,2392,150,,,0
2000002701,'Semaine-02',552,,4229,150,,,0,360,,4228,150,,,0,40,,4227,150,,,0,81,,4226,150,,,0,81,,4225,150,,,0,43,,4224,150,,,0,83,,4223,150,,,0,83,,4222,150,,,0,82,,4230,150,,,0,42,,4231,150,,,0,85,,4232,150,,,0,425,,4221,150,,,0,80,,4220,150,,,0,80,,4219,150,,,0,40,,4218,150,,,0,80,,4217,150,,,0,80,,4216,150,,,0,40,,4215,150,,,0,81,,4214,150,,,0,80,,4213,150,,,0
2000002701,'Semaine-03',552,,4249,150,,,0,360,,4248,150,,,0,40,,4247,150,,,0,81,,4246,150,,,0,81,,4245,150,,,0,43,,4244,150,,,0,83,,4243,150,,,0,83,,4242,150,,,0,82,,4250,150,,,0,42,,4251,150,,,0,85,,4252,150,,,0,425,,4241,150,,,0,80,,4240,150,,,0,80,,4239,150,,,0,40,,4238,150,,,0,80,,4237,150,,,0,80,,4236,150,,,0,40,,4235,150,,,0,81,,4234,150,,,0,80,,4233,150,,,0
