100,'Dimanche-01',636,,12,600,,,0,200,,1,600,,,0,167,,2,600,,,0,130,,3,600,,,0,125,,4,600,,,0,163,,5,600,,,0,118,,6,600,,,0,120,,7,600,,,0,163,,8,600,,,0,135,,9,600,,,0,155,,10,600,,,0,115,,11,600,,,0
100,'Fête-1-03',636,,2637,600,,,0,200,,2626,600,,,0,167,,2627,600,,,0,130,,2628,600,,,0,125,,2629,600,,,0,163,,2630,600,,,0,118,,2631,600,,,0,120,,2632,600,,,0,163,,2633,600,,,0,135,,2634,600,,,0,155,,2635,600,,,0,115,,2636,600,,,0
100,'Fête-2-01',523,,2638,600,,,0,104,,2639,600,,,0,26,,2640,600,,,0,82,,2641,600,,,0,118,,2642,600,,,0,103,,2645,600,,,0,95,,2654,600,,,0,100,,2646,600,,,0,102,,2655,600,,,0,80,,2647,600,,,0,100,,2648,600,,,0,100,,2652,600,,,0,110,,2649,600,,,0,75,,2650,600,,,0,105,,2643,600,,,0,92,,2644,600,,,0,132,,2653,600,,,0,184,,2651,600,,,0
100,'Samedi-01',636,,54,600,,,0,200,,43,600,,,0,167,,44,600,,,0,130,,45,600,,,0,125,,46,600,,,0,163,,47,600,,,0,118,,48,600,,,0,120,,49,600,,,0,163,,50,600,,,0,135,,51,600,,,0,155,,52,600,,,0,115,,53,600,,,0
100,'Semaine-01',523,,55,600,,,0,104,,56,600,,,0,26,,57,600,,,0,82,,58,600,,,0,118,,59,600,,,0,104,,62,600,,,0,94,,71,600,,,0,101,,63,600,,,0,101,,72,600,,,0,78,,64,600,,,0,102,,65,600,,,0,100,,69,600,,,0,110,,66,600,,,0,75,,67,600,,,0,105,,60,600,,,0,92,,61,600,,,0,132,,70,600,,,0,184,,68,600,,,0
2800,'Fête-2-01',513,,2807,130,,,0,20,,2806,130,,,0,20,,2804,370,,,0,60,,2812,130,,,0,20,,2803,390,,,0,20,,2805,370,,,0,61,,2808,130,,,0,20,,2809,130,,,0,21,,2810,130,,,0,60,,2811,130,,,0
2800,'Semaine-01',513,,417,130,,,0,20,,416,130,,,0,20,,414,370,,,0,50,,428,130,,,0,10,,424,130,,,0,10,,425,130,,,0,10,,413,390,,,0,8,,426,130,,,0,8,,415,370,,,0,8,,429,130,,,0,49,,427,130,,,0,8,,418,130,,,0,10,,419,130,,,0,10,,420,130,,,0,11,,421,130,,,0,10,,422,130,,,0,60,,423,130,,,0
3300,'Dimanche-01',611,,682,510,,,0,42,,680,510,,,0,91,,691,510,,,0,81,,701,510,,,0,83,,703,510,,,0,93,,704,510,,,0,40,,705,510,,,0,80,,706,510,,,0,80,,707,510,,,0,40,,683,510,,,0,80,,684,510,,,0,79,,685,510,,,0,40,,686,510,,,0,80,,687,510,,,0,39,,688,510,,,0,79,,689,510,,,0,79,,690,510,,,0,39,,692,510,,,0,79,,693,510,,,0,80,,694,510,,,0,87,,695,510,,,0,45,,696,510,,,0,85,,697,510,,,0,87,,698,510,,,0,86,,699,510,,,0,43,,700,510,,,0,88,,681,510,,,0,83,,702,510,,,0
3300,'Fête-1-03',631,,2926,510,,,0,81,,2924,510,,,0,42,,2935,510,,,0,82,,2945,510,,,0,82,,2947,510,,,0,84,,2948,510,,,0,41,,2949,510,,,0,82,,2950,510,,,0,82,,2951,510,,,0,42,,2927,510,,,0,82,,2928,510,,,0,82,,2929,510,,,0,42,,2930,510,,,0,82,,2931,510,,,0,82,,2932,510,,,0,82,,2933,510,,,0,42,,2934,510,,,0,85,,2936,510,,,0,79,,2937,510,,,0,42,,2938,510,,,0,82,,2939,510,,,0,79,,2940,510,,,0,41,,2941,510,,,0,81,,2942,510,,,0,82,,2943,510,,,0,43,,2944,510,,,0,86,,2946,510,,,0,86,,2925,510,,,0
3300,'Fête-2-01',638,,2953,510,,,0,80,,2981,510,,,0,41,,2962,510,,,0,80,,2972,510,,,0,80,,2975,510,,,0,40,,2976,510,,,0,80,,2977,510,,,0,82,,2978,510,,,0,81,,2979,510,,,0,43,,2954,510,,,0,83,,2955,510,,,0,83,,2956,510,,,0,43,,2957,510,,,0,84,,2958,510,,,0,86,,2959,510,,,0,84,,2960,510,,,0,45,,2961,510,,,0,84,,2963,510,,,0,81,,2964,510,,,0,83,,2965,510,,,0,42,,2966,510,,,0,80,,2967,510,,,0,80,,2968,510,,,0,39,,2969,510,,,0,80,,2970,510,,,0,80,,2971,510,,,0,40,,2973,510,,,0,80,,2974,510,,,0
3300,'Samedi-01',631,,769,510,,,0,81,,767,510,,,0,42,,778,510,,,0,82,,788,510,,,0,82,,790,510,,,0,84,,791,510,,,0,41,,792,510,,,0,82,,793,510,,,0,82,,794,510,,,0,42,,770,510,,,0,82,,771,510,,,0,82,,772,510,,,0,42,,773,510,,,0,82,,774,510,,,0,82,,775,510,,,0,82,,776,510,,,0,42,,777,510,,,0,85,,779,510,,,0,79,,780,510,,,0,42,,781,510,,,0,82,,782,510,,,0,79,,783,510,,,0,41,,784,510,,,0,81,,785,510,,,0,82,,786,510,,,0,43,,787,510,,,0,86,,789,510,,,0,86,,768,510,,,0
3300,'Semaine-01',638,,796,510,,,0,80,,824,510,,,0,41,,805,510,,,0,80,,815,510,,,0,80,,818,510,,,0,40,,819,510,,,0,80,,820,510,,,0,82,,821,510,,,0,81,,822,510,,,0,43,,797,510,,,0,83,,798,510,,,0,83,,799,510,,,0,43,,800,510,,,0,84,,801,510,,,0,86,,802,510,,,0,84,,803,510,,,0,45,,804,510,,,0,84,,806,510,,,0,81,,807,510,,,0,83,,808,510,,,0,42,,809,510,,,0,80,,810,510,,,0,80,,811,510,,,0,39,,812,510,,,0,80,,813,510,,,0,80,,814,510,,,0,40,,816,510,,,0,80,,817,510,,,0
