100,'Dimanche-01',558,,12,60,,,0,200,,1,60,,,0,165,,2,60,,,0,130,,3,60,,,0,165,,4,60,,,0,124,,5,60,,,0,160,,6,60,,,0,120,,7,60,,,0,124,,8,60,,,0,175,,9,60,,,0,115,,10,60,,,0,115,,11,60,,,0
100,'Fête-1-01',558,,24,60,,,0,200,,13,60,,,0,165,,14,60,,,0,130,,15,60,,,0,165,,16,60,,,0,124,,17,60,,,0,160,,18,60,,,0,120,,19,60,,,0,124,,20,60,,,0,175,,21,60,,,0,115,,22,60,,,0,115,,23,60,,,0
100,'Fête-2-02',440,,25,60,,,0,103,,26,60,,,0,65,,27,60,,,0,41,,28,60,,,0,160,,29,60,,,0,105,,32,60,,,0,95,,41,60,,,0,100,,33,60,,,0,100,,42,60,,,0,40,,34,60,,,0,100,,35,60,,,0,100,,39,60,,,0,110,,36,60,,,0,75,,37,60,,,0,109,,30,60,,,0,95,,31,60,,,0,174,,40,60,,,0,145,,38,60,,,0
100,'Samedi-01',558,,54,60,,,0,200,,43,60,,,0,165,,44,60,,,0,130,,45,60,,,0,165,,46,60,,,0,124,,47,60,,,0,160,,48,60,,,0,120,,49,60,,,0,124,,50,60,,,0,175,,51,60,,,0,115,,52,60,,,0,115,,53,60,,,0
100,'Semaine-01',440,,55,60,,,0,103,,56,60,,,0,65,,57,60,,,0,41,,58,60,,,0,160,,59,60,,,0,106,,62,60,,,0,94,,71,60,,,0,101,,63,60,,,0,99,,72,60,,,0,38,,64,60,,,0,102,,65,60,,,0,100,,69,60,,,0,110,,66,60,,,0,75,,67,60,,,0,109,,60,60,,,0,95,,61,60,,,0,174,,70,60,,,0,145,,68,60,,,0
2000,'Dimanche-01',648,,146,20,,,0,164,,147,20,,,0,125,,148,20,,,0,165,,149,20,,,0,125,,150,20,,,0,125,,151,20,,,0,165,,152,20,,,0,125,,153,20,,,0
2000,'Fête-1-01',648,,154,20,,,0,164,,155,20,,,0,125,,156,20,,,0,165,,157,20,,,0,125,,158,20,,,0,125,,159,20,,,0,165,,160,20,,,0,125,,161,20,,,0
2000,'Fête-2-02',630,,162,20,,,0,125,,163,20,,,0,165,,164,20,,,0,126,,165,20,,,0,166,,166,20,,,0,125,,167,20,,,0,166,,168,20,,,0,126,,169,20,,,0,126,,170,20,,,0
2000,'Samedi-01',648,,171,20,,,0,164,,172,20,,,0,125,,173,20,,,0,165,,174,20,,,0,125,,175,20,,,0,125,,176,20,,,0,165,,177,20,,,0,125,,178,20,,,0
2000,'Semaine-01',630,,179,20,,,0,125,,180,20,,,0,165,,181,20,,,0,126,,182,20,,,0,166,,183,20,,,0,125,,184,20,,,0,166,,185,20,,,0,126,,186,20,,,0,126,,187,20,,,0
2000,'Semaine-01-0001100',1921,,189,20,,,0,124,,188,20,,,0
2800,'Fête-2-02',603,,403,20,,,0
2800,'Semaine-01',603,,413,20,,,0
