100,'Dimanche-01',539,,12,20,,,0,200,,1,20,,,0,165,,2,20,,,0,130,,3,20,,,0,125,,4,20,,,0,165,,5,20,,,0,120,,6,20,,,0,160,,7,20,,,0,124,,8,20,,,0,175,,9,20,,,0,115,,10,20,,,0,115,,11,20,,,0
100,'Fête-1-01',539,,2637,20,,,0,200,,2626,20,,,0,165,,2627,20,,,0,130,,2628,20,,,0,125,,2629,20,,,0,165,,2630,20,,,0,120,,2631,20,,,0,160,,2632,20,,,0,124,,2633,20,,,0,175,,2634,20,,,0,115,,2635,20,,,0,115,,2636,20,,,0
100,'Samedi-01',539,,54,20,,,0,200,,43,20,,,0,165,,44,20,,,0,130,,45,20,,,0,125,,46,20,,,0,165,,47,20,,,0,120,,48,20,,,0,160,,49,20,,,0,124,,50,20,,,0,175,,51,20,,,0,115,,52,20,,,0,115,,53,20,,,0
100,'Semaine-01',421,,55,20,,,0,103,,56,20,,,0,25,,57,20,,,0,81,,58,20,,,0,120,,59,20,,,0,106,,62,20,,,0,94,,71,20,,,0,101,,63,20,,,0,99,,72,20,,,0,78,,64,20,,,0,102,,65,20,,,0,100,,69,20,,,0,110,,66,20,,,0,75,,67,20,,,0,109,,60,20,,,0,95,,61,20,,,0,135,,70,20,,,0,185,,68,20,,,0
100,'Semaine-02',419,,2638,20,,,0,100,,2639,20,,,0,30,,2640,20,,,0,81,,2641,20,,,0,170,,2642,20,,,0,100,,2645,20,,,0,30,,2654,20,,,0,100,,2646,20,,,0,105,,2655,20,,,0,95,,2647,20,,,0,100,,2648,20,,,0,100,,2652,20,,,0,110,,2649,20,,,0,90,,2650,20,,,0,114,,2643,20,,,0,90,,2644,20,,,0,105,,2653,20,,,0,197,,2651,20,,,0
100,'Semaine-03',421,,2656,20,,,0,103,,2657,20,,,0,25,,2658,20,,,0,81,,2659,20,,,0,120,,2660,20,,,0,106,,2663,20,,,0,94,,2672,20,,,0,101,,2664,20,,,0,99,,2673,20,,,0,78,,2665,20,,,0,102,,2666,20,,,0,100,,2670,20,,,0,110,,2667,20,,,0,75,,2668,20,,,0,109,,2661,20,,,0,95,,2662,20,,,0,135,,2671,20,,,0,185,,2669,20,,,0
101,'Dimanche-01',828,,73,750,4,,0,206,,74,750,4,,0,171,,75,750,4,,0,133,,76,750,4,,0,167,,77,750,4,,0,120,,78,750,4,,0,120,,79,750,4,,0,160,,80,750,4,,0,117,,81,750,4,,0,134,,82,750,4,,0,154,,83,750,4,,0,113,,84,750,4,,0
101,'Fête-1-01',828,,2674,750,4,,0,206,,2675,750,4,,0,171,,2676,750,4,,0,133,,2677,750,4,,0,167,,2678,750,4,,0,120,,2679,750,4,,0,120,,2680,750,4,,0,160,,2681,750,4,,0,117,,2682,750,4,,0,134,,2683,750,4,,0,154,,2684,750,4,,0,113,,2685,750,4,,0
101,'Samedi-01',828,,115,750,4,,0,206,,116,750,4,,0,171,,117,750,4,,0,133,,118,750,4,,0,167,,119,750,4,,0,120,,120,750,4,,0,120,,121,750,4,,0,160,,122,750,4,,0,117,,123,750,4,,0,134,,124,750,4,,0,154,,125,750,4,,0,113,,126,750,4,,0
101,'Semaine-01',729,,127,750,4,,0,101,,136,750,4,,0,70,,138,750,4,,0,50,,139,750,4,,0,150,,140,750,4,,0,105,,141,750,4,,0,95,,143,750,4,,0,105,,142,750,4,,0,106,,144,750,4,,0,41,,128,750,4,,0,105,,129,750,4,,0,96,,130,750,4,,0,104,,131,750,4,,0,74,,132,750,4,,0,103,,133,750,4,,0,83,,134,750,4,,0,132,,135,750,4,,0,173,,137,750,4,,0
101,'Semaine-02',724,,2686,750,4,,0,101,,2695,750,4,,0,30,,2697,750,4,,0,100,,2698,750,4,,0,145,,2699,750,4,,0,55,,2700,750,4,,0,100,,2702,750,4,,0,100,,2701,750,4,,0,151,,2703,750,4,,0,46,,2687,750,4,,0,150,,2688,750,4,,0,51,,2689,750,4,,0,104,,2690,750,4,,0,69,,2691,750,4,,0,29,,2692,750,4,,0,148,,2693,750,4,,0,141,,2694,750,4,,0,188,,2696,750,4,,0
101,'Semaine-03',729,,2704,750,4,,0,101,,2713,750,4,,0,70,,2715,750,4,,0,50,,2716,750,4,,0,150,,2717,750,4,,0,105,,2718,750,4,,0,95,,2720,750,4,,0,105,,2719,750,4,,0,106,,2721,750,4,,0,41,,2705,750,4,,0,105,,2706,750,4,,0,96,,2707,750,4,,0,104,,2708,750,4,,0,74,,2709,750,4,,0,103,,2710,750,4,,0,83,,2711,750,4,,0,132,,2712,750,4,,0,173,,2714,750,4,,0
