100,'Dimanche-01',558,,12,80,,,0,200,,1,80,,,0,165,,2,80,,,0,130,,3,80,,,0,165,,4,80,,,0,124,,5,80,,,0,160,,6,80,,,0,120,,7,80,,,0,124,,8,80,,,0,175,,9,80,,,0,115,,10,80,,,0,115,,11,80,,,0
100,'Fête-1-01',558,,2637,80,,,0,200,,2626,80,,,0,165,,2627,80,,,0,130,,2628,80,,,0,165,,2629,80,,,0,124,,2630,80,,,0,160,,2631,80,,,0,120,,2632,80,,,0,124,,2633,80,,,0,175,,2634,80,,,0,115,,2635,80,,,0,115,,2636,80,,,0
100,'Samedi-01',558,,54,80,,,0,200,,43,80,,,0,165,,44,80,,,0,130,,45,80,,,0,165,,46,80,,,0,124,,47,80,,,0,160,,48,80,,,0,120,,49,80,,,0,124,,50,80,,,0,175,,51,80,,,0,115,,52,80,,,0,115,,53,80,,,0
100,'Semaine-01',441,,55,80,,,0,103,,56,80,,,0,65,,57,80,,,0,41,,58,80,,,0,159,,59,80,,,0,106,,62,80,,,0,94,,71,80,,,0,101,,63,80,,,0,99,,72,80,,,0,38,,64,80,,,0,102,,65,80,,,0,100,,69,80,,,0,110,,66,80,,,0,75,,67,80,,,0,109,,60,80,,,0,95,,61,80,,,0,174,,70,80,,,0,145,,68,80,,,0
100,'Semaine-02',439,,2638,80,,,0,100,,2639,80,,,0,70,,2640,80,,,0,41,,2641,80,,,0,169,,2642,80,,,0,100,,2645,80,,,0,30,,2654,80,,,0,100,,2646,80,,,0,105,,2655,80,,,0,95,,2647,80,,,0,100,,2648,80,,,0,100,,2652,80,,,0,110,,2649,80,,,0,90,,2650,80,,,0,154,,2643,80,,,0,50,,2644,80,,,0,104,,2653,80,,,0,197,,2651,80,,,0
100,'Semaine-03',441,,2656,80,,,0,103,,2657,80,,,0,65,,2658,80,,,0,41,,2659,80,,,0,159,,2660,80,,,0,106,,2663,80,,,0,94,,2672,80,,,0,101,,2664,80,,,0,99,,2673,80,,,0,38,,2665,80,,,0,102,,2666,80,,,0,100,,2670,80,,,0,110,,2667,80,,,0,75,,2668,80,,,0,109,,2661,80,,,0,95,,2662,80,,,0,174,,2671,80,,,0,145,,2669,80,,,0
2000,'Dimanche-01',649,,146,40,,,0,164,,147,40,,,0,125,,148,40,,,0,165,,149,40,,,0,125,,150,40,,,0,125,,151,40,,,0,165,,152,40,,,0,125,,153,40,,,0
2000,'Fête-1-01',649,,2722,40,,,0,164,,2723,40,,,0,125,,2724,40,,,0,165,,2725,40,,,0,125,,2726,40,,,0,125,,2727,40,,,0,165,,2728,40,,,0,125,,2729,40,,,0
2000,'Samedi-01',649,,171,40,,,0,164,,172,40,,,0,125,,173,40,,,0,165,,174,40,,,0,125,,175,40,,,0,125,,176,40,,,0,165,,177,40,,,0,125,,178,40,,,0
2000,'Semaine-01',631,,179,40,,,0,125,,180,40,,,0,165,,181,40,,,0,126,,182,40,,,0,166,,183,40,,,0,125,,184,40,,,0,166,,185,40,,,0,126,,186,40,,,0,126,,187,40,,,0
2000,'Semaine-01-0001100',1922,,189,40,,,0,124,,188,40,,,0
2000,'Semaine-02',631,,2730,40,,,0,125,,2731,40,,,0,165,,2732,40,,,0,126,,2733,40,,,0,166,,2734,40,,,0,125,,2735,40,,,0,166,,2736,40,,,0,126,,2737,40,,,0,126,,2738,40,,,0
2000,'Semaine-02-0001100',1922,,2740,40,,,0,124,,2739,40,,,0
2000,'Semaine-03',631,,2741,40,,,0,125,,2742,40,,,0,165,,2743,40,,,0,126,,2744,40,,,0,166,,2745,40,,,0,125,,2746,40,,,0,166,,2747,40,,,0,126,,2748,40,,,0,126,,2749,40,,,0
2000,'Semaine-03-0001100',1922,,2751,40,,,0,124,,2750,40,,,0
