2100,'Semaine-01',540,,240,240,,,0,70,,241,240,,,0,30,,242,240,,,0,75,,243,240,,,0,30,,244,240,,,0,75,,245,240,,,0
2100,'Semaine-02',535,,2782,240,,,0,70,,2783,240,,,0,30,,2784,240,,,0,75,,2785,240,,,0,30,,2786,240,,,0,75,,2787,240,,,0
2100,'Semaine-03',540,,2788,240,,,0,70,,2789,240,,,0,30,,2790,240,,,0,75,,2791,240,,,0,30,,2792,240,,,0,75,,2793,240,,,0
2101,'Semaine-01',1636,,254,390,,,0,23,,255,390,,,0,66,,256,390,,,0,24,,257,390,,,0,65,,258,390,,,0,28,,259,390,,,0
2101,'Semaine-02',1639,,2794,390,,,0,65,,2795,390,,,0,24,,2796,390,,,0,24,,2797,390,,,0,65,,2798,390,,,0,28,,2799,390,,,0
2101,'Semaine-03',1636,,2803,390,,,0,23,,2804,390,,,0,66,,2805,390,,,0,24,,2806,390,,,0,65,,2807,390,,,0,28,,2808,390,,,0
2201,'Semaine-01',1641,,281,250,,,0,65,,285,250,,,0,25,,282,250,,,0,25,,286,250,,,0,65,,284,250,,,0,23,,283,250,,,0
2201,'Semaine-02',1644,,2824,250,,,0,65,,2828,250,,,0,24,,2825,250,,,0,25,,2829,250,,,0,65,,2827,250,,,0,28,,2826,250,,,0
2201,'Semaine-03',1641,,2830,250,,,0,65,,2834,250,,,0,25,,2831,250,,,0,25,,2835,250,,,0,65,,2833,250,,,0,23,,2832,250,,,0
3200,'Dimanche-01',611,,578,330,,,0,214,,583,330,,,0,223,,586,330,,,0,192,,587,330,,,0,119,,579,330,,,0,162,,589,330,,,0,120,,580,330,,,0,159,,582,330,,,0,118,,581,330,,,0,214,,584,330,,,0,216,,585,330,,,0,253,,588,330,0,6,0
3200,'Fête-1-01',542,,3103,210,,,0,181,,3109,330,,,0,77,,3104,330,,,0,120,,3112,330,,,0,123,,3113,330,,,0,164,,3114,330,,,0,124,,3105,330,,,0,124,,3116,330,,,0,164,,3106,330,,,0,128,,3107,330,,,0,160,,3108,330,,,0,235,,3110,330,,,0,216,,3111,330,,,0,247,,3115,330,0,6,0
3200,'Samedi-01',542,,635,210,,,0,181,,641,330,,,0,77,,636,330,,,0,120,,644,330,,,0,123,,645,330,,,0,164,,646,330,,,0,124,,637,330,,,0,124,,648,330,,,0,164,,638,330,,,0,128,,639,330,,,0,160,,640,330,,,0,235,,642,330,,,0,216,,643,330,,,0,247,,647,330,0,6,0
3200,'Semaine-01',638,,674,330,,,0,80,,649,330,,,0,40,,677,330,,,0,80,,660,330,,,0,80,,668,330,,,0,40,,669,330,,,0,81,,670,330,,,0,81,,671,330,,,0,83,,672,330,,,0,43,,673,330,,,0,83,,650,330,,,0,82,,651,330,,,0,42,,652,330,,,0,85,,676,330,,,0,85,,654,330,,,0,85,,655,330,,,0,45,,656,330,,,0,85,,657,330,,,0,82,,658,330,,,0,83,,659,330,,,0,41,,661,330,,,0,80,,662,330,,,0,80,,663,330,,,0,40,,664,330,,,0,80,,665,330,,,0,80,,666,330,,,0,40,,667,330,,,0
3200,'Semaine-02',637,,3142,330,,,0,81,,3117,330,,,0,82,,3145,330,,,0,42,,3128,330,,,0,82,,3136,330,,,0,82,,3137,330,,,0,42,,3138,330,,,0,83,,3139,330,,,0,83,,3140,330,,,0,43,,3141,330,,,0,83,,3118,330,,,0,83,,3119,330,,,0,84,,3120,330,,,0,46,,3144,330,,,0,87,,3122,330,,,0,86,,3123,330,,,0,85,,3124,330,,,0,42,,3125,330,,,0,81,,3126,330,,,0,81,,3127,330,,,0,42,,3129,330,,,0,81,,3130,330,,,0,81,,3131,330,,,0,40,,3132,330,,,0,80,,3133,330,,,0,80,,3134,330,,,0,40,,3135,330,,,0
3200,'Semaine-03',638,,3173,330,,,0,80,,3148,330,,,0,40,,3176,330,,,0,80,,3159,330,,,0,80,,3167,330,,,0,40,,3168,330,,,0,81,,3169,330,,,0,81,,3170,330,,,0,83,,3171,330,,,0,43,,3172,330,,,0,83,,3149,330,,,0,82,,3150,330,,,0,42,,3151,330,,,0,85,,3175,330,,,0,85,,3153,330,,,0,85,,3154,330,,,0,45,,3155,330,,,0,85,,3156,330,,,0,82,,3157,330,,,0,83,,3158,330,,,0,41,,3160,330,,,0,80,,3161,330,,,0,80,,3162,330,,,0,40,,3163,330,,,0,80,,3164,330,,,0,80,,3165,330,,,0,40,,3166,330,,,0
11100,'Dimanche-01',722,,861,350,0,5 6,0,100,,857,350,0,5 10,0,188,,856,350,0,5 10,0,290,,858,350,0,5 10,0,249,,859,350,0,5 10,0,198,,862,350,0,5 6,0,107,,860,350,0,5 10,0,379,,863,350,0,5 6,0
11100,'Fête-1-01',722,,3297,350,0,5 6,0,100,,3293,350,0,5 10,0,188,,3292,350,0,5 10,0,290,,3294,350,0,5 10,0,249,,3295,350,0,5 10,0,198,,3298,350,0,5 6,0,107,,3296,350,0,5 10,0,379,,3299,350,0,5 6,0
11100,'Samedi-01',722,,891,350,0,5 6,0,100,,887,350,0,5 10,0,188,,886,350,0,5 10,0,290,,888,350,0,5 10,0,249,,889,350,0,5 10,0,198,,892,350,0,5 6,0,107,,890,350,0,5 10,0,379,,893,350,0,5 6,0
11100,'Semaine-01',534,,902,350,0,5 15,0,15,,896,350,0,5 10,0,60,,900,350,0,5 15,0,27,,903,350,0,5 15,0,6,,897,350,0,5 10,0,14,,901,350,0,5 15,0,71,,909,350,0,5 15,0,20,,904,350,0,5 15,0,5,,898,350,0,5 10,0,55,,911,350,0,5 15,0,40,,899,350,0,5 10,0,157,,912,350,0,5 10,0,35,,894,350,0,5 10,0,105,,914,350,0,5 6,0,160,,895,350,0,5 10,0,341,,906,350,0,5 10,0,6,,905,280,0,5 15,0,93,,908,350,0,5 10,0,59,,907,280,0,5 15,0,233,,913,280,0,5 6,0,103,,910,280,0,5 10,0
11100,'Semaine-02',534,,3304,350,0,5 14,0,70,,3302,350,0,5 14,0,33,,3305,350,0,5 14,0,70,,3303,350,0,5 14,0,30,,3309,350,0,5 14,0,70,,3310,350,0,5 14,0,30,,3301,350,0,5 10,0,106,,3311,350,0,5 10,0,96,,3315,350,0,5 10,0,105,,3313,350,0,5 6,0,168,,3300,350,0,5 10,0,401,,3306,350,0,5 14,0,23,,3308,350,0,5 14,0,71,,3307,350,0,5 14,0,227,,3312,280,0,5 6,0,105,,3314,280,0,5 10,0
11100,'Semaine-03',534,,3324,350,0,5 15,0,15,,3318,350,0,5 10,0,60,,3322,350,0,5 15,0,27,,3325,350,0,5 15,0,6,,3319,350,0,5 10,0,14,,3323,350,0,5 15,0,71,,3331,350,0,5 15,0,20,,3326,350,0,5 15,0,5,,3320,350,0,5 10,0,55,,3333,350,0,5 15,0,40,,3321,350,0,5 10,0,157,,3334,350,0,5 10,0,35,,3316,350,0,5 10,0,105,,3336,350,0,5 6,0,160,,3317,350,0,5 10,0,341,,3328,350,0,5 10,0,6,,3327,280,0,5 15,0,93,,3330,350,0,5 10,0,59,,3329,280,0,5 15,0,233,,3335,280,0,5 6,0,103,,3332,280,0,5 10,0
