101,'Dimanche-01',809,,73,730,,,0,206,,74,730,,,0,131,,75,730,,,0,173,,76,730,,,0,127,,77,730,,,0,160,,78,730,,,0,120,,79,730,,,0,120,,80,730,,,0,157,,81,730,,,0,134,,82,730,,,0,114,,83,730,,,0,153,,84,730,,,0
101,'Fête-1-03',809,,2656,730,,,0,206,,2657,730,,,0,131,,2658,730,,,0,173,,2659,730,,,0,127,,2660,730,,,0,160,,2661,730,,,0,120,,2662,730,,,0,120,,2663,730,,,0,157,,2664,730,,,0,134,,2665,730,,,0,114,,2666,730,,,0,153,,2667,730,,,0
101,'Fête-2-01',709,,2668,730,,,0,101,,2677,730,,,0,30,,2679,730,,,0,90,,2680,730,,,0,110,,2681,730,,,0,105,,2682,730,,,0,95,,2684,730,,,0,105,,2683,730,,,0,106,,2685,730,,,0,81,,2669,730,,,0,105,,2670,730,,,0,96,,2671,730,,,0,105,,2672,730,,,0,74,,2673,730,,,0,103,,2674,730,,,0,43,,2675,730,,,0,173,,2676,730,,,0,173,,2678,730,,,0
101,'Samedi-01',809,,115,730,,,0,206,,116,730,,,0,131,,117,730,,,0,173,,118,730,,,0,127,,119,730,,,0,160,,120,730,,,0,120,,121,730,,,0,120,,122,730,,,0,157,,123,730,,,0,134,,124,730,,,0,114,,125,730,,,0,153,,126,730,,,0
101,'Semaine-01',709,,127,730,,,0,6,,145,600,,,0,95,,136,730,,,0,30,,138,730,,,0,90,,139,730,,,0,110,,140,730,,,0,105,,141,730,,,0,95,,143,730,,,0,105,,142,730,,,0,106,,144,730,,,0,81,,128,730,,,0,105,,129,730,,,0,96,,130,730,,,0,105,,131,730,,,0,74,,132,730,,,0,103,,133,730,,,0,43,,134,730,,,0,173,,135,730,,,0,173,,137,730,,,0
2001,'Dimanche-01',803,,190,560,,,0,124,,191,560,,,0,126,,192,560,,,0,165,,193,560,,,0,125,,194,560,,,0,165,,195,560,,,0,125,,196,560,,,0,125,,197,560,,,0
2001,'Fête-1-03',803,,2703,560,,,0,124,,2704,560,,,0,126,,2705,560,,,0,165,,2706,560,,,0,125,,2707,560,,,0,165,,2708,560,,,0,125,,2709,560,,,0,125,,2710,560,,,0
2001,'Fête-2-01',748,,2711,550,,,0,166,,2712,550,,,0,125,,2713,550,,,0,166,,2714,550,,,0,126,,2715,550,,,0,125,,2716,550,,,0,166,,2717,550,,,0,126,,2718,550,,,0,164,,2719,550,,,0
2001,'Samedi-01',803,,215,560,,,0,124,,216,560,,,0,126,,217,560,,,0,165,,218,560,,,0,125,,219,560,,,0,165,,220,560,,,0,125,,221,560,,,0,125,,222,560,,,0
2001,'Semaine-01',748,,223,550,,,0,166,,224,550,,,0,125,,225,550,,,0,166,,226,550,,,0,126,,227,550,,,0,125,,228,550,,,0,166,,229,550,,,0,126,,230,550,,,0,164,,231,550,,,0
2001,'Semaine-01-0001100',2034,,233,550,,,0,124,,232,550,,,0
2801,'Fête-2-01',1801,,2813,520,,,0
2801,'Semaine-01',1801,,442,520,,,0
