2400,'Fête-2-01',632,,2761,230,,,0,80,,2762,230,,,0,40,,2764,230,,,0,80,,2765,230,,,0,80,,2763,230,,,0
2400,'Semaine-01',610,,322,230,,,0,22,,323,230,,,0,74,,324,230,,,0,52,,326,230,,,0,74,,327,230,,,0,80,,325,230,,,0
2500,'Fête-2-01',600,,2773,270,,,0,34,,2770,290,,,0,21,,2774,270,,,0,69,,2771,290,,,0,26,,2775,270,,,0,69,,2772,290,,,0
2500,'Semaine-01',600,,346,270,,,0,34,,343,290,,,0,21,,347,270,,,0,69,,344,290,,,0,26,,348,270,,,0,69,,345,290,,,0
2700,'Fête-2-01',553,,2784,190,,,0,80,,2785,190,,,0,80,,2786,190,,,0,40,,2787,190,,,0,80,,2788,190,,,0,786,,2789,190,,,0,83,,2790,190,,,0,46,,2791,190,,,0,85,,2792,190,,,0,86,,2793,190,,,0
2700,'Semaine-01',553,,375,190,,,0,80,,376,190,,,0,80,,377,190,,,0,40,,378,190,,,0,80,,379,190,,,0,786,,380,190,,,0,83,,381,190,,,0,46,,382,190,,,0,85,,383,190,,,0,86,,384,190,,,0
3100,'Dimanche-01',721,,492,330,,,0,218,,493,330,,,0,278,,491,330,,,0,123,,484,330,,,0,160,,485,330,,,0,118,,486,330,,,0,118,,487,330,,,0,119,,488,330,,,0,167,,489,330,,,0,221,,483,330,,,0,215,,490,330,,,0
3100,'Fête-1-03',610,,2838,330,,,0,43,,2849,330,,,0,204,,2850,330,,,0,165,,2847,330,,,0,124,,2837,330,,,0,164,,2848,330,,,0,124,,2839,330,,,0,124,,2840,330,,,0,164,,2841,330,,,0,124,,2842,330,,,0,164,,2843,330,,,0,27,,2844,330,,,0,216,,2845,330,,,0,255,,2846,330,,,0
3100,'Fête-2-01',619,,2875,330,,,0,40,,2851,330,,,0,80,,2861,330,,,0,80,,2876,330,,,0,40,,2870,330,,,0,80,,2871,330,,,0,80,,2872,330,,,0,40,,2878,330,,,0,83,,2873,330,,,0,83,,2874,330,,,0,83,,2852,330,,,0,43,,2853,330,,,0,82,,2854,330,,,0,82,,2855,330,,,0,85,,2856,330,,,0,45,,2857,330,,,0,86,,2858,330,,,0,85,,2859,330,,,0,84,,2860,330,,,0,42,,2862,330,,,0,82,,2863,330,,,0,79,,2864,330,,,0,40,,2865,330,,,0,79,,2866,330,,,0,80,,2867,330,,,0,40,,2868,330,,,0,80,,2869,330,,,0,121,,2877,330,0,5 6,0
3100,'Samedi-01',610,,537,330,,,0,43,,548,330,,,0,204,,549,330,,,0,165,,546,330,,,0,124,,536,330,,,0,164,,547,330,,,0,124,,538,330,,,0,124,,539,330,,,0,164,,540,330,,,0,124,,541,330,,,0,164,,542,330,,,0,27,,543,330,,,0,216,,544,330,,,0,255,,545,330,,,0
3100,'Semaine-01',619,,574,330,,,0,40,,550,330,,,0,80,,560,330,,,0,80,,575,330,,,0,40,,569,330,,,0,80,,570,330,,,0,80,,571,330,,,0,40,,577,330,,,0,83,,572,330,,,0,83,,573,330,,,0,83,,551,330,,,0,43,,552,330,,,0,82,,553,330,,,0,82,,554,330,,,0,85,,555,330,,,0,45,,556,330,,,0,86,,557,330,,,0,85,,558,330,,,0,84,,559,330,,,0,42,,561,330,,,0,82,,562,330,,,0,79,,563,330,,,0,40,,564,330,,,0,79,,565,330,,,0,80,,566,330,,,0,40,,567,330,,,0,80,,568,330,,,0,121,,576,330,0,5 6,0
