101,'Dimanche-01',746,,73,370,,,0,206,,74,370,,,0,171,,75,370,,,0,133,,76,370,,,0,167,,77,370,,,0,120,,78,370,,,0,160,,79,370,,,0,120,,80,370,,,0,117,,81,370,,,0,174,,82,370,,,0,114,,83,370,,,0,113,,84,370,,,0
101,'Fête-1-03',746,,2656,370,,,0,206,,2657,370,,,0,171,,2658,370,,,0,133,,2659,370,,,0,167,,2660,370,,,0,120,,2661,370,,,0,160,,2662,370,,,0,120,,2663,370,,,0,117,,2664,370,,,0,174,,2665,370,,,0,114,,2666,370,,,0,113,,2667,370,,,0
101,'Fête-2-01',645,,2668,370,,,0,101,,2677,370,,,0,70,,2679,370,,,0,90,,2680,370,,,0,111,,2681,370,,,0,105,,2682,370,,,0,95,,2684,370,,,0,104,,2683,370,,,0,106,,2685,370,,,0,81,,2669,370,,,0,103,,2670,370,,,0,96,,2671,370,,,0,107,,2672,370,,,0,34,,2673,370,,,0,103,,2674,370,,,0,83,,2675,370,,,0,173,,2676,370,,,0,135,,2678,370,,,0
101,'Samedi-01',746,,115,370,,,0,206,,116,370,,,0,171,,117,370,,,0,133,,118,370,,,0,167,,119,370,,,0,120,,120,370,,,0,160,,121,370,,,0,120,,122,370,,,0,117,,123,370,,,0,174,,124,370,,,0,114,,125,370,,,0,113,,126,370,,,0
101,'Semaine-01',645,,127,370,,,0,6,,145,240,,,0,95,,136,370,,,0,70,,138,370,,,0,90,,139,370,,,0,111,,140,370,,,0,105,,141,370,,,0,95,,143,370,,,0,104,,142,370,,,0,106,,144,370,,,0,81,,128,370,,,0,103,,129,370,,,0,96,,130,370,,,0,107,,131,370,,,0,34,,132,370,,,0,103,,133,370,,,0,83,,134,370,,,0,173,,135,370,,,0,135,,137,370,,,0
3300,'Dimanche-01',557,,682,280,,,0,82,,680,280,,,0,91,,691,280,,,0,81,,701,280,,,0,43,,703,280,,,0,93,,704,280,,,0,80,,705,280,,,0,80,,706,280,,,0,40,,707,280,,,0,80,,683,280,,,0,80,,684,280,,,0,39,,685,280,,,0,80,,686,280,,,0,80,,687,280,,,0,39,,688,280,,,0,79,,689,280,,,0,79,,690,280,,,0,39,,692,280,,,0,79,,693,280,,,0,80,,694,280,,,0,47,,695,280,,,0,85,,696,280,,,0,85,,697,280,,,0,87,,698,280,,,0,46,,699,280,,,0,83,,700,280,,,0,88,,681,280,,,0,83,,702,280,,,0,119,,708,280,0,8 6,0
3300,'Fête-1-03',617,,2926,280,,,0,41,,2924,280,,,0,82,,2935,280,,,0,82,,2945,280,,,0,82,,2947,280,,,0,44,,2948,280,,,0,81,,2949,280,,,0,82,,2950,280,,,0,42,,2951,280,,,0,82,,2927,280,,,0,82,,2928,280,,,0,42,,2929,280,,,0,82,,2930,280,,,0,82,,2931,280,,,0,82,,2932,280,,,0,42,,2933,280,,,0,82,,2934,280,,,0,85,,2936,280,,,0,39,,2937,280,,,0,82,,2938,280,,,0,82,,2939,280,,,0,39,,2940,280,,,0,81,,2941,280,,,0,81,,2942,280,,,0,82,,2943,280,,,0,43,,2944,280,,,0,86,,2946,280,,,0,86,,2925,280,,,0,113,,2952,280,0,8 6,0
3300,'Fête-2-01',624,,2953,280,,,0,80,,2981,280,,,0,41,,2962,280,,,0,80,,2972,280,,,0,80,,2975,280,,,0,40,,2976,280,,,0,80,,2977,280,,,0,82,,2978,280,,,0,41,,2979,280,,,0,83,,2954,280,,,0,83,,2955,280,,,0,43,,2956,280,,,0,83,,2957,280,,,0,83,,2958,280,,,0,86,,2959,280,,,0,45,,2960,280,,,0,85,,2961,280,,,0,84,,2963,280,,,0,81,,2964,280,,,0,43,,2965,280,,,0,82,,2966,280,,,0,80,,2967,280,,,0,40,,2968,280,,,0,79,,2969,280,,,0,80,,2970,280,,,0,40,,2971,280,,,0,80,,2973,280,,,0,80,,2974,280,,,0,96,,2980,230,0,8 6,0
3300,'Samedi-01',617,,769,280,,,0,41,,767,280,,,0,82,,778,280,,,0,82,,788,280,,,0,82,,790,280,,,0,44,,791,280,,,0,81,,792,280,,,0,82,,793,280,,,0,42,,794,280,,,0,82,,770,280,,,0,82,,771,280,,,0,42,,772,280,,,0,82,,773,280,,,0,82,,774,280,,,0,82,,775,280,,,0,42,,776,280,,,0,82,,777,280,,,0,85,,779,280,,,0,39,,780,280,,,0,82,,781,280,,,0,82,,782,280,,,0,39,,783,280,,,0,81,,784,280,,,0,81,,785,280,,,0,82,,786,280,,,0,43,,787,280,,,0,86,,789,280,,,0,86,,768,280,,,0,113,,795,280,0,8 6,0
3300,'Semaine-01',624,,796,280,,,0,80,,824,280,,,0,41,,805,280,,,0,80,,815,280,,,0,80,,818,280,,,0,40,,819,280,,,0,80,,820,280,,,0,82,,821,280,,,0,41,,822,280,,,0,83,,797,280,,,0,83,,798,280,,,0,43,,799,280,,,0,83,,800,280,,,0,83,,801,280,,,0,86,,802,280,,,0,45,,803,280,,,0,85,,804,280,,,0,84,,806,280,,,0,81,,807,280,,,0,43,,808,280,,,0,82,,809,280,,,0,80,,810,280,,,0,40,,811,280,,,0,79,,812,280,,,0,80,,813,280,,,0,40,,814,280,,,0,80,,816,280,,,0,80,,817,280,,,0,96,,823,230,0,8 6,0
