2400,'Semaine-01',558,,322,10,,,0,62,,323,10,,,0,33,,324,10,,,0,92,,326,10,,,0,74,,327,10,,,0,40,,325,10,,,0
2400,'Semaine-02',542,,2866,10,,,0,78,,2867,10,,,0,80,,2868,10,,,0,42,,2869,10,,,0,82,,2870,10,,,0
2400,'Semaine-03',558,,2871,10,,,0,62,,2872,10,,,0,33,,2873,10,,,0,92,,2875,10,,,0,74,,2876,10,,,0,40,,2874,10,,,0
2501,'Semaine-01',1615,,355,350,,,0,40,,356,350,,,0,74,,357,350,,,0,79,,358,350,,,0,40,,359,350,,,0,68,,360,350,,,0
2501,'Semaine-02',1615,,2899,350,,,0,40,,2900,350,,,0,74,,2901,350,,,0,79,,2902,350,,,0,35,,2903,350,,,0,73,,2904,350,,,0
2501,'Semaine-03',1615,,2905,350,,,0,40,,2906,350,,,0,74,,2907,350,,,0,79,,2908,350,,,0,40,,2909,350,,,0,68,,2910,350,,,0
2600,'Semaine-01',448,,363,60,,,0
2600,'Semaine-02',448,,2911,60,,,0
2600,'Semaine-03',448,,2913,60,,,0
2000002500,'Dimanche-01',540,,1991,200,,,0,87,,1993,250,,,0,78,,1994,250,,,0,35,,1995,250,,,0,68,,1996,250,,,0,34,,1997,250,,,0,78,,1998,250,,,0,37,,1999,250,,,0,76,,2000,250,,,0,72,,2001,250,,,0,45,,2002,250,,,0,85,,2003,250,,,0,95,,2004,250,,,0,23,,2005,250,,,0,62,,2006,250,,,0,85,,2007,250,,,0,40,,2008,250,,,0,80,,2009,250,,,0,80,,2010,250,,,0,35,,2011,250,,,0,81,,2012,250,,,0,39,,2013,250,,,0,80,,2014,250,,,0,70,,2015,250,,,0,35,,2016,250,,,0,75,,2017,250,,,0,35,,2018,250,,,0,75,,2019,250,,,0,75,,2020,250,,,0,30,,2021,250,,,0,75,,2022,250,,,0,35,,2023,250,,,0,76,,2024,250,,,0,102,,1992,250,4,,0
2000002500,'Fête-1-01',527,,4047,200,,,0,26,,4016,250,,,0,76,,4032,250,,,0,83,,4017,250,,,0,27,,4033,250,,,0,77,,4018,250,,,0,40,,4034,250,,,0,80,,4019,250,,,0,70,,4035,250,,,0,40,,4020,250,,,0,80,,4036,250,,,0,77,,4021,250,,,0,30,,4015,250,,,0,73,,4022,250,,,0,41,,4037,250,,,0,78,,4023,250,,,0,86,,4038,250,,,0,45,,4024,250,,,0,79,,4039,250,,,0,71,,4025,250,,,0,34,,4040,250,,,0,84,,4026,250,,,0,80,,4041,250,,,0,44,,4027,250,,,0,80,,4042,250,,,0,90,,4028,250,,,0,41,,4043,250,,,0,76,,4029,250,,,0,76,,4044,250,,,0,32,,4030,250,,,0,72,,4045,250,,,0,111,,4031,250,,,0,96,,4046,250,4,,0
2000002500,'Samedi-01',527,,2121,200,,,0,26,,2090,250,,,0,76,,2106,250,,,0,83,,2091,250,,,0,27,,2107,250,,,0,77,,2092,250,,,0,40,,2108,250,,,0,80,,2093,250,,,0,70,,2109,250,,,0,40,,2094,250,,,0,80,,2110,250,,,0,77,,2095,250,,,0,30,,2089,250,,,0,73,,2096,250,,,0,41,,2111,250,,,0,78,,2097,250,,,0,86,,2112,250,,,0,45,,2098,250,,,0,79,,2113,250,,,0,71,,2099,250,,,0,34,,2114,250,,,0,84,,2100,250,,,0,80,,2115,250,,,0,44,,2101,250,,,0,80,,2116,250,,,0,90,,2102,250,,,0,41,,2117,250,,,0,76,,2103,250,,,0,76,,2118,250,,,0,32,,2104,250,,,0,72,,2119,250,,,0,111,,2105,250,,,0,96,,2120,250,4,,0
2000002500,'Semaine-01',600,,2123,200,,,0,36,,2124,250,,,0,80,,2125,250,,,0,40,,2122,250,,,0,80,,2126,250,,,0,80,,2127,250,,,0,40,,2128,250,,,0,80,,2129,250,,,0,81,,2130,250,,,0,42,,2131,250,,,0,83,,2132,250,,,0,83,,2133,250,,,0,83,,2134,250,,,0,42,,2135,250,,,0,82,,2136,250,,,0,85,,2137,250,,,0,85,,2138,250,,,0,46,,2139,250,,,0,85,,2140,250,,,0,85,,2141,250,,,0,82,,2142,250,,,0,42,,2143,250,,,0,79,,2144,250,,,0,80,,2145,250,,,0,40,,2146,250,,,0,80,,2147,250,,,0,80,,2148,250,,,0,40,,2149,250,,,0,60,,2150,250,,,0,30,,2151,250,,,0,82,,2152,250,,,0
2000002500,'Semaine-02',600,,4049,200,,,0,36,,4050,250,,,0,80,,4051,250,,,0,40,,4048,250,,,0,80,,4052,250,,,0,80,,4053,250,,,0,40,,4054,250,,,0,80,,4055,250,,,0,81,,4056,250,,,0,42,,4057,250,,,0,83,,4058,250,,,0,83,,4059,250,,,0,83,,4060,250,,,0,42,,4061,250,,,0,82,,4062,250,,,0,85,,4063,250,,,0,85,,4064,250,,,0,46,,4065,250,,,0,85,,4066,250,,,0,85,,4067,250,,,0,82,,4068,250,,,0,42,,4069,250,,,0,79,,4070,250,,,0,80,,4071,250,,,0,40,,4072,250,,,0,80,,4073,250,,,0,80,,4074,250,,,0,40,,4075,250,,,0,60,,4076,250,,,0,30,,4077,250,,,0,82,,4078,250,,,0
2000002500,'Semaine-03',600,,4080,200,,,0,36,,4081,250,,,0,80,,4082,250,,,0,40,,4079,250,,,0,80,,4083,250,,,0,80,,4084,250,,,0,40,,4085,250,,,0,80,,4086,250,,,0,81,,4087,250,,,0,42,,4088,250,,,0,83,,4089,250,,,0,83,,4090,250,,,0,83,,4091,250,,,0,42,,4092,250,,,0,82,,4093,250,,,0,85,,4094,250,,,0,85,,4095,250,,,0,46,,4096,250,,,0,85,,4097,250,,,0,85,,4098,250,,,0,82,,4099,250,,,0,42,,4100,250,,,0,79,,4101,250,,,0,80,,4102,250,,,0,40,,4103,250,,,0,80,,4104,250,,,0,80,,4105,250,,,0,40,,4106,250,,,0,60,,4107,250,,,0,30,,4108,250,,,0,82,,4109,250,,,0
