2200,'Semaine-01',552,,269,30,,,0,70,,270,30,,,0,30,,271,30,,,0,73,,274,30,,,0,32,,272,30,,,0,72,,273,30,,,0
2200,'Semaine-02',545,,2812,30,,,0,70,,2813,30,,,0,35,,2814,30,,,0,70,,2817,30,,,0,35,,2815,30,,,0,74,,2816,30,,,0
2200,'Semaine-03',552,,2818,30,,,0,70,,2819,30,,,0,30,,2820,30,,,0,73,,2823,30,,,0,32,,2821,30,,,0,72,,2822,30,,,0
3100,'Dimanche-01',710,,492,160,,,0,217,,493,160,,,0,278,,491,160,,,0,123,,484,160,,,0,120,,485,160,,,0,158,,486,160,,,0,118,,487,160,,,0,119,,488,160,,,0,167,,489,160,,,0,221,,483,160,,,0,215,,490,160,,,0
3100,'Fête-1-01',559,,3034,160,,,0,83,,3045,160,,,0,203,,3046,160,,,0,165,,3043,160,,,0,124,,3033,160,,,0,124,,3044,160,,,0,164,,3035,160,,,0,124,,3036,160,,,0,164,,3037,160,,,0,124,,3038,160,,,0,124,,3039,160,,,0,67,,3040,160,,,0,216,,3041,160,,,0,215,,3042,160,,,0
3100,'Samedi-01',559,,537,160,,,0,83,,548,160,,,0,203,,549,160,,,0,165,,546,160,,,0,124,,536,160,,,0,124,,547,160,,,0,164,,538,160,,,0,124,,539,160,,,0,164,,540,160,,,0,124,,541,160,,,0,124,,542,160,,,0,67,,543,160,,,0,216,,544,160,,,0,215,,545,160,,,0
3100,'Semaine-01',606,,574,160,,,0,40,,550,160,,,0,80,,560,160,,,0,80,,575,160,,,0,40,,569,160,,,0,80,,570,160,,,0,80,,571,160,,,0,41,,577,160,,,0,81,,572,160,,,0,83,,573,160,,,0,43,,551,160,,,0,83,,552,160,,,0,82,,553,160,,,0,82,,554,160,,,0,45,,555,160,,,0,85,,556,160,,,0,86,,557,160,,,0,85,,558,160,,,0,45,,559,160,,,0,83,,561,160,,,0,82,,562,160,,,0,39,,563,160,,,0,80,,564,160,,,0,80,,565,160,,,0,40,,566,160,,,0,80,,567,160,,,0,80,,568,160,,,0,121,,576,160,0,5 6,0
3100,'Semaine-02',600,,3071,160,,,0,41,,3047,160,,,0,81,,3057,160,,,0,82,,3072,160,,,0,42,,3066,160,,,0,82,,3067,160,,,0,82,,3068,160,,,0,42,,3074,160,,,0,83,,3069,160,,,0,83,,3070,160,,,0,83,,3048,160,,,0,43,,3049,160,,,0,83,,3050,160,,,0,84,,3051,160,,,0,46,,3052,160,,,0,88,,3053,160,,,0,86,,3054,160,,,0,85,,3055,160,,,0,42,,3056,160,,,0,81,,3058,160,,,0,81,,3059,160,,,0,80,,3060,160,,,0,41,,3061,160,,,0,81,,3062,160,,,0,80,,3063,160,,,0,40,,3064,160,,,0,80,,3065,160,,,0,111,,3073,160,0,5 6,0
3100,'Semaine-03',606,,3099,160,,,0,40,,3075,160,,,0,80,,3085,160,,,0,80,,3100,160,,,0,40,,3094,160,,,0,80,,3095,160,,,0,80,,3096,160,,,0,41,,3102,160,,,0,81,,3097,160,,,0,83,,3098,160,,,0,43,,3076,160,,,0,83,,3077,160,,,0,82,,3078,160,,,0,82,,3079,160,,,0,45,,3080,160,,,0,85,,3081,160,,,0,86,,3082,160,,,0,85,,3083,160,,,0,45,,3084,160,,,0,83,,3086,160,,,0,82,,3087,160,,,0,39,,3088,160,,,0,80,,3089,160,,,0,80,,3090,160,,,0,40,,3091,160,,,0,80,,3092,160,,,0,80,,3093,160,,,0,121,,3101,160,0,5 6,0
11101,'Dimanche-01',734,,921,30,,,0,183,,917,160,,,0,189,,916,160,,,0,297,,918,160,,,0,248,,919,160,,,0,154,,922,30,,,0,148,,920,160,,,0,293,,923,30,,,0
11101,'Fête-1-01',734,,3342,30,,,0,183,,3338,160,,,0,189,,3337,160,,,0,297,,3339,160,,,0,248,,3340,160,,,0,154,,3343,30,,,0,148,,3341,160,,,0,293,,3344,30,,,0
11101,'Samedi-01',734,,953,30,,,0,183,,949,160,,,0,189,,948,160,,,0,297,,950,160,,,0,248,,951,160,,,0,154,,954,30,,,0,148,,952,160,,,0,293,,955,30,,,0
11101,'Semaine-01',645,,966,110,,,0,3,,965,160,,,0,96,,972,160,,,0,167,,973,170,,,0,95,,970,170,,,0,149,,976,30,,,0,47,,975,160,,,0,226,,956,160,,,0,110,,957,100,,,0,10,,959,160,,,0,91,,960,100,,,0,19,,967,160,,,0,56,,962,100,,,0,30,,963,100,,,0,13,,961,100,,,0,51,,968,160,,,0,9,,964,100,,,0,85,,969,160,,,0,37,,958,170,,,0,107,,974,30,,,0,194,,971,160,,,0
11101,'Semaine-02',726,,3353,170,,,0,108,,3356,170,,,0,101,,3357,170,,,0,6,,3355,170,,,0,215,,3360,30,,,0,56,,3359,160,,,0,206,,3345,160,,,0,183,,3346,170,,,0,25,,3348,170,,,0,30,,3349,170,,,0,70,,3350,170,,,0,30,,3351,170,,,0,70,,3352,170,,,0,89,,3354,170,,,0,23,,3347,170,,,0,103,,3358,30,,,0,202,,3361,160,,,0
11101,'Semaine-03',645,,3372,110,,,0,3,,3371,160,,,0,96,,3378,160,,,0,167,,3379,170,,,0,95,,3376,170,,,0,149,,3382,30,,,0,47,,3381,160,,,0,226,,3362,160,,,0,110,,3363,100,,,0,10,,3365,160,,,0,91,,3366,100,,,0,19,,3373,160,,,0,56,,3368,100,,,0,30,,3369,100,,,0,13,,3367,100,,,0,51,,3374,160,,,0,9,,3370,100,,,0,85,,3375,160,,,0,37,,3364,170,,,0,107,,3380,30,,,0,194,,3377,160,,,0
