100,'Dimanche-01',607,,12,190,,,0,200,,1,190,,,0,125,,2,190,,,0,170,,3,190,,,0,125,,4,190,,,0,124,,5,190,,,0,160,,6,190,,,0,120,,7,190,,,0,124,,8,190,,,0,175,,9,190,,,0,115,,10,190,,,0,155,,11,190,,,0
100,'Fête-1-01',607,,2637,190,,,0,200,,2626,190,,,0,125,,2627,190,,,0,170,,2628,190,,,0,125,,2629,190,,,0,124,,2630,190,,,0,160,,2631,190,,,0,120,,2632,190,,,0,124,,2633,190,,,0,175,,2634,190,,,0,115,,2635,190,,,0,155,,2636,190,,,0
100,'Samedi-01',607,,54,190,,,0,200,,43,190,,,0,125,,44,190,,,0,170,,45,190,,,0,125,,46,190,,,0,124,,47,190,,,0,160,,48,190,,,0,120,,49,190,,,0,124,,50,190,,,0,175,,51,190,,,0,115,,52,190,,,0,155,,53,190,,,0
100,'Semaine-01',451,,55,190,,,0,103,,56,190,,,0,65,,57,190,,,0,81,,58,190,,,0,119,,59,190,,,0,105,,62,190,,,0,94,,71,190,,,0,101,,63,190,,,0,100,,72,190,,,0,38,,64,190,,,0,102,,65,190,,,0,100,,69,190,,,0,150,,66,190,,,0,35,,67,190,,,0,108,,60,190,,,0,95,,61,190,,,0,173,,70,190,,,0,185,,68,190,,,0
100,'Semaine-02',449,,2638,190,,,0,100,,2639,190,,,0,70,,2640,190,,,0,81,,2641,190,,,0,129,,2642,190,,,0,99,,2645,190,,,0,30,,2654,190,,,0,100,,2646,190,,,0,146,,2655,190,,,0,55,,2647,190,,,0,100,,2648,190,,,0,100,,2652,190,,,0,150,,2649,190,,,0,49,,2650,190,,,0,154,,2643,190,,,0,90,,2644,190,,,0,103,,2653,190,,,0,197,,2651,190,,,0
100,'Semaine-03',451,,2656,190,,,0,103,,2657,190,,,0,65,,2658,190,,,0,81,,2659,190,,,0,119,,2660,190,,,0,105,,2663,190,,,0,94,,2672,190,,,0,101,,2664,190,,,0,100,,2673,190,,,0,38,,2665,190,,,0,102,,2666,190,,,0,100,,2670,190,,,0,150,,2667,190,,,0,35,,2668,190,,,0,108,,2661,190,,,0,95,,2662,190,,,0,173,,2671,190,,,0,185,,2669,190,,,0
2000,'Dimanche-01',704,,146,240,,,0,12,,146,480,,,0,112,,147,240,,,0,12,,147,480,,,0,114,,148,240,,,0,52,,148,480,,,0,113,,149,240,,,0,12,,149,480,,,0,113,,150,240,,,0,12,,150,480,,,0,152,,151,240,,,0,12,,151,480,,,0,113,,152,240,,,0,12,,152,480,,,0,113,,153,240,,,0,52,,153,480,,,0
2000,'Fête-1-01',704,,2722,240,,,0,12,,2722,480,,,0,112,,2723,240,,,0,12,,2723,480,,,0,114,,2724,240,,,0,52,,2724,480,,,0,113,,2725,240,,,0,12,,2725,480,,,0,113,,2726,240,,,0,12,,2726,480,,,0,152,,2727,240,,,0,12,,2727,480,,,0,113,,2728,240,,,0,12,,2728,480,,,0,113,,2729,240,,,0,52,,2729,480,,,0
2000,'Samedi-01',704,,171,240,,,0,12,,171,480,,,0,112,,172,240,,,0,12,,172,480,,,0,114,,173,240,,,0,52,,173,480,,,0,113,,174,240,,,0,12,,174,480,,,0,113,,175,240,,,0,12,,175,480,,,0,152,,176,240,,,0,12,,176,480,,,0,113,,177,240,,,0,12,,177,480,,,0,113,,178,240,,,0,52,,178,480,,,0
2000,'Semaine-01',647,,179,230,,,0,12,,179,470,,,0,153,,180,230,,,0,12,,180,470,,,0,113,,181,230,,,0,12,,181,470,,,0,154,,182,230,,,0,12,,182,470,,,0,114,,183,230,,,0,12,,183,470,,,0,113,,184,230,,,0,52,,184,470,,,0,114,,185,230,,,0,12,,185,470,,,0,114,,186,230,,,0,12,,186,470,,,0,154,,187,230,,,0,12,,187,470,,,0
2000,'Semaine-01-0001100',1937,,189,230,,,0,12,,189,470,,,0,152,,188,230,,,0,12,,188,470,,,0
2000,'Semaine-02',647,,2730,230,,,0,12,,2730,470,,,0,153,,2731,230,,,0,12,,2731,470,,,0,113,,2732,230,,,0,12,,2732,470,,,0,154,,2733,230,,,0,12,,2733,470,,,0,114,,2734,230,,,0,12,,2734,470,,,0,113,,2735,230,,,0,52,,2735,470,,,0,114,,2736,230,,,0,12,,2736,470,,,0,114,,2737,230,,,0,12,,2737,470,,,0,154,,2738,230,,,0,12,,2738,470,,,0
2000,'Semaine-02-0001100',1937,,2740,230,,,0,12,,2740,470,,,0,152,,2739,230,,,0,12,,2739,470,,,0
2000,'Semaine-03',647,,2741,230,,,0,12,,2741,470,,,0,153,,2742,230,,,0,12,,2742,470,,,0,113,,2743,230,,,0,12,,2743,470,,,0,154,,2744,230,,,0,12,,2744,470,,,0,114,,2745,230,,,0,12,,2745,470,,,0,113,,2746,230,,,0,52,,2746,470,,,0,114,,2747,230,,,0,12,,2747,470,,,0,114,,2748,230,,,0,12,,2748,470,,,0,154,,2749,230,,,0,12,,2749,470,,,0
2000,'Semaine-03-0001100',1937,,2751,230,,,0,12,,2751,470,,,0,152,,2750,230,,,0,12,,2750,470,,,0
2800,'Semaine-01',527,,414,20,,,0,85,,413,60,,,0,20,,415,20,,,0
2800,'Semaine-02',527,,2954,20,,,0,85,,2953,60,,,0,15,,2955,20,,,0
2800,'Semaine-03',527,,2966,20,,,0,85,,2965,60,,,0,20,,2967,20,,,0
