2400,'Fête-2-02',623,,317,80,,,0,79,,318,80,,,0,40,,320,80,,,0,80,,321,80,,,0,80,,319,80,,,0
2400,'Semaine-01',601,,322,80,,,0,22,,323,80,,,0,33,,324,80,,,0,92,,326,80,,,0,74,,327,80,,,0,80,,325,80,,,0
2501,'Fête-2-02',1618,,349,420,,,0,40,,350,420,,,0,73,,351,420,,,0,79,,352,420,,,0,40,,353,420,,,0,68,,354,420,,,0
2501,'Semaine-01',1618,,355,420,,,0,40,,356,420,,,0,73,,357,420,,,0,79,,358,420,,,0,40,,359,420,,,0,68,,360,420,,,0
2600,'Fête-2-02',452,,361,130,,,0
2600,'Semaine-01',452,,363,130,,,0
2000002500,'Dimanche-01',542,,1991,260,,,0,87,,1993,310,,,0,78,,1994,310,,,0,35,,1995,310,,,0,68,,1996,310,,,0,34,,1997,310,,,0,78,,1998,310,,,0,37,,1999,310,,,0,76,,2000,310,,,0,72,,2001,310,,,0,45,,2002,310,,,0,85,,2003,310,,,0,95,,2004,310,,,0,23,,2005,310,,,0,62,,2006,310,,,0,85,,2007,310,,,0,40,,2008,310,,,0,80,,2009,310,,,0,80,,2010,310,,,0,35,,2011,310,,,0,81,,2012,310,,,0,39,,2013,310,,,0,80,,2014,310,,,0,70,,2015,310,,,0,35,,2016,310,,,0,75,,2017,310,,,0,35,,2018,310,,,0,75,,2019,310,,,0,75,,2020,310,,,0,30,,2021,310,,,0,75,,2022,310,,,0,35,,2023,310,,,0,76,,2024,310,,,0
2000002500,'Fête-1-01',529,,2057,260,,,0,26,,2026,310,,,0,76,,2042,310,,,0,83,,2027,310,,,0,27,,2043,310,,,0,77,,2028,310,,,0,40,,2044,310,,,0,80,,2029,310,,,0,70,,2045,310,,,0,40,,2030,310,,,0,80,,2046,310,,,0,77,,2031,310,,,0,30,,2025,310,,,0,73,,2032,310,,,0,41,,2047,310,,,0,78,,2033,310,,,0,86,,2048,310,,,0,45,,2034,310,,,0,79,,2049,310,,,0,71,,2035,310,,,0,34,,2050,310,,,0,84,,2036,310,,,0,80,,2051,310,,,0,44,,2037,310,,,0,80,,2052,310,,,0,90,,2038,310,,,0,81,,2053,310,,,0,36,,2039,310,,,0,76,,2054,310,,,0,32,,2040,310,,,0,72,,2055,310,,,0,111,,2041,310,,,0
2000002500,'Fête-2-02',602,,2059,260,,,0,36,,2060,310,,,0,80,,2061,310,,,0,40,,2058,310,,,0,80,,2062,310,,,0,80,,2063,310,,,0,40,,2064,310,,,0,80,,2065,310,,,0,81,,2066,310,,,0,82,,2067,310,,,0,43,,2068,310,,,0,83,,2069,310,,,0,83,,2070,310,,,0,42,,2071,310,,,0,82,,2072,310,,,0,85,,2073,310,,,0,85,,2074,310,,,0,46,,2075,310,,,0,85,,2076,310,,,0,85,,2077,310,,,0,82,,2078,310,,,0,42,,2079,310,,,0,79,,2080,310,,,0,80,,2081,310,,,0,40,,2082,310,,,0,80,,2083,310,,,0,80,,2084,310,,,0,40,,2085,310,,,0,60,,2086,310,,,0,30,,2087,310,,,0
2000002500,'Samedi-01',529,,2121,260,,,0,26,,2090,310,,,0,76,,2106,310,,,0,83,,2091,310,,,0,27,,2107,310,,,0,77,,2092,310,,,0,40,,2108,310,,,0,80,,2093,310,,,0,70,,2109,310,,,0,40,,2094,310,,,0,80,,2110,310,,,0,77,,2095,310,,,0,30,,2089,310,,,0,73,,2096,310,,,0,41,,2111,310,,,0,78,,2097,310,,,0,86,,2112,310,,,0,45,,2098,310,,,0,79,,2113,310,,,0,71,,2099,310,,,0,34,,2114,310,,,0,84,,2100,310,,,0,80,,2115,310,,,0,44,,2101,310,,,0,80,,2116,310,,,0,90,,2102,310,,,0,81,,2117,310,,,0,36,,2103,310,,,0,76,,2118,310,,,0,32,,2104,310,,,0,72,,2119,310,,,0,111,,2105,310,,,0
2000002500,'Semaine-01',602,,2123,260,,,0,36,,2124,310,,,0,80,,2125,310,,,0,40,,2122,310,,,0,80,,2126,310,,,0,80,,2127,310,,,0,40,,2128,310,,,0,80,,2129,310,,,0,81,,2130,310,,,0,82,,2131,310,,,0,43,,2132,310,,,0,83,,2133,310,,,0,83,,2134,310,,,0,42,,2135,310,,,0,82,,2136,310,,,0,85,,2137,310,,,0,85,,2138,310,,,0,46,,2139,310,,,0,85,,2140,310,,,0,85,,2141,310,,,0,82,,2142,310,,,0,42,,2143,310,,,0,79,,2144,310,,,0,80,,2145,310,,,0,40,,2146,310,,,0,80,,2147,310,,,0,80,,2148,310,,,0,40,,2149,310,,,0,60,,2150,310,,,0,30,,2151,310,,,0
