101,'Dimanche-01',810,,73,740,,,0,206,,74,740,,,0,131,,75,740,,,0,173,,76,740,,,0,127,,77,740,,,0,160,,78,740,,,0,120,,79,740,,,0,120,,80,740,,,0,157,,81,740,,,0,134,,82,740,,,0,114,,83,740,,,0,153,,84,740,,,0
101,'Fête-1-03',810,,2656,740,,,0,206,,2657,740,,,0,131,,2658,740,,,0,173,,2659,740,,,0,127,,2660,740,,,0,160,,2661,740,,,0,120,,2662,740,,,0,120,,2663,740,,,0,157,,2664,740,,,0,134,,2665,740,,,0,114,,2666,740,,,0,153,,2667,740,,,0
101,'Fête-2-01',710,,2668,740,,,0,101,,2677,740,,,0,30,,2679,740,,,0,90,,2680,740,,,0,110,,2681,740,,,0,105,,2682,740,,,0,95,,2684,740,,,0,105,,2683,740,,,0,106,,2685,740,,,0,81,,2669,740,,,0,105,,2670,740,,,0,96,,2671,740,,,0,105,,2672,740,,,0,74,,2673,740,,,0,103,,2674,740,,,0,43,,2675,740,,,0,173,,2676,740,,,0,173,,2678,740,,,0
101,'Samedi-01',810,,115,740,,,0,206,,116,740,,,0,131,,117,740,,,0,173,,118,740,,,0,127,,119,740,,,0,160,,120,740,,,0,120,,121,740,,,0,120,,122,740,,,0,157,,123,740,,,0,134,,124,740,,,0,114,,125,740,,,0,153,,126,740,,,0
101,'Semaine-01',710,,127,740,,,0,6,,145,610,,,0,95,,136,740,,,0,30,,138,740,,,0,90,,139,740,,,0,110,,140,740,,,0,105,,141,740,,,0,95,,143,740,,,0,105,,142,740,,,0,106,,144,740,,,0,81,,128,740,,,0,105,,129,740,,,0,96,,130,740,,,0,105,,131,740,,,0,74,,132,740,,,0,103,,133,740,,,0,43,,134,740,,,0,173,,135,740,,,0,173,,137,740,,,0
2001,'Dimanche-01',804,,190,570,4,,0,124,,191,570,4,,0,126,,192,570,4,,0,165,,193,570,4,,0,125,,194,570,4,,0,165,,195,570,4,,0,125,,196,570,4,,0,125,,197,570,4,,0
2001,'Fête-1-03',804,,2703,570,4,,0,124,,2704,570,4,,0,126,,2705,570,4,,0,165,,2706,570,4,,0,125,,2707,570,4,,0,165,,2708,570,4,,0,125,,2709,570,4,,0,125,,2710,570,4,,0
2001,'Fête-2-01',749,,2711,560,4,,0,166,,2712,560,4,,0,125,,2713,560,4,,0,166,,2714,560,4,,0,126,,2715,560,4,,0,125,,2716,560,4,,0,166,,2717,560,4,,0,126,,2718,560,4,,0,164,,2719,560,4,,0
2001,'Samedi-01',804,,215,570,4,,0,124,,216,570,4,,0,126,,217,570,4,,0,165,,218,570,4,,0,125,,219,570,4,,0,165,,220,570,4,,0,125,,221,570,4,,0,125,,222,570,4,,0
2001,'Semaine-01',749,,223,560,4,,0,166,,224,560,4,,0,125,,225,560,4,,0,166,,226,560,4,,0,126,,227,560,4,,0,125,,228,560,4,,0,166,,229,560,4,,0,126,,230,560,4,,0,164,,231,560,4,,0
2001,'Semaine-01-0001100',2035,,233,560,4,,0,124,,232,560,4,,0
2801,'Fête-2-01',1802,,2813,530,4,,0
2801,'Semaine-01',1802,,442,530,4,,0
