2400,'Semaine-01',600,,322,40,,,0,22,,323,40,,,0,33,,324,40,,,0,92,,326,40,,,0,74,,327,40,,,0,80,,325,40,,,0
2400,'Semaine-02',544,,2866,40,,,0,78,,2867,40,,,0,80,,2868,40,,,0,42,,2869,40,,,0,82,,2870,40,,,0
2400,'Semaine-03',600,,2871,40,,,0,22,,2872,40,,,0,33,,2873,40,,,0,92,,2875,40,,,0,74,,2876,40,,,0,80,,2874,40,,,0
2501,'Semaine-01',1616,,355,380,,,0,40,,356,380,,,0,74,,357,380,,,0,79,,358,380,,,0,40,,359,380,,,0,68,,360,380,,,0
2501,'Semaine-02',1616,,2899,380,,,0,40,,2900,380,,,0,74,,2901,380,,,0,79,,2902,380,,,0,35,,2903,380,,,0,73,,2904,380,,,0
2501,'Semaine-03',1616,,2905,380,,,0,40,,2906,380,,,0,74,,2907,380,,,0,79,,2908,380,,,0,40,,2909,380,,,0,68,,2910,380,,,0
2600,'Semaine-01',450,,363,90,,,0
2600,'Semaine-02',450,,2911,90,,,0
2600,'Semaine-03',450,,2913,90,,,0
2000002500,'Dimanche-01',541,,1991,230,,,0,87,,1993,280,,,0,78,,1994,280,,,0,35,,1995,280,,,0,68,,1996,280,,,0,34,,1997,280,,,0,78,,1998,280,,,0,37,,1999,280,,,0,76,,2000,280,,,0,72,,2001,280,,,0,45,,2002,280,,,0,85,,2003,280,,,0,95,,2004,280,,,0,23,,2005,280,,,0,62,,2006,280,,,0,85,,2007,280,,,0,40,,2008,280,,,0,80,,2009,280,,,0,80,,2010,280,,,0,35,,2011,280,,,0,81,,2012,280,,,0,39,,2013,280,,,0,80,,2014,280,,,0,70,,2015,280,,,0,35,,2016,280,,,0,75,,2017,280,,,0,35,,2018,280,,,0,75,,2019,280,,,0,75,,2020,280,,,0,30,,2021,280,,,0,75,,2022,280,,,0,35,,2023,280,,,0,76,,2024,280,,,0
2000002500,'Fête-1-01',528,,4047,230,,,0,26,,4016,280,,,0,76,,4032,280,,,0,83,,4017,280,,,0,27,,4033,280,,,0,77,,4018,280,,,0,40,,4034,280,,,0,80,,4019,280,,,0,70,,4035,280,,,0,40,,4020,280,,,0,80,,4036,280,,,0,77,,4021,280,,,0,30,,4015,280,,,0,73,,4022,280,,,0,41,,4037,280,,,0,78,,4023,280,,,0,86,,4038,280,,,0,45,,4024,280,,,0,79,,4039,280,,,0,71,,4025,280,,,0,34,,4040,280,,,0,84,,4026,280,,,0,80,,4041,280,,,0,44,,4027,280,,,0,80,,4042,280,,,0,90,,4028,280,,,0,81,,4043,280,,,0,36,,4029,280,,,0,76,,4044,280,,,0,32,,4030,280,,,0,72,,4045,280,,,0,111,,4031,280,,,0
2000002500,'Samedi-01',528,,2121,230,,,0,26,,2090,280,,,0,76,,2106,280,,,0,83,,2091,280,,,0,27,,2107,280,,,0,77,,2092,280,,,0,40,,2108,280,,,0,80,,2093,280,,,0,70,,2109,280,,,0,40,,2094,280,,,0,80,,2110,280,,,0,77,,2095,280,,,0,30,,2089,280,,,0,73,,2096,280,,,0,41,,2111,280,,,0,78,,2097,280,,,0,86,,2112,280,,,0,45,,2098,280,,,0,79,,2113,280,,,0,71,,2099,280,,,0,34,,2114,280,,,0,84,,2100,280,,,0,80,,2115,280,,,0,44,,2101,280,,,0,80,,2116,280,,,0,90,,2102,280,,,0,81,,2117,280,,,0,36,,2103,280,,,0,76,,2118,280,,,0,32,,2104,280,,,0,72,,2119,280,,,0,111,,2105,280,,,0
2000002500,'Semaine-01',601,,2123,230,,,0,36,,2124,280,,,0,80,,2125,280,,,0,40,,2122,280,,,0,80,,2126,280,,,0,80,,2127,280,,,0,40,,2128,280,,,0,80,,2129,280,,,0,81,,2130,280,,,0,82,,2131,280,,,0,43,,2132,280,,,0,83,,2133,280,,,0,83,,2134,280,,,0,42,,2135,280,,,0,82,,2136,280,,,0,85,,2137,280,,,0,85,,2138,280,,,0,46,,2139,280,,,0,85,,2140,280,,,0,85,,2141,280,,,0,82,,2142,280,,,0,42,,2143,280,,,0,79,,2144,280,,,0,80,,2145,280,,,0,40,,2146,280,,,0,80,,2147,280,,,0,80,,2148,280,,,0,40,,2149,280,,,0,60,,2150,280,,,0,30,,2151,280,,,0,82,,2152,280,4,,0
2000002500,'Semaine-02',601,,4049,230,,,0,36,,4050,280,,,0,80,,4051,280,,,0,40,,4048,280,,,0,80,,4052,280,,,0,80,,4053,280,,,0,40,,4054,280,,,0,80,,4055,280,,,0,81,,4056,280,,,0,82,,4057,280,,,0,43,,4058,280,,,0,83,,4059,280,,,0,83,,4060,280,,,0,42,,4061,280,,,0,82,,4062,280,,,0,85,,4063,280,,,0,85,,4064,280,,,0,46,,4065,280,,,0,85,,4066,280,,,0,85,,4067,280,,,0,82,,4068,280,,,0,42,,4069,280,,,0,79,,4070,280,,,0,80,,4071,280,,,0,40,,4072,280,,,0,80,,4073,280,,,0,80,,4074,280,,,0,40,,4075,280,,,0,60,,4076,280,,,0,30,,4077,280,,,0,82,,4078,280,4,,0
2000002500,'Semaine-03',601,,4080,230,,,0,36,,4081,280,,,0,80,,4082,280,,,0,40,,4079,280,,,0,80,,4083,280,,,0,80,,4084,280,,,0,40,,4085,280,,,0,80,,4086,280,,,0,81,,4087,280,,,0,82,,4088,280,,,0,43,,4089,280,,,0,83,,4090,280,,,0,83,,4091,280,,,0,42,,4092,280,,,0,82,,4093,280,,,0,85,,4094,280,,,0,85,,4095,280,,,0,46,,4096,280,,,0,85,,4097,280,,,0,85,,4098,280,,,0,82,,4099,280,,,0,42,,4100,280,,,0,79,,4101,280,,,0,80,,4102,280,,,0,40,,4103,280,,,0,80,,4104,280,,,0,80,,4105,280,,,0,40,,4106,280,,,0,60,,4107,280,,,0,30,,4108,280,,,0,82,,4109,280,4,,0
