100,78433,1,0
100,78662,2,0
100,78655,3,0
100,78714,4,0
100,78324,5,0
100,78326,6,0
100,78328,7,0
100,78330,8,0
100,78332,9,0
100,78334,10,0
100,78336,11,0
100,78338,12,0
100,78322,13,0
100,78318,14,0
100,78320,15,0
100,78448,16,0
100,78721,17,0
100,78722,18,0
100,78724,19,0
100,78725,20,0
100,78726,21,0
100,78002,22,0
100,78356,23,0
100,78342,24,0
100,78350,25,0
100,78352,26,0
100,78354,27,0
100,78344,28,0
100,78358,29,0
100,78360,30,0
100,78362,31,0
100,78723,32,0
100,78289,33,0
100,78292,34,0
100,78284,35,0
100,78608,36,0
100,78296,37,0
100,78282,38,0
100,78298,39,0
100,78300,40,0
100,78728,41,0
100,78729,42,0
100,78689,43,0
100,78690,44,0
100,78691,45,0
100,78692,46,0
100,78243,47,0
100,78070,48,0
100,78217,49,0
100,78921,50,0
100,78145,51,0
100,78024,52,0
100,78131,53,0
100,78162,54,0
100,78172,55,0
100,78176,56,0
100,78157,57,0
100,78124,58,0
100,78171,59,0
100,78178,60,0
100,78160,61,0
100,78132,62,0
100,78179,63,0
100,78136,64,0
100,78125,65,0
100,78730,66,0
100,78731,67,0
100,78734,68,0
100,78275,69,0
100,78274,70,0
100,77655,71,1
100,77501,72,1
100,77657,73,1
100,77503,74,1
100,77504,75,1
100,77505,76,1
100,77506,77,1
100,77509,78,1
100,77507,79,1
100,77508,80,1
100,78364,81,1
101,78364,1,0
101,78564,2,0
101,78568,3,0
101,78565,4,0
101,78567,5,0
101,78559,6,0
101,78569,7,0
101,78563,8,0
101,76557,9,0
101,78315,10,0
101,78606,11,0
101,78898,12,0
101,78126,13,0
101,78482,14,0
101,78180,15,0
101,78137,16,0
101,78138,17,0
101,78177,18,0
101,78121,19,0
101,78123,20,0
101,78155,21,0
101,78174,22,0
101,78158,23,0
101,78173,24,0
101,78184,25,0
101,78130,26,0
101,78023,27,0
101,78144,28,0
101,78920,29,0
101,78215,30,0
101,78216,31,0
101,78069,32,0
101,78233,33,0
101,78245,34,0
101,79191,35,0
101,78148,36,0
101,78003,37,0
101,78285,38,0
101,78611,39,0
101,78607,40,0
101,78297,41,0
101,78299,42,0
101,78295,43,0
101,78294,44,0
101,78283,45,0
101,78291,46,0
101,78290,47,0
101,78339,48,0
101,78361,49,0
101,78347,50,0
101,78357,51,0
101,78355,52,0
101,78343,53,0
101,78353,54,0
101,78351,55,0
101,78341,56,0
101,78345,57,0
101,78588,58,0
101,78586,59,0
101,78700,60,0
101,78587,61,0
101,78701,62,0
101,78702,63,0
101,78623,64,0
101,78348,65,0
101,78317,66,0
101,78321,67,0
101,78337,68,0
101,78335,69,0
101,78333,70,0
101,78331,71,0
101,78329,72,0
101,78327,73,0
101,78325,74,0
101,78323,75,0
101,78662,76,1
101,78655,77,1
101,78714,78,1
101,78433,79,1
2000,78324,1,0
2000,78326,2,0
2000,78328,3,0
2000,78330,4,0
2000,78332,5,0
2000,78001,6,0
2000,78004,7,0
2000,78102,8,0
2000,78104,9,0
2000,78146,10,0
2000,78596,11,0
2000,78597,12,0
2000,78530,13,0
2000,78599,14,0
2000,78600,15,0
2000,78601,16,0
2000,78602,17,0
2000,78320,18,0
2000,78448,19,0
2000,78721,20,0
2000,78722,21,0
2000,78724,22,0
2000,78725,23,0
2000,78726,24,0
2000,78002,25,0
2000,78356,26,0
2000,78509,27,0
2000,78510,28,0
2000,78511,29,0
2000,78512,30,0
2000,78513,31,0
2000,78514,32,0
2000,78501,33,0
2000,78515,34,0
2000,78516,35,0
2000,78517,36,0
2000,78518,37,0
2000,78519,38,0
2000,78520,39,0
2000,78525,40,0
2000,78526,41,0
2000,78449,42,0
2000,78527,43,0
2000,78528,44,0
2000,78529,45,0
2000,78342,46,0
2000,78350,47,0
2000,78352,48,0
2000,78354,49,0
2000,78344,50,0
2000,78358,51,0
2000,78570,52,0
2000,78571,53,0
2000,78572,54,0
2000,78573,55,0
2000,78574,56,0
2000,78575,57,0
2000,78950,58,0
2000,78943,59,0
2000,78944,60,0
2000,78339,61,0
2000,78361,62,0
2000,78347,63,0
2000,78357,64,1
2001,78357,1,0
2001,78355,2,0
2001,78343,3,0
2001,78353,4,0
2001,78351,5,0
2001,78341,6,0
2001,78345,7,0
2001,78588,8,0
2001,78586,9,0
2001,78700,10,0
2001,78587,11,0
2001,78538,12,0
2001,78539,13,0
2001,78540,14,0
2001,78450,15,0
2001,78541,16,0
2001,78546,17,0
2001,78547,18,0
2001,78548,19,0
2001,78549,20,0
2001,78550,21,0
2001,78551,22,0
2001,78552,23,0
2001,78500,24,0
2001,78553,25,0
2001,78554,26,0
2001,78555,27,0
2001,78556,28,0
2001,78557,29,0
2001,78558,30,0
2001,78560,31,0
2001,78701,32,0
2001,78702,33,0
2001,78623,34,0
2001,78348,35,0
2001,78589,36,0
2001,78590,37,0
2001,78591,38,0
2001,78592,39,0
2001,78593,40,0
2001,78594,41,0
2001,78595,42,0
2001,78458,43,0
2001,78459,44,0
2001,78952,45,0
2001,78460,46,0
2001,78461,47,0
2001,78462,48,0
2001,78463,49,0
2001,78329,50,0
2001,78327,51,0
2001,78325,52,0
2001,78323,53,1
2100,78137,1,0
2100,78138,2,0
2100,78177,3,0
2100,78121,4,0
2100,78123,5,0
2100,78753,6,0
2100,78161,7,0
2100,78156,8,0
2100,78543,9,0
2100,78545,10,0
2100,78109,11,0
2100,78147,12,0
2100,78149,13,0
2100,78107,14,0
2100,78105,15,0
2100,78103,16,0
2100,78076,17,0
2100,78101,18,0
2100,78115,19,0
2100,78057,20,0
2100,78116,21,0
2100,78117,22,0
2100,78045,23,0
2100,78046,24,0
2100,78132,25,0
2100,78179,26,0
2100,78484,27,0
2100,78125,28,0
2100,78730,29,0
2100,78731,30,0
2100,78734,31,0
2100,78275,32,0
2100,78274,33,0
2100,77655,34,1
2100,77501,35,1
2100,77657,36,1
2100,77503,37,1
2100,77504,38,1
2100,77505,39,1
2100,77506,40,1
2100,77509,41,1
2100,77507,42,1
2100,77508,43,1
2100,78903,44,1
2101,78903,1,0
2101,78564,2,0
2101,78568,3,0
2101,78565,4,0
2101,78567,5,0
2101,78559,6,0
2101,78569,7,0
2101,78563,8,0
2101,76557,9,0
2101,78315,10,0
2101,78606,11,0
2101,78898,12,0
2101,78126,13,0
2101,78484,14,0
2101,78180,15,0
2101,78137,16,0
2101,78138,17,0
2101,78177,18,0
2101,78121,19,0
2101,78123,20,0
2101,78753,21,0
2101,78161,22,0
2101,78156,23,0
2101,78543,24,0
2101,78545,25,0
2101,78109,26,0
2101,78147,27,0
2101,78149,28,0
2101,78107,29,0
2101,78105,30,0
2101,78103,31,0
2101,78076,32,0
2101,78101,33,0
2101,78115,34,0
2101,78057,35,0
2101,78116,36,0
2101,78117,37,0
2101,78045,38,0
2101,78046,39,0
2101,78132,40,0
2101,78179,41,0
2101,78483,42,1
2200,78485,1,0
2200,78180,2,0
2200,78445,3,0
2200,78087,4,0
2200,78088,5,0
2200,78055,6,0
2200,78042,7,0
2200,78151,8,0
2200,78040,9,0
2200,78038,10,0
2200,78036,11,0
2200,78693,12,0
2200,78683,13,0
2200,78685,14,0
2200,76687,15,0
2200,78031,16,0
2200,78029,17,0
2200,78028,18,0
2200,78025,19,0
2200,78020,20,0
2200,78018,21,0
2200,78016,22,0
2200,78014,23,0
2200,78013,24,0
2200,78508,25,0
2201,78485,1,0
2201,78180,2,0
2201,78152,3,0
2201,78015,4,0
2201,78017,5,0
2201,78019,6,0
2201,78021,7,0
2201,78026,8,0
2201,78027,9,0
2201,78030,10,0
2201,78032,11,0
2201,78034,12,0
2201,76686,13,0
2201,78684,14,0
2201,78694,15,0
2201,76688,16,0
2201,78037,17,0
2201,78039,18,0
2201,78150,19,0
2201,78041,20,0
2201,78055,21,0
2201,78116,22,0
2201,78117,23,0
2201,78045,24,0
2201,78046,25,0
2201,78132,26,0
2201,78179,27,0
2300,78047,1,0
2300,78048,2,0
2300,78050,3,0
2300,78269,4,0
2300,78052,5,0
2300,78054,6,0
2300,78059,7,0
2300,78061,8,0
2300,78063,9,0
2300,78065,10,0
2300,78153,11,0
2300,78068,12,0
2300,78232,13,0
2300,78070,14,0
2300,78217,15,0
2300,78921,16,0
2300,78145,17,0
2300,78024,18,0
2300,78131,19,0
2300,78162,20,0
2300,78172,21,0
2300,78176,22,0
2300,78157,23,0
2300,78071,24,0
2300,78202,25,0
2300,78074,26,0
2300,78078,27,0
2300,78080,28,0
2300,78081,29,0
2300,78083,30,0
2300,78085,31,0
2300,78127,32,0
2300,78730,33,0
2300,78731,34,0
2300,78734,35,0
2300,78275,36,0
2300,78274,37,0
2300,77655,38,1
2300,77501,39,1
2300,77657,40,1
2300,77503,41,1
2300,77504,42,1
2300,77505,43,1
2300,77506,44,1
2300,77509,45,1
2300,77507,46,1
2300,77508,47,1
2300,78902,48,1
2301,78902,1,0
2301,78564,2,0
2301,78568,3,0
2301,78565,4,0
2301,78567,5,0
2301,78559,6,0
2301,78569,7,0
2301,78563,8,0
2301,76557,9,0
2301,78315,10,0
2301,78606,11,0
2301,78898,12,0
2301,78128,13,0
2301,78089,14,0
2301,78084,15,0
2301,78082,16,0
2301,78079,17,0
2301,78077,18,0
2301,78073,19,0
2301,78203,20,0
2301,78072,21,0
2301,78155,22,0
2301,78174,23,0
2301,78158,24,0
2301,78173,25,0
2301,78184,26,0
2301,78130,27,0
2301,78023,28,0
2301,78144,29,0
2301,78920,30,0
2301,78215,31,0
2301,78216,32,0
2301,78069,33,0
2301,78233,34,0
2301,78067,35,0
2301,78154,36,0
2301,78066,37,0
2301,78064,38,0
2301,78062,39,0
2301,78060,40,0
2301,78058,41,0
2301,78053,42,0
2301,78270,43,0
2301,78051,44,0
2301,78049,45,0
2301,78254,46,1
2400,78239,1,0
2400,78447,2,0
2400,78242,3,0
2400,78185,4,0
2400,78246,5,0
2400,78879,6,0
2400,78197,7,0
2400,78199,8,0
2400,78201,9,0
2400,78250,10,0
2400,78897,11,0
2400,78024,12,0
2400,78131,13,0
2400,78162,14,0
2400,78172,15,0
2400,78913,16,0
2400,78914,17,0
2400,78915,18,0
2400,78916,19,0
2400,78264,20,0
2400,78183,21,0
2400,78142,22,0
2400,78122,23,0
2400,78092,24,0
2400,78086,25,0
2400,78127,26,0
2400,78483,27,1
2401,78484,1,0
2401,78128,2,0
2401,78089,3,0
2401,78091,4,0
2401,78090,5,0
2401,78141,6,0
2401,78181,7,0
2401,78265,8,0
2401,78266,9,0
2401,78268,10,0
2401,78005,11,0
2401,78006,12,0
2401,78175,13,0
2401,78158,14,0
2401,78173,15,0
2401,78184,16,0
2401,78130,17,0
2401,78023,18,0
2401,78159,19,0
2401,78249,20,0
2401,78248,21,0
2401,78198,22,0
2401,78247,23,0
2401,78505,24,0
2401,78871,25,0
2401,78872,26,0
2401,78873,27,0
2401,78874,28,1
2500,78159,1,0
2500,78249,2,0
2500,78248,3,0
2500,78198,4,0
2500,78247,5,0
2500,78505,6,0
2500,78871,7,0
2500,78872,8,0
2500,78873,9,0
2500,78874,10,0
2500,78875,11,0
2500,78876,12,0
2500,78752,13,0
2500,78235,14,0
2500,78234,15,0
2500,78229,16,0
2500,78258,17,0
2500,78231,18,0
2500,78256,19,0
2500,78140,20,0
2500,78189,21,0
2500,78098,22,0
2500,78096,23,0
2500,78094,24,0
2500,78267,25,0
2500,78264,26,0
2500,78183,27,0
2500,78142,28,0
2500,78122,29,0
2500,78092,30,0
2500,78086,31,0
2500,78127,32,0
2500,78730,33,0
2500,78731,34,0
2500,78734,35,0
2500,78275,36,0
2500,78274,37,0
2500,77655,38,1
2500,77501,39,1
2500,77657,40,1
2500,77503,41,1
2500,77504,42,1
2500,77505,43,1
2500,77506,44,1
2500,77509,45,1
2500,77507,46,1
2500,77508,47,1
2500,78901,48,1
2501,78901,1,0
2501,78564,2,0
2501,78568,3,0
2501,78565,4,0
2501,78567,5,0
2501,78559,6,0
2501,78569,7,0
2501,78563,8,0
2501,76557,9,0
2501,78315,10,0
2501,78606,11,0
2501,78898,12,0
2501,78128,13,0
2501,78089,14,0
2501,78091,15,0
2501,78090,16,0
2501,78141,17,0
2501,78181,18,0
2501,78265,19,0
2501,78266,20,0
2501,78093,21,0
2501,78095,22,0
2501,78097,23,0
2501,78190,24,0
2501,78139,25,0
2501,78255,26,0
2501,78230,27,0
2501,78257,28,0
2501,78228,29,0
2501,78235,30,0
2501,78234,31,0
2501,78877,32,0
2501,78193,33,0
2501,78194,34,0
2501,78239,35,0
2501,78447,36,0
2501,78242,37,0
2501,78185,38,0
2501,78246,39,0
2501,78879,40,0
2501,78197,41,0
2501,78199,42,0
2501,78201,43,0
2501,78250,44,0
2501,78897,45,1
2600,78235,1,0
2600,78234,2,0
2600,78163,3,0
2600,78237,4,0
2600,78186,5,0
2600,78239,6,0
2600,78447,7,0
2600,78242,8,0
2600,78185,9,0
2600,78246,10,0
2600,78879,11,0
2600,78197,12,0
2600,78199,13,0
2600,78201,14,0
2600,78250,15,0
2600,78897,16,0
2600,78024,17,0
2600,78131,18,0
2600,78162,19,0
2600,78112,20,0
2600,78252,21,0
2600,78253,22,0
2600,78191,23,0
2600,78139,24,0
2600,78255,25,0
2600,78230,26,0
2600,78257,27,0
2600,78259,28,0
2600,78209,29,0
2600,78206,30,0
2600,78261,31,0
2600,78263,32,0
2600,78182,33,0
2600,78265,34,0
2600,78266,35,0
2600,78268,36,0
2600,78005,37,0
2600,78006,38,0
2600,78175,39,0
2600,78157,40,0
2600,78124,41,0
2600,78171,42,0
2600,78178,43,0
2600,78132,44,0
2600,78179,45,0
2600,78477,46,0
2600,78125,47,0
2600,78730,48,0
2600,78731,49,0
2600,78734,50,0
2600,78275,51,0
2600,78274,52,0
2600,77655,53,1
2600,77501,54,1
2600,77657,55,1
2600,77503,56,1
2600,77504,57,1
2600,77505,58,1
2600,77506,59,1
2600,77509,60,1
2600,77507,61,1
2600,77508,62,1
2600,78905,63,1
2700,78223,1,0
2700,78225,2,0
2700,78221,3,0
2700,78008,4,0
2700,78227,5,0
2700,78229,6,0
2700,78881,7,0
2700,78213,8,0
2700,78165,9,0
2700,78010,10,0
2700,78211,11,0
2700,78012,12,0
2700,78208,13,0
2700,78206,14,0
2700,78261,15,0
2700,78263,16,0
2700,78183,17,0
2700,78142,18,0
2700,78122,19,0
2700,78092,20,0
2700,78086,21,0
2700,78084,22,0
2700,78082,23,0
2700,78108,24,0
2700,78481,25,1
2701,78481,1,0
2701,78128,2,0
2701,78089,3,0
2701,78091,4,0
2701,78090,5,0
2701,78141,6,0
2701,78181,7,0
2701,78262,8,0
2701,78260,9,0
2701,78205,10,0
2701,78207,11,0
2701,78011,12,0
2701,78210,13,0
2701,78009,14,0
2701,78164,15,0
2701,78212,16,0
2701,78867,17,0
2701,78228,18,0
2701,78226,19,0
2701,78007,20,0
2701,78143,21,0
2701,78224,22,0
2701,78223,23,1
2800,78324,1,0
2800,78326,2,0
2800,78320,3,0
2800,78724,4,0
2800,78725,5,0
2800,78726,6,0
2800,78002,7,0
2800,78356,8,0
2800,78342,9,0
2800,78350,10,0
2800,78352,11,0
2800,78354,12,0
2800,78344,13,0
2800,78358,14,0
2800,78360,15,0
2800,78362,16,0
2800,78723,17,0
2800,78289,18,0
2800,78292,19,0
2800,78284,20,0
2800,78608,21,0
2800,78296,22,0
2800,78282,23,0
2800,78298,24,0
2800,78300,25,0
2800,78729,26,0
2800,78214,27,0
2800,78921,28,0
2800,78145,29,0
2800,78024,30,0
2800,78131,31,0
2800,78162,32,0
2800,78172,33,0
2800,78176,34,0
2800,78157,35,0
2800,78124,36,0
2800,78171,37,0
2800,78178,38,0
2800,78160,39,0
2800,78132,40,0
2800,78179,41,0
2800,78479,42,0
2800,78125,43,0
2800,78730,44,0
2800,78731,45,0
2800,78734,46,0
2800,78275,47,0
2800,78274,48,0
2800,74213,49,1
2801,74213,1,0
2801,78606,2,0
2801,78898,3,0
2801,78126,4,0
2801,78479,5,0
2801,78180,6,0
2801,78137,7,0
2801,78138,8,0
2801,78177,9,0
2801,78121,10,0
2801,78123,11,0
2801,78155,12,0
2801,78174,13,0
2801,78158,14,0
2801,78173,15,0
2801,78184,16,0
2801,78130,17,0
2801,78023,18,0
2801,78144,19,0
2801,78920,20,0
2801,78215,21,0
2801,78285,22,0
2801,78611,23,0
2801,78607,24,0
2801,78297,25,0
2801,78299,26,0
2801,78295,27,0
2801,78294,28,0
2801,78283,29,0
2801,78291,30,0
2801,78290,31,0
2801,78339,32,0
2801,78361,33,0
2801,78347,34,0
2801,78357,35,0
2801,78355,36,0
2801,78343,37,0
2801,78353,38,0
2801,78351,39,0
2801,78341,40,0
2801,78345,41,0
2801,78588,42,0
2801,78586,43,0
2801,78700,44,0
2801,78587,45,0
2801,78348,46,0
2801,78325,47,0
2801,78323,48,1
2901,78478,1,0
2901,78856,2,0
2901,78857,3,0
2901,78858,4,0
2901,78859,5,0
2901,78860,6,0
2901,78870,7,0
2901,78861,8,0
2901,78862,9,0
2901,78863,10,0
2901,78864,11,0
2901,78865,12,0
2901,78866,13,0
2901,78678,14,0
2901,78679,15,0
2901,78680,16,0
2901,78681,17,0
2901,78682,18,0
2901,78869,19,0
3100,78904,1,0
3100,78564,2,0
3100,78568,3,0
3100,78565,4,0
3100,78567,5,0
3100,78559,6,0
3100,78569,7,0
3100,78563,8,0
3100,76557,9,0
3100,78315,10,0
3100,78606,11,0
3100,78898,12,0
3100,78126,13,0
3100,78487,14,0
3100,78180,15,0
3100,78445,16,0
3100,78087,17,0
3100,78088,18,0
3100,78056,19,0
3100,78099,20,0
3100,78100,21,0
3100,78075,22,0
3100,78169,23,0
3100,78113,24,0
3100,78118,25,0
3100,78043,26,0
3100,78120,27,0
3100,78123,28,0
3100,78071,29,0
3100,78202,30,0
3100,78183,31,0
3100,78142,32,0
3100,78122,33,0
3100,78092,34,0
3100,78086,35,0
3100,78127,36,0
3100,78730,37,0
3100,78731,38,0
3100,78734,39,0
3100,78275,40,0
3100,78274,41,0
3100,77655,42,1
3100,77501,43,1
3100,77657,44,1
3100,77503,45,1
3100,77504,46,1
3100,77505,47,1
3100,77506,48,1
3100,77509,49,1
3100,77507,50,1
3100,77508,51,1
3200,78905,1,0
3200,78564,2,0
3200,78568,3,0
3200,78565,4,0
3200,78567,5,0
3200,78559,6,0
3200,78569,7,0
3200,78563,8,0
3200,76557,9,0
3200,78315,10,0
3200,78606,11,0
3200,78898,12,0
3200,78128,13,0
3200,78089,14,0
3200,78091,15,0
3200,78090,16,0
3200,78141,17,0
3200,78181,18,0
3200,78204,19,0
3200,78072,20,0
3200,78171,21,0
3200,78044,22,0
3200,78119,23,0
3200,78114,24,0
3200,78170,25,0
3200,78076,26,0
3200,78101,27,0
3200,78115,28,0
3200,78057,29,0
3200,78116,30,0
3200,78117,31,0
3200,78045,32,0
3200,78046,33,0
3200,78132,34,0
3200,78179,35,0
3200,78477,36,0
3200,78125,37,0
3200,78730,38,0
3200,78731,39,0
3200,78734,40,0
3200,78275,41,0
3200,78274,42,0
3200,77655,43,1
3200,77501,44,1
3200,77657,45,1
3200,77503,46,1
3200,77504,47,1
3200,77505,48,1
3200,77506,49,1
3200,77509,50,1
3200,77507,51,1
3200,77508,52,1
3300,78168,1,0
3300,78180,2,0
3300,78137,3,0
3300,78138,4,0
3300,78177,5,0
3300,78121,6,0
3300,78120,7,0
3300,78123,8,0
3300,78155,9,0
3300,78174,10,0
3300,78158,11,0
3300,78173,12,0
3300,78184,13,0
3300,78130,14,0
3300,78023,15,0
3300,78144,16,0
3300,78920,17,0
3300,78215,18,0
3300,78506,19,0
3300,78507,20,0
3300,78129,21,0
3300,78216,22,0
3300,78069,23,0
3300,78233,24,0
3300,78245,25,0
3300,79191,26,0
3300,78148,27,0
3300,78003,28,0
3300,78047,29,0
3300,78048,30,0
3300,78050,31,0
3300,78269,32,0
3300,78052,33,0
3300,78054,34,0
3300,78917,35,0
3300,78022,36,0
3300,78131,37,0
3300,78162,38,0
3300,78172,39,0
3300,78176,40,0
3300,78157,41,0
3300,78753,42,0
3300,78161,43,0
3300,78106,44,0
3300,78918,45,0
3300,78899,46,0
3300,78919,47,0
3300,78893,48,0
3300,78043,49,0
3300,78178,50,0
3300,78160,51,0
3300,78132,52,0
3300,78179,53,0
9000,78232,1,0
9000,78070,2,0
9000,78217,3,0
9000,78921,4,0
9000,78145,5,0
9000,78024,6,0
9000,78131,7,0
9000,78162,8,0
9000,78172,9,0
9000,78176,10,0
9000,78157,11,0
9000,78124,12,0
9000,78171,13,0
9000,78178,14,0
9000,78132,15,0
9000,78179,16,0
9000,78478,17,0
9000,78125,18,0
9000,78730,19,0
9000,78731,20,0
9000,78734,21,0
9000,78275,22,0
9000,78274,23,0
9000,79118,24,1
9001,79118,1,0
9001,78606,2,0
9001,78898,3,0
9001,78126,4,0
9001,78478,5,0
9001,78180,6,0
9001,78137,7,0
9001,78138,8,0
9001,78177,9,0
9001,78121,10,0
9001,78123,11,0
9001,78155,12,0
9001,78174,13,0
9001,78158,14,0
9001,78173,15,0
9001,78184,16,0
9001,78130,17,0
9001,78023,18,0
9001,78144,19,0
9001,78920,20,0
9001,78215,21,0
9001,78216,22,0
9001,78069,23,0
9001,78233,24,1
9800,78900,1,0
9800,78564,2,0
9800,78568,3,0
9800,78565,4,0
9800,78567,5,0
9800,78559,6,0
9800,78569,7,0
9800,78563,8,0
9800,76557,9,0
9800,78315,10,0
9800,78922,11,0
9800,78923,12,0
9800,78924,13,0
9800,78925,14,0
9800,78926,15,0
9800,78927,16,0
9800,78928,17,0
9800,78929,18,0
9800,78930,19,0
9800,78931,20,0
9800,78932,21,0
9800,78933,22,0
9800,78934,23,0
9800,78935,24,0
9800,78936,25,0
9800,78937,26,0
9800,78938,27,0
9800,78939,28,0
9800,78734,29,0
9800,78275,30,0
9800,78274,31,0
9800,77655,32,1
9800,77501,33,1
9800,77657,34,1
9800,77503,35,1
9800,77504,36,1
9800,77505,37,1
9800,77506,38,1
9800,77509,39,1
9800,77507,40,1
9800,77508,41,1
11100,79000,1,0
11100,79054,2,0
11100,79055,3,0
11100,79006,4,0
11100,79036,5,0
11100,79056,6,0
11100,79007,7,0
11100,79001,8,0
11100,79015,9,0
11100,79014,10,0
11100,79016,11,0
11100,79017,12,0
11100,79037,13,0
11100,79038,14,0
11100,79002,15,0
11100,79039,16,0
11100,79040,17,0
11100,79020,18,0
11100,79021,19,0
11100,79042,20,0
11100,79043,21,0
11100,79022,22,0
11100,79047,23,0
11100,79023,24,0
11100,79024,25,0
11100,79025,26,0
11100,79026,27,0
11100,79082,28,0
11100,79052,29,0
11100,79084,30,0
11100,79045,31,0
11100,78116,32,0
11100,78117,33,0
11100,78045,34,0
11100,78046,35,0
11100,78132,36,0
11100,78179,37,0
11100,78136,38,0
11100,78125,39,0
11100,78730,40,0
11100,78731,41,0
11100,78734,42,0
11100,78275,43,0
11100,78274,44,0
11100,74213,45,1
11100,77655,46,1
11100,77501,47,1
11100,77657,48,1
11100,77503,49,1
11100,77504,50,1
11100,77505,51,1
11100,77506,52,1
11100,77509,53,1
11100,77507,54,1
11100,77508,55,1
11100,79050,56,1
11100,79118,57,1
11101,74213,1,0
11101,79118,2,0
11101,79050,3,0
11101,78564,4,0
11101,78568,5,0
11101,78565,6,0
11101,78567,7,0
11101,78559,8,0
11101,78569,9,0
11101,78563,10,0
11101,76557,11,0
11101,78315,12,0
11101,78606,13,0
11101,78898,14,0
11101,78126,15,0
11101,78486,16,0
11101,78490,17,0
11101,78180,18,0
11101,78445,19,0
11101,78087,20,0
11101,78088,21,0
11101,79190,22,0
11101,79051,23,0
11101,79085,24,0
11101,79100,25,0
11101,79053,26,0
11101,79086,27,0
11101,79107,28,0
11101,79049,29,0
11101,79182,30,0
11101,79057,31,0
11101,79048,32,0
11101,79058,33,0
11101,79089,34,0
11101,79108,35,0
11101,79109,36,0
11101,79110,37,0
11101,79041,38,0
11101,79111,39,0
11101,79059,40,0
11101,79112,41,0
11101,79090,42,0
11101,79101,43,0
11101,79102,44,0
11101,79091,45,0
11101,79103,46,0
11101,79060,47,0
11101,79104,48,0
11101,79113,49,0
11101,79092,50,0
11101,79117,51,0
11101,79105,52,0
11101,79106,53,0
11101,79061,54,1
14000,79132,1,0
14000,79133,2,0
14000,79134,3,0
14000,79135,4,0
14000,79136,5,0
14000,79137,6,0
14000,79138,7,0
14000,79140,8,0
14000,79142,9,0
14000,79143,10,0
14000,79144,11,0
14000,79145,12,0
14000,79147,13,0
14000,79148,14,0
14000,79195,15,0
14000,79196,16,0
14000,79197,17,0
14000,79198,18,0
14000,79199,19,0
14000,79152,20,0
14000,79153,21,0
14000,79154,22,0
14000,79155,23,0
14000,79040,24,0
14000,79200,25,0
14000,79201,26,0
14000,79202,27,0
14000,79160,28,0
14000,79161,29,0
14000,79163,30,0
14000,79164,31,0
14000,79165,32,0
14000,79166,33,0
14000,79022,34,0
14000,79047,35,0
14000,79023,36,0
14000,79024,37,0
14000,79025,38,0
14000,79026,39,0
14000,79082,40,0
14000,79167,41,0
14000,79168,42,0
14000,79170,43,0
14000,79171,44,0
14000,79172,45,0
14000,79173,46,0
14000,79174,47,0
14000,78043,48,0
14000,78123,49,0
14000,78161,50,0
14000,78245,51,0
14000,79191,52,0
14000,78148,53,0
14000,79192,54,0
14000,79193,55,0
14000,79180,56,0
14000,79181,57,0
14000,79053,58,0
14000,79086,59,0
14000,79107,60,0
14000,79049,61,0
14000,79182,62,0
14000,79057,63,0
2000000100,78729,1,0
2000000100,78195,2,1
2000000100,78196,3,0
2000000100,78285,4,1
2000001900,78531,1,0
2000001900,78598,2,0
2000001900,78533,3,0
2000001900,78236,4,0
2000001900,78535,5,0
2000001900,78357,6,1
2000001901,78358,1,0
2000001901,78571,2,0
2000001901,78572,3,0
2000001901,78574,4,0
2000001901,78236,5,0
2000001901,78598,6,0
2000001901,78531,7,1
2000002000,78586,1,0
2000002000,78587,2,0
2000002000,78724,3,0
2000002000,78002,4,0
2000002000,78511,5,0
2000002000,78512,6,0
2000002000,78218,7,0
2000002000,78517,8,0
2000002000,78519,9,0
2000002000,78521,10,0
2000002000,78522,11,0
2000002000,78523,12,0
2000002000,78525,13,0
2000002000,78526,14,0
2000002000,78527,15,0
2000002200,78037,1,0
2000002200,78036,2,0
2000002200,78693,3,0
2000002200,78683,4,0
2000002200,78685,5,0
2000002200,76687,6,0
2000002200,78031,7,0
2000002200,78029,8,0
2000002200,78028,9,0
2000002200,78025,10,0
2000002200,78020,11,0
2000002200,78018,12,0
2000002200,78480,13,1
2000002201,78480,1,0
2000002201,78019,2,0
2000002201,78021,3,0
2000002201,78026,4,0
2000002201,78027,5,0
2000002201,78030,6,0
2000002201,78032,7,0
2000002201,78034,8,0
2000002201,76686,9,0
2000002201,78684,10,0
2000002201,78694,11,0
2000002201,76688,12,0
2000002201,78037,13,1
2000002300,78166,1,0
2000002300,78276,2,0
2000002300,78277,3,0
2000002300,78278,4,0
2000002300,78279,5,0
2000002300,78280,6,0
2000002300,78281,7,0
2000002300,78271,8,0
2000002300,78272,9,0
2000002300,78273,10,0
2000002300,78286,11,0
2000002300,78287,12,0
2000002300,78043,13,1
2000002301,78043,1,0
2000002301,78276,2,0
2000002301,78277,3,0
2000002301,78278,4,0
2000002301,78279,5,0
2000002301,78280,6,0
2000002301,78281,7,0
2000002301,78271,8,0
2000002301,78272,9,0
2000002301,78273,10,0
2000002301,78286,11,0
2000002301,78287,12,0
2000002301,78166,13,1
2000002500,78043,1,0
2000002500,78913,2,0
2000002500,78914,3,0
2000002500,78915,4,0
2000002500,78916,5,0
2000002500,78093,6,0
2000002500,78095,7,0
2000002500,78097,8,0
2000002500,78190,9,0
2000002500,78112,10,0
2000002500,78252,11,0
2000002500,78253,12,0
2000002500,78139,13,0
2000002500,78255,14,0
2000002500,78230,15,0
2000002500,78257,16,0
2000002500,78228,17,0
2000002500,78235,18,1
2000002501,78235,1,0
2000002501,78234,2,0
2000002501,78163,3,0
2000002501,78237,4,0
2000002501,78186,5,0
2000002501,78193,6,0
2000002501,78194,7,0
2000002501,78239,8,0
2000002501,78447,9,0
2000002501,78242,10,0
2000002501,78185,11,0
2000002501,78246,12,0
2000002501,78879,13,0
2000002501,78199,14,0
2000002501,78201,15,0
2000002501,78043,16,1
2000002700,78480,1,0
2000002700,78262,2,0
2000002700,78260,3,0
2000002700,78205,4,0
2000002700,78207,5,0
2000002700,78910,6,0
2000002700,78011,7,0
2000002700,78210,8,0
2000002700,78009,9,0
2000002700,78164,10,0
2000002700,78212,11,0
2000002700,78867,12,0
2000002700,78228,13,0
2000002700,78226,14,0
2000002700,78007,15,0
2000002700,78143,16,0
2000002700,78224,17,0
2000002700,78223,18,1
2000002701,78223,1,0
2000002701,78225,2,0
2000002701,78221,3,0
2000002701,78008,4,0
2000002701,78227,5,0
2000002701,78229,6,0
2000002701,78881,7,0
2000002701,78213,8,0
2000002701,78165,9,0
2000002701,78010,10,0
2000002701,78211,11,0
2000002701,78012,12,0
2000002701,78259,13,0
2000002701,78209,14,0
2000002701,78206,15,0
2000002701,78261,16,0
2000002701,78263,17,0
2000002701,78480,18,1
2000002900,78856,1,0
2000002900,78480,2,0
2000002900,78857,3,0
2000002900,78858,4,0
2000002900,78859,5,0
2000002900,78860,6,0
2000002900,78870,7,0
2000002900,78861,8,0
2000002900,78862,9,0
2000002900,78863,10,0
2000002900,78864,11,0
2000002900,78865,12,0
2000002900,78866,13,0
2000002900,78678,14,0
2000002900,78679,15,0
2000002900,78680,16,0
2000002900,78681,17,0
2000002900,78682,18,0
2000002900,78869,19,0
