2401,'Fête-2-01',1640,,2766,70,,,0,85,,2767,70,,,0,85,,2769,70,,,0,45,,2768,70,,,0
2401,'Semaine-01',1640,,332,70,,,0,85,,333,70,,,0,85,,336,70,,,0,21,,335,70,,,0,24,,334,70,,,0
2501,'Fête-2-01',1557,,2776,180,,,0,80,,2777,180,,,0,74,,2778,180,,,0,39,,2779,180,,,0,80,,2780,180,,,0,28,,2781,180,,,0
2501,'Semaine-01',1557,,355,180,,,0,80,,356,180,,,0,74,,357,180,,,0,39,,358,180,,,0,80,,359,180,,,0,28,,360,180,,,0
2701,'Fête-2-01',610,,2794,70,,,0,40,,2795,70,,,0,81,,2796,70,,,0,80,,2797,70,,,0,744,,2801,70,,,0,81,,2798,70,,,0,84,,2802,70,,,0,86,,2799,70,,,0,45,,2800,70,,,0
2701,'Semaine-01',610,,394,70,,,0,40,,395,70,,,0,81,,396,70,,,0,80,,397,70,,,0,744,,401,70,,,0,81,,398,70,,,0,84,,402,70,,,0,86,,399,70,,,0,45,,400,70,,,0
3200,'Dimanche-01',559,,578,180,,,0,254,,583,180,,,0,223,,586,180,,,0,192,,587,180,,,0,119,,579,180,,,0,162,,589,180,,,0,120,,580,180,,,0,119,,582,180,,,0,158,,581,180,,,0,215,,584,180,,,0,216,,585,180,,,0,213,,588,180,0,6,0
3200,'Fête-1-03',530,,2879,60,,,0,181,,2885,180,,,0,37,,2880,180,,,0,160,,2888,180,,,0,123,,2889,180,,,0,124,,2890,180,,,0,164,,2881,180,,,0,124,,2892,180,,,0,164,,2882,180,,,0,128,,2883,180,,,0,120,,2884,180,,,0,276,,2886,180,,,0,216,,2887,180,,,0,207,,2891,180,0,6,0
3200,'Fête-2-01',626,,2918,180,,,0,80,,2893,180,,,0,39,,2921,180,,,0,80,,2904,180,,,0,80,,2912,180,,,0,41,,2913,180,,,0,81,,2914,180,,,0,81,,2915,180,,,0,43,,2916,180,,,0,84,,2917,180,,,0,83,,2894,180,,,0,82,,2895,180,,,0,42,,2896,180,,,0,85,,2920,180,,,0,85,,2898,180,,,0,44,,2899,180,,,0,86,,2900,180,,,0,85,,2901,180,,,0,82,,2902,180,,,0,43,,2903,180,,,0,81,,2905,180,,,0,80,,2906,180,,,0,40,,2907,180,,,0,80,,2908,180,,,0,80,,2909,180,,,0,40,,2910,180,,,0,80,,2911,180,,,0,112,,2919,180,0,6,0
3200,'Samedi-01',530,,635,60,,,0,181,,641,180,,,0,37,,636,180,,,0,160,,644,180,,,0,123,,645,180,,,0,124,,646,180,,,0,164,,637,180,,,0,124,,648,180,,,0,164,,638,180,,,0,128,,639,180,,,0,120,,640,180,,,0,276,,642,180,,,0,216,,643,180,,,0,207,,647,180,0,6,0
3200,'Semaine-01',626,,674,180,,,0,80,,649,180,,,0,39,,677,180,,,0,80,,660,180,,,0,80,,668,180,,,0,41,,669,180,,,0,81,,670,180,,,0,81,,671,180,,,0,43,,672,180,,,0,84,,673,180,,,0,83,,650,180,,,0,82,,651,180,,,0,42,,652,180,,,0,85,,676,180,,,0,85,,654,180,,,0,44,,655,180,,,0,86,,656,180,,,0,85,,657,180,,,0,82,,658,180,,,0,43,,659,180,,,0,81,,661,180,,,0,80,,662,180,,,0,40,,663,180,,,0,80,,664,180,,,0,80,,665,180,,,0,40,,666,180,,,0,80,,667,180,,,0,112,,675,180,0,6,0
