2501,'Semaine-01',1603,,355,250,,,0,40,,356,250,,,0,74,,357,250,,,0,39,,358,250,,,0,80,,359,250,,,0,68,,360,250,,,0
2501,'Semaine-02',1603,,2899,250,,,0,40,,2900,250,,,0,74,,2901,250,,,0,39,,2902,250,,,0,75,,2903,250,,,0,73,,2904,250,,,0
2501,'Semaine-03',1603,,2905,250,,,0,40,,2906,250,,,0,74,,2907,250,,,0,39,,2908,250,,,0,80,,2909,250,,,0,68,,2910,250,,,0
2600,'Semaine-01',502,,364,50,,,0
2600,'Semaine-02',502,,2912,50,,,0
2600,'Semaine-03',502,,2914,50,,,0
2000002500,'Dimanche-01',529,,1991,80,,,0,87,,1993,130,,,0,38,,1994,130,,,0,75,,1995,130,,,0,28,,1996,130,,,0,74,,1997,130,,,0,78,,1998,130,,,0,37,,1999,130,,,0,76,,2000,130,,,0,32,,2001,130,,,0,85,,2002,130,,,0,85,,2003,130,,,0,95,,2004,130,,,0,23,,2005,130,,,0,62,,2006,130,,,0,45,,2007,130,,,0,80,,2008,130,,,0,80,,2009,130,,,0,40,,2010,130,,,0,75,,2011,130,,,0,81,,2012,130,,,0,39,,2013,130,,,0,80,,2014,130,,,0,30,,2015,130,,,0,75,,2016,130,,,0,75,,2017,130,,,0,35,,2018,130,,,0,75,,2019,130,,,0,35,,2020,130,,,0,70,,2021,130,,,0,35,,2022,130,,,0,75,,2023,130,,,0,76,,2024,130,,,0,102,,1992,130,,,0
2000002500,'Fête-1-01',516,,4047,80,,,0,26,,4016,130,,,0,76,,4032,130,,,0,83,,4017,130,,,0,27,,4033,130,,,0,77,,4018,130,,,0,40,,4034,130,,,0,80,,4019,130,,,0,30,,4035,130,,,0,80,,4020,130,,,0,80,,4036,130,,,0,37,,4021,130,,,0,70,,4015,130,,,0,33,,4022,130,,,0,81,,4037,130,,,0,78,,4023,130,,,0,86,,4038,130,,,0,45,,4024,130,,,0,79,,4039,130,,,0,31,,4025,130,,,0,74,,4040,130,,,0,84,,4026,130,,,0,40,,4041,130,,,0,84,,4027,130,,,0,80,,4042,130,,,0,90,,4028,130,,,0,41,,4043,130,,,0,76,,4029,130,,,0,76,,4044,130,,,0,32,,4030,130,,,0,72,,4045,130,,,0,111,,4031,130,,,0,96,,4046,130,,,0
2000002500,'Samedi-01',516,,2121,80,,,0,26,,2090,130,,,0,76,,2106,130,,,0,83,,2091,130,,,0,27,,2107,130,,,0,77,,2092,130,,,0,40,,2108,130,,,0,80,,2093,130,,,0,30,,2109,130,,,0,80,,2094,130,,,0,80,,2110,130,,,0,37,,2095,130,,,0,70,,2089,130,,,0,33,,2096,130,,,0,81,,2111,130,,,0,78,,2097,130,,,0,86,,2112,130,,,0,45,,2098,130,,,0,79,,2113,130,,,0,31,,2099,130,,,0,74,,2114,130,,,0,84,,2100,130,,,0,40,,2115,130,,,0,84,,2101,130,,,0,80,,2116,130,,,0,90,,2102,130,,,0,41,,2117,130,,,0,76,,2103,130,,,0,76,,2118,130,,,0,32,,2104,130,,,0,72,,2119,130,,,0,111,,2105,130,,,0,96,,2120,130,,,0
2000002500,'Semaine-01',549,,2123,80,,,0,76,,2124,130,,,0,80,,2125,130,,,0,40,,2122,130,,,0,80,,2126,130,,,0,80,,2127,130,,,0,40,,2128,130,,,0,80,,2129,130,,,0,81,,2130,130,,,0,42,,2131,130,,,0,83,,2132,130,,,0,83,,2133,130,,,0,43,,2134,130,,,0,82,,2135,130,,,0,82,,2136,130,,,0,85,,2137,130,,,0,45,,2138,130,,,0,86,,2139,130,,,0,85,,2140,130,,,0,85,,2141,130,,,0,42,,2142,130,,,0,82,,2143,130,,,0,79,,2144,130,,,0,40,,2145,130,,,0,80,,2146,130,,,0,80,,2147,130,,,0,40,,2148,130,,,0,80,,2149,130,,,0,20,,2150,130,,,0,70,,2151,130,,,0,82,,2152,130,,,0
2000002500,'Semaine-02',549,,4049,80,,,0,76,,4050,130,,,0,80,,4051,130,,,0,40,,4048,130,,,0,80,,4052,130,,,0,80,,4053,130,,,0,40,,4054,130,,,0,80,,4055,130,,,0,81,,4056,130,,,0,42,,4057,130,,,0,83,,4058,130,,,0,83,,4059,130,,,0,43,,4060,130,,,0,82,,4061,130,,,0,82,,4062,130,,,0,85,,4063,130,,,0,45,,4064,130,,,0,86,,4065,130,,,0,85,,4066,130,,,0,85,,4067,130,,,0,42,,4068,130,,,0,82,,4069,130,,,0,79,,4070,130,,,0,40,,4071,130,,,0,80,,4072,130,,,0,80,,4073,130,,,0,40,,4074,130,,,0,80,,4075,130,,,0,20,,4076,130,,,0,70,,4077,130,,,0,82,,4078,130,,,0
2000002500,'Semaine-03',549,,4080,80,,,0,76,,4081,130,,,0,80,,4082,130,,,0,40,,4079,130,,,0,80,,4083,130,,,0,80,,4084,130,,,0,40,,4085,130,,,0,80,,4086,130,,,0,81,,4087,130,,,0,42,,4088,130,,,0,83,,4089,130,,,0,83,,4090,130,,,0,43,,4091,130,,,0,82,,4092,130,,,0,82,,4093,130,,,0,85,,4094,130,,,0,45,,4095,130,,,0,86,,4096,130,,,0,85,,4097,130,,,0,85,,4098,130,,,0,42,,4099,130,,,0,82,,4100,130,,,0,79,,4101,130,,,0,40,,4102,130,,,0,80,,4103,130,,,0,80,,4104,130,,,0,40,,4105,130,,,0,80,,4106,130,,,0,20,,4107,130,,,0,70,,4108,130,,,0,82,,4109,130,,,0
