101,'Dimanche-01',758,,73,510,,,0,246,,74,510,,,0,131,,75,510,,,0,173,,76,510,,,0,127,,77,510,,,0,120,,78,510,,,0,160,,79,510,,,0,120,,80,510,,,0,117,,81,510,,,0,174,,82,510,,,0,114,,83,510,,,0,113,,84,510,,,0
101,'Fête-1-01',758,,2674,510,,,0,246,,2675,510,,,0,131,,2676,510,,,0,173,,2677,510,,,0,127,,2678,510,,,0,120,,2679,510,,,0,160,,2680,510,,,0,120,,2681,510,,,0,117,,2682,510,,,0,174,,2683,510,,,0,114,,2684,510,,,0,113,,2685,510,,,0
101,'Samedi-01',758,,115,510,,,0,246,,116,510,,,0,131,,117,510,,,0,173,,118,510,,,0,127,,119,510,,,0,120,,120,510,,,0,160,,121,510,,,0,120,,122,510,,,0,117,,123,510,,,0,174,,124,510,,,0,114,,125,510,,,0,113,,126,510,,,0
101,'Semaine-01',658,,127,510,,,0,101,,136,510,,,0,70,,138,510,,,0,90,,139,510,,,0,110,,140,510,,,0,105,,141,510,,,0,95,,143,510,,,0,105,,142,510,,,0,106,,144,510,,,0,81,,128,510,,,0,104,,129,510,,,0,96,,130,510,,,0,106,,131,510,,,0,74,,132,510,,,0,103,,133,510,,,0,43,,134,510,,,0,173,,135,510,,,0,134,,137,510,,,0
101,'Semaine-02',653,,2686,510,,,0,101,,2695,510,,,0,70,,2697,510,,,0,100,,2698,510,,,0,105,,2699,510,,,0,95,,2700,510,,,0,100,,2702,510,,,0,100,,2701,510,,,0,111,,2703,510,,,0,86,,2687,510,,,0,109,,2688,510,,,0,91,,2689,510,,,0,106,,2690,510,,,0,29,,2691,510,,,0,69,,2692,510,,,0,108,,2693,510,,,0,182,,2694,510,,,0,189,,2696,510,,,0
101,'Semaine-03',658,,2704,510,,,0,101,,2713,510,,,0,70,,2715,510,,,0,90,,2716,510,,,0,110,,2717,510,,,0,105,,2718,510,,,0,95,,2720,510,,,0,105,,2719,510,,,0,106,,2721,510,,,0,81,,2705,510,,,0,104,,2706,510,,,0,96,,2707,510,,,0,106,,2708,510,,,0,74,,2709,510,,,0,103,,2710,510,,,0,43,,2711,510,,,0,173,,2712,510,,,0,134,,2714,510,,,0
2000,'Dimanche-01',728,,146,700,4,,0,124,,147,700,4,,0,166,,148,700,4,,0,125,,149,700,4,,0,165,,150,700,4,,0,125,,151,700,4,,0,125,,152,700,4,,0,165,,153,700,4,,0
2000,'Fête-1-01',728,,2722,700,4,,0,124,,2723,700,4,,0,166,,2724,700,4,,0,125,,2725,700,4,,0,165,,2726,700,4,,0,125,,2727,700,4,,0,125,,2728,700,4,,0,165,,2729,700,4,,0
2000,'Samedi-01',728,,171,700,4,,0,124,,172,700,4,,0,166,,173,700,4,,0,125,,174,700,4,,0,165,,175,700,4,,0,125,,176,700,4,,0,125,,177,700,4,,0,165,,178,700,4,,0
2000,'Semaine-01',713,,179,690,4,,0,125,,180,690,4,,0,165,,181,690,4,,0,126,,182,690,4,,0,126,,183,690,4,,0,165,,184,690,4,,0,126,,185,690,4,,0,166,,186,690,4,,0,126,,187,690,4,,0
2000,'Semaine-01-0001100',2001,,189,690,4,,0,124,,188,690,4,,0
2000,'Semaine-02',713,,2730,690,4,,0,125,,2731,690,4,,0,165,,2732,690,4,,0,126,,2733,690,4,,0,126,,2734,690,4,,0,165,,2735,690,4,,0,126,,2736,690,4,,0,166,,2737,690,4,,0,126,,2738,690,4,,0
2000,'Semaine-02-0001100',2001,,2740,690,4,,0,124,,2739,690,4,,0
2000,'Semaine-03',713,,2741,690,4,,0,125,,2742,690,4,,0,165,,2743,690,4,,0,126,,2744,690,4,,0,126,,2745,690,4,,0,165,,2746,690,4,,0,126,,2747,690,4,,0,166,,2748,690,4,,0,126,,2749,690,4,,0
2000,'Semaine-03-0001100',2001,,2751,690,4,,0,124,,2750,690,4,,0
2001,'Dimanche-01',730,,190,10,,,0,124,,191,10,,,0,166,,192,10,,,0,125,,193,10,,,0,165,,194,10,,,0,125,,195,10,,,0,165,,196,10,,,0,125,,197,10,,,0
2001,'Fête-1-01',730,,2752,10,,,0,124,,2753,10,,,0,166,,2754,10,,,0,125,,2755,10,,,0,165,,2756,10,,,0,125,,2757,10,,,0,165,,2758,10,,,0,125,,2759,10,,,0
2001,'Samedi-01',730,,215,10,,,0,124,,216,10,,,0,166,,217,10,,,0,125,,218,10,,,0,165,,219,10,,,0,125,,220,10,,,0,165,,221,10,,,0,125,,222,10,,,0
2001,'Semaine-01',715,,223,10,,,0,125,,224,10,,,0,165,,225,10,,,0,126,,226,10,,,0,126,,227,10,,,0,165,,228,10,,,0,126,,229,10,,,0,166,,230,10,,,0,126,,231,10,,,0
2001,'Semaine-01-0001100',2003,,233,10,,,0,124,,232,10,,,0
2001,'Semaine-02',715,,2760,10,,,0,125,,2761,10,,,0,165,,2762,10,,,0,126,,2763,10,,,0,126,,2764,10,,,0,165,,2765,10,,,0,126,,2766,10,,,0,166,,2767,10,,,0,126,,2768,10,,,0
2001,'Semaine-02-0001100',2003,,2770,10,,,0,124,,2769,10,,,0
2001,'Semaine-03',715,,2771,10,,,0,125,,2772,10,,,0,165,,2773,10,,,0,126,,2774,10,,,0,126,,2775,10,,,0,165,,2776,10,,,0,126,,2777,10,,,0,166,,2778,10,,,0,126,,2779,10,,,0
2001,'Semaine-03-0001100',2003,,2781,10,,,0,124,,2780,10,,,0
2801,'Semaine-01',1710,,443,400,0,7,0,39,,442,400,,,0,68,,444,400,0,7,0
2801,'Semaine-02',1655,,2980,400,0,7,0,99,,2979,400,,,0,67,,2981,400,0,7,0
2801,'Semaine-03',1710,,2994,400,0,7,0,39,,2993,400,,,0,68,,2995,400,0,7,0
2000001900,'Dimanche-01',546,,1174,60,4,,0,170,,1175,60,4,,0,130,,1176,60,4,,0,170,,1177,60,4,,0,130,,1178,60,4,,0,170,,1179,60,4,,0,130,,1180,60,4,,0,170,,1181,60,4,,0,130,,1182,60,4,,0,170,,1183,60,4,,0,130,,1184,60,4,,0,170,,1185,60,4,,0
2000001900,'Fête-1-01',546,,3514,60,4,,0,170,,3515,60,4,,0,130,,3516,60,4,,0,170,,3517,60,4,,0,130,,3518,60,4,,0,170,,3519,60,4,,0,130,,3520,60,4,,0,170,,3521,60,4,,0,130,,3522,60,4,,0,170,,3523,60,4,,0,130,,3524,60,4,,0,170,,3525,60,4,,0
2000001900,'Samedi-01',546,,1216,60,4,,0,170,,1217,60,4,,0,130,,1218,60,4,,0,170,,1219,60,4,,0,130,,1220,60,4,,0,170,,1221,60,4,,0,130,,1222,60,4,,0,170,,1223,60,4,,0,130,,1224,60,4,,0,170,,1225,60,4,,0,130,,1226,60,4,,0,170,,1227,60,4,,0
2000001900,'Semaine-01',451,,1228,60,4,,0,100,,1229,60,4,,0,70,,1230,60,4,,0,100,,1231,60,4,,0,100,,1232,60,4,,0,100,,1233,60,4,,0,96,,1234,60,4,,0,100,,1235,60,4,,0,100,,1236,60,4,,0,100,,1237,60,4,,0,100,,1238,60,4,,0,100,,1239,60,4,,0,100,,1240,60,4,,0,34,,1241,60,4,,0,100,,1242,60,4,,0,96,,1243,60,4,,0,165,,1244,60,4,,0,189,,1245,60,4,,0
2000001900,'Semaine-02',451,,3526,60,4,,0,100,,3527,60,4,,0,70,,3528,60,4,,0,100,,3529,60,4,,0,100,,3530,60,4,,0,100,,3531,60,4,,0,96,,3532,60,4,,0,100,,3533,60,4,,0,100,,3534,60,4,,0,100,,3535,60,4,,0,100,,3536,60,4,,0,100,,3537,60,4,,0,100,,3538,60,4,,0,34,,3539,60,4,,0,100,,3540,60,4,,0,96,,3541,60,4,,0,165,,3542,60,4,,0,189,,3543,60,4,,0
2000001900,'Semaine-03',451,,3544,60,4,,0,100,,3545,60,4,,0,70,,3546,60,4,,0,100,,3547,60,4,,0,100,,3548,60,4,,0,100,,3549,60,4,,0,96,,3550,60,4,,0,100,,3551,60,4,,0,100,,3552,60,4,,0,100,,3553,60,4,,0,100,,3554,60,4,,0,100,,3555,60,4,,0,100,,3556,60,4,,0,34,,3557,60,4,,0,100,,3558,60,4,,0,96,,3559,60,4,,0,165,,3560,60,4,,0,189,,3561,60,4,,0
