2000002300,'Dimanche-01',549,,1719,30,,,0,79,,1721,30,,,0,74,,1722,30,,,0,101,,1723,30,,,0,41,,1724,30,,,0,75,,1725,30,,,0,107,,1726,30,,,0,97,,1727,30,,,0,95,,1728,30,,,0,82,,1729,30,,,0,37,,1730,30,,,0,83,,1731,30,,,0,39,,1732,30,,,0,82,,1733,30,,,0,78,,1734,30,,,0,40,,1735,30,,,0,79,,1736,30,,,0,82,,1737,30,,,0,36,,1738,30,,,0,146,,1739,30,,,0,109,,1740,30,,,0,112,,1741,30,,,0,104,,1742,30,,,0,111,,1743,30,,,0,102,,1720,30,,,0
2000002300,'Fête-1-01',551,,3847,30,,,0,83,,3849,30,,,0,81,,3850,30,,,0,35,,3851,30,,,0,87,,3852,30,,,0,84,,3853,30,,,0,81,,3854,30,,,0,53,,3855,30,,,0,90,,3856,30,,,0,85,,3857,30,,,0,79,,3858,30,,,0,41,,3859,30,,,0,83,,3860,30,,,0,85,,3861,30,,,0,39,,3862,30,,,0,85,,3863,30,,,0,83,,3864,30,,,0,80,,3865,30,,,0,40,,3866,30,,,0,85,,3867,30,,,0,87,,3868,30,,,0,104,,3869,30,,,0,80,,3870,30,,,0,32,,3871,30,,,0,104,,3872,30,,,0,111,,3873,30,,,0,96,,3848,30,,,0
2000002300,'Samedi-01',551,,1799,30,,,0,83,,1801,30,,,0,81,,1802,30,,,0,35,,1803,30,,,0,87,,1804,30,,,0,84,,1805,30,,,0,81,,1806,30,,,0,53,,1807,30,,,0,90,,1808,30,,,0,85,,1809,30,,,0,79,,1810,30,,,0,41,,1811,30,,,0,83,,1812,30,,,0,85,,1813,30,,,0,39,,1814,30,,,0,85,,1815,30,,,0,83,,1816,30,,,0,80,,1817,30,,,0,40,,1818,30,,,0,85,,1819,30,,,0,87,,1820,30,,,0,104,,1821,30,,,0,80,,1822,30,,,0,32,,1823,30,,,0,104,,1824,30,,,0,111,,1825,30,,,0,96,,1800,30,,,0
2000002300,'Semaine-01',558,,1826,30,,,0,80,,1827,30,,,0,80,,1851,30,,,0,41,,1852,30,,,0,79,,1828,30,,,0,80,,1850,30,,,0,40,,1848,30,,,0,81,,1847,30,,,0,82,,1849,30,,,0,83,,1846,30,,,0,43,,1843,30,,,0,83,,1845,30,,,0,82,,1844,30,,,0,42,,1842,30,,,0,85,,1841,30,,,0,85,,1840,30,,,0,86,,1839,30,,,0,45,,1838,30,,,0,85,,1837,30,,,0,82,,1836,30,,,0,82,,1835,30,,,0,39,,1834,30,,,0,80,,1833,30,,,0,80,,1832,30,,,0,40,,1831,30,,,0,80,,1830,30,,,0,80,,1829,30,,,0,121,,1853,30,,,0
2000002300,'Semaine-02',558,,3874,30,,,0,80,,3875,30,,,0,80,,3899,30,,,0,41,,3900,30,,,0,79,,3876,30,,,0,80,,3898,30,,,0,40,,3896,30,,,0,81,,3895,30,,,0,82,,3897,30,,,0,83,,3894,30,,,0,43,,3891,30,,,0,83,,3893,30,,,0,82,,3892,30,,,0,42,,3890,30,,,0,85,,3889,30,,,0,85,,3888,30,,,0,86,,3887,30,,,0,45,,3886,30,,,0,85,,3885,30,,,0,82,,3884,30,,,0,82,,3883,30,,,0,39,,3882,30,,,0,80,,3881,30,,,0,80,,3880,30,,,0,40,,3879,30,,,0,80,,3878,30,,,0,80,,3877,30,,,0,121,,3901,30,,,0
2000002300,'Semaine-03',558,,3902,30,,,0,80,,3903,30,,,0,80,,3927,30,,,0,41,,3928,30,,,0,79,,3904,30,,,0,80,,3926,30,,,0,40,,3924,30,,,0,81,,3923,30,,,0,82,,3925,30,,,0,83,,3922,30,,,0,43,,3919,30,,,0,83,,3921,30,,,0,82,,3920,30,,,0,42,,3918,30,,,0,85,,3917,30,,,0,85,,3916,30,,,0,86,,3915,30,,,0,45,,3914,30,,,0,85,,3913,30,,,0,82,,3912,30,,,0,82,,3911,30,,,0,39,,3910,30,,,0,80,,3909,30,,,0,80,,3908,30,,,0,40,,3907,30,,,0,80,,3906,30,,,0,80,,3905,30,,,0,121,,3929,30,,,0
2000002301,'Dimanche-01',611,,1854,30,,,0,34,,1864,30,,,0,80,,1859,30,,,0,101,,1869,30,,,0,76,,1865,30,,,0,40,,1858,30,,,0,107,,1860,30,,,0,97,,1861,30,,,0,95,,1868,30,,,0,75,,1862,30,,,0,84,,1857,30,,,0,38,,1870,30,,,0,84,,1863,30,,,0,37,,1867,30,,,0,83,,1866,30,,,0,79,,1856,30,,,0,80,,1871,30,,,0,37,,1872,30,,,0,81,,1877,30,,,0,106,,1874,30,,,0,109,,1873,30,,,0,112,,1878,30,,,0,104,,1876,30,,,0,151,,1875,30,,,0,102,,1855,30,,,0
2000002301,'Fête-1-01',614,,3930,30,,,0,43,,3940,30,,,0,76,,3935,30,,,0,75,,3946,30,,,0,92,,3941,30,,,0,40,,3934,30,,,0,85,,3943,30,,,0,88,,3936,30,,,0,95,,3937,30,,,0,40,,3945,30,,,0,84,,3938,30,,,0,76,,3933,30,,,0,48,,3947,30,,,0,80,,3939,30,,,0,84,,3944,30,,,0,80,,3942,30,,,0,48,,3932,30,,,0,75,,3948,30,,,0,85,,3949,30,,,0,40,,3954,30,,,0,92,,3951,30,,,0,104,,3950,30,,,0,72,,3955,30,,,0,40,,3956,30,,,0,144,,3953,30,,,0,111,,3952,30,,,0,96,,3931,30,,,0
2000002301,'Samedi-01',614,,1935,30,,,0,43,,1945,30,,,0,76,,1940,30,,,0,75,,1951,30,,,0,92,,1946,30,,,0,40,,1939,30,,,0,85,,1948,30,,,0,88,,1941,30,,,0,95,,1942,30,,,0,40,,1950,30,,,0,84,,1943,30,,,0,76,,1938,30,,,0,48,,1952,30,,,0,80,,1944,30,,,0,84,,1949,30,,,0,80,,1947,30,,,0,48,,1937,30,,,0,75,,1953,30,,,0,85,,1954,30,,,0,40,,1959,30,,,0,92,,1956,30,,,0,104,,1955,30,,,0,72,,1960,30,,,0,40,,1961,30,,,0,144,,1958,30,,,0,111,,1957,30,,,0,96,,1936,30,,,0
2000002301,'Semaine-01',621,,1990,30,,,0,80,,1987,30,,,0,40,,1988,30,,,0,80,,1989,30,,,0,80,,1985,30,,,0,40,,1986,30,,,0,80,,1983,30,,,0,81,,1982,30,,,0,42,,1984,30,,,0,83,,1980,30,,,0,83,,1977,30,,,0,43,,1981,30,,,0,82,,1979,30,,,0,82,,1978,30,,,0,85,,1976,30,,,0,45,,1975,30,,,0,86,,1974,30,,,0,85,,1973,30,,,0,85,,1972,30,,,0,42,,1971,30,,,0,82,,1970,30,,,0,79,,1969,30,,,0,40,,1968,30,,,0,80,,1967,30,,,0,80,,1966,30,,,0,40,,1965,30,,,0,80,,1964,30,,,0,74,,1963,30,,,0,58,,1962,30,,,0
2000002301,'Semaine-02',621,,3985,30,,,0,80,,3982,30,,,0,40,,3983,30,,,0,80,,3984,30,,,0,80,,3980,30,,,0,40,,3981,30,,,0,80,,3978,30,,,0,81,,3977,30,,,0,42,,3979,30,,,0,83,,3975,30,,,0,83,,3972,30,,,0,43,,3976,30,,,0,82,,3974,30,,,0,82,,3973,30,,,0,85,,3971,30,,,0,45,,3970,30,,,0,86,,3969,30,,,0,85,,3968,30,,,0,85,,3967,30,,,0,42,,3966,30,,,0,82,,3965,30,,,0,79,,3964,30,,,0,40,,3963,30,,,0,80,,3962,30,,,0,80,,3961,30,,,0,40,,3960,30,,,0,80,,3959,30,,,0,74,,3958,30,,,0,58,,3957,30,,,0
2000002301,'Semaine-03',621,,4014,30,,,0,80,,4011,30,,,0,40,,4012,30,,,0,80,,4013,30,,,0,80,,4009,30,,,0,40,,4010,30,,,0,80,,4007,30,,,0,81,,4006,30,,,0,42,,4008,30,,,0,83,,4004,30,,,0,83,,4001,30,,,0,43,,4005,30,,,0,82,,4003,30,,,0,82,,4002,30,,,0,85,,4000,30,,,0,45,,3999,30,,,0,86,,3998,30,,,0,85,,3997,30,,,0,85,,3996,30,,,0,42,,3995,30,,,0,82,,3994,30,,,0,79,,3993,30,,,0,40,,3992,30,,,0,80,,3991,30,,,0,80,,3990,30,,,0,40,,3989,30,,,0,80,,3988,30,,,0,74,,3987,30,,,0,58,,3986,30,,,0
