2400,'Fête-2-02',620,,317,20,,,0,39,,318,20,,,0,80,,320,20,,,0,80,,321,20,,,0,40,,319,20,,,0
2400,'Semaine-01',558,,322,20,,,0,62,,323,20,,,0,33,,324,20,,,0,92,,326,20,,,0,74,,327,20,,,0,40,,325,20,,,0
2501,'Fête-2-02',1615,,349,360,,,0,40,,350,360,,,0,74,,351,360,,,0,79,,352,360,,,0,40,,353,360,,,0,68,,354,360,,,0
2501,'Semaine-01',1615,,355,360,,,0,40,,356,360,,,0,74,,357,360,,,0,79,,358,360,,,0,40,,359,360,,,0,68,,360,360,,,0
2600,'Fête-2-02',449,,361,70,,,0
2600,'Semaine-01',449,,363,70,,,0
2000002500,'Dimanche-01',540,,1991,210,,,0,87,,1993,260,,,0,78,,1994,260,,,0,35,,1995,260,,,0,68,,1996,260,,,0,34,,1997,260,,,0,78,,1998,260,,,0,37,,1999,260,,,0,76,,2000,260,,,0,72,,2001,260,,,0,45,,2002,260,,,0,85,,2003,260,,,0,95,,2004,260,,,0,23,,2005,260,,,0,62,,2006,260,,,0,85,,2007,260,,,0,40,,2008,260,,,0,80,,2009,260,,,0,80,,2010,260,,,0,35,,2011,260,,,0,81,,2012,260,,,0,39,,2013,260,,,0,80,,2014,260,,,0,70,,2015,260,,,0,35,,2016,260,,,0,75,,2017,260,,,0,35,,2018,260,,,0,75,,2019,260,,,0,75,,2020,260,,,0,30,,2021,260,,,0,75,,2022,260,,,0,35,,2023,260,,,0,76,,2024,260,,,0
2000002500,'Fête-1-01',527,,2057,210,,,0,26,,2026,260,,,0,76,,2042,260,,,0,83,,2027,260,,,0,27,,2043,260,,,0,77,,2028,260,,,0,40,,2044,260,,,0,80,,2029,260,,,0,70,,2045,260,,,0,40,,2030,260,,,0,80,,2046,260,,,0,77,,2031,260,,,0,30,,2025,260,,,0,73,,2032,260,,,0,41,,2047,260,,,0,78,,2033,260,,,0,86,,2048,260,,,0,45,,2034,260,,,0,79,,2049,260,,,0,71,,2035,260,,,0,34,,2050,260,,,0,84,,2036,260,,,0,80,,2051,260,,,0,44,,2037,260,,,0,80,,2052,260,,,0,90,,2038,260,,,0,41,,2053,260,,,0,76,,2039,260,,,0,76,,2054,260,,,0,32,,2040,260,,,0,72,,2055,260,,,0,111,,2041,260,,,0
2000002500,'Fête-2-02',600,,2059,210,,,0,36,,2060,260,,,0,80,,2061,260,,,0,40,,2058,260,,,0,80,,2062,260,,,0,80,,2063,260,,,0,40,,2064,260,,,0,80,,2065,260,,,0,81,,2066,260,,,0,42,,2067,260,,,0,83,,2068,260,,,0,83,,2069,260,,,0,83,,2070,260,,,0,42,,2071,260,,,0,82,,2072,260,,,0,85,,2073,260,,,0,85,,2074,260,,,0,46,,2075,260,,,0,85,,2076,260,,,0,85,,2077,260,,,0,82,,2078,260,,,0,42,,2079,260,,,0,79,,2080,260,,,0,80,,2081,260,,,0,40,,2082,260,,,0,80,,2083,260,,,0,80,,2084,260,,,0,40,,2085,260,,,0,60,,2086,260,,,0,30,,2087,260,,,0,82,,2088,260,,,0
2000002500,'Samedi-01',527,,2121,210,,,0,26,,2090,260,,,0,76,,2106,260,,,0,83,,2091,260,,,0,27,,2107,260,,,0,77,,2092,260,,,0,40,,2108,260,,,0,80,,2093,260,,,0,70,,2109,260,,,0,40,,2094,260,,,0,80,,2110,260,,,0,77,,2095,260,,,0,30,,2089,260,,,0,73,,2096,260,,,0,41,,2111,260,,,0,78,,2097,260,,,0,86,,2112,260,,,0,45,,2098,260,,,0,79,,2113,260,,,0,71,,2099,260,,,0,34,,2114,260,,,0,84,,2100,260,,,0,80,,2115,260,,,0,44,,2101,260,,,0,80,,2116,260,,,0,90,,2102,260,,,0,41,,2117,260,,,0,76,,2103,260,,,0,76,,2118,260,,,0,32,,2104,260,,,0,72,,2119,260,,,0,111,,2105,260,,,0
2000002500,'Semaine-01',600,,2123,210,,,0,36,,2124,260,,,0,80,,2125,260,,,0,40,,2122,260,,,0,80,,2126,260,,,0,80,,2127,260,,,0,40,,2128,260,,,0,80,,2129,260,,,0,81,,2130,260,,,0,42,,2131,260,,,0,83,,2132,260,,,0,83,,2133,260,,,0,83,,2134,260,,,0,42,,2135,260,,,0,82,,2136,260,,,0,85,,2137,260,,,0,85,,2138,260,,,0,46,,2139,260,,,0,85,,2140,260,,,0,85,,2141,260,,,0,82,,2142,260,,,0,42,,2143,260,,,0,79,,2144,260,,,0,80,,2145,260,,,0,40,,2146,260,,,0,80,,2147,260,,,0,80,,2148,260,,,0,40,,2149,260,,,0,60,,2150,260,,,0,30,,2151,260,,,0,82,,2152,260,,,0
