101,'Dimanche-01',802,,73,620,,,0,206,,74,620,,,0,131,,75,620,,,0,173,,76,620,,,0,127,,77,620,,,0,120,,78,620,,,0,160,,79,620,,,0,120,,80,620,,,0,117,,81,620,,,0,174,,82,620,,,0,114,,83,620,,,0,113,,84,620,,,0
101,'Fête-1-01',802,,2674,620,,,0,206,,2675,620,,,0,131,,2676,620,,,0,173,,2677,620,,,0,127,,2678,620,,,0,120,,2679,620,,,0,160,,2680,620,,,0,120,,2681,620,,,0,117,,2682,620,,,0,174,,2683,620,,,0,114,,2684,620,,,0,113,,2685,620,,,0
101,'Samedi-01',802,,115,620,,,0,206,,116,620,,,0,131,,117,620,,,0,173,,118,620,,,0,127,,119,620,,,0,120,,120,620,,,0,160,,121,620,,,0,120,,122,620,,,0,117,,123,620,,,0,174,,124,620,,,0,114,,125,620,,,0,113,,126,620,,,0
101,'Semaine-01',702,,127,620,,,0,101,,136,620,,,0,30,,138,620,,,0,90,,139,620,,,0,110,,140,620,,,0,105,,141,620,,,0,95,,143,620,,,0,105,,142,620,,,0,106,,144,620,,,0,81,,128,620,,,0,105,,129,620,,,0,96,,130,620,,,0,105,,131,620,,,0,74,,132,620,,,0,103,,133,620,,,0,43,,134,620,,,0,173,,135,620,,,0,134,,137,620,,,0
101,'Semaine-02',657,,2686,620,,,0,101,,2695,620,,,0,70,,2697,620,,,0,100,,2698,620,,,0,105,,2699,620,,,0,95,,2700,620,,,0,100,,2702,620,,,0,100,,2701,620,,,0,111,,2703,620,,,0,86,,2687,620,,,0,110,,2688,620,,,0,91,,2689,620,,,0,105,,2690,620,,,0,69,,2691,620,,,0,29,,2692,620,,,0,108,,2693,620,,,0,182,,2694,620,,,0,189,,2696,620,,,0
101,'Semaine-03',702,,2704,620,,,0,101,,2713,620,,,0,30,,2715,620,,,0,90,,2716,620,,,0,110,,2717,620,,,0,105,,2718,620,,,0,95,,2720,620,,,0,105,,2719,620,,,0,106,,2721,620,,,0,81,,2705,620,,,0,105,,2706,620,,,0,96,,2707,620,,,0,105,,2708,620,,,0,74,,2709,620,,,0,103,,2710,620,,,0,43,,2711,620,,,0,173,,2712,620,,,0,134,,2714,620,,,0
2001,'Dimanche-01',745,,190,360,,,0,164,,191,360,,,0,126,,192,360,,,0,165,,193,360,,,0,125,,194,360,,,0,126,,195,360,,,0,165,,196,360,,,0,125,,197,360,,,0
2001,'Fête-1-01',745,,2752,360,,,0,164,,2753,360,,,0,126,,2754,360,,,0,165,,2755,360,,,0,125,,2756,360,,,0,126,,2757,360,,,0,165,,2758,360,,,0,125,,2759,360,,,0
2001,'Samedi-01',745,,215,360,,,0,164,,216,360,,,0,126,,217,360,,,0,165,,218,360,,,0,125,,219,360,,,0,126,,220,360,,,0,165,,221,360,,,0,125,,222,360,,,0
2001,'Semaine-01',731,,223,360,,,0,126,,224,360,,,0,164,,225,360,,,0,126,,226,360,,,0,166,,227,360,,,0,125,,228,360,,,0,166,,229,360,,,0,126,,230,360,,,0,125,,231,360,,,0
2001,'Semaine-01-0001100',2018,,233,360,,,0,124,,232,360,,,0
2001,'Semaine-02',731,,2760,360,,,0,126,,2761,360,,,0,164,,2762,360,,,0,126,,2763,360,,,0,166,,2764,360,,,0,125,,2765,360,,,0,166,,2766,360,,,0,126,,2767,360,,,0,125,,2768,360,,,0
2001,'Semaine-02-0001100',2018,,2770,360,,,0,124,,2769,360,,,0
2001,'Semaine-03',731,,2771,360,,,0,126,,2772,360,,,0,164,,2773,360,,,0,126,,2774,360,,,0,166,,2775,360,,,0,125,,2776,360,,,0,166,,2777,360,,,0,126,,2778,360,,,0,125,,2779,360,,,0
2001,'Semaine-03-0001100',2018,,2781,360,,,0,124,,2780,360,,,0
