2000001900,'Dimanche-01',539,,1174,20,0,19,0,170,,1175,20,0,19,0,130,,1176,20,0,19,0,170,,1177,20,0,19,0,130,,1178,20,0,19,0,170,,1179,20,0,19,0,130,,1180,20,0,19,0,170,,1181,20,0,19,0,130,,1182,20,0,19,0,170,,1183,20,0,19,0,130,,1184,20,0,19,0,170,,1185,20,0,19,0
2000001900,'Fête-1-03',539,,3123,20,0,19,0,170,,3124,20,0,19,0,130,,3125,20,0,19,0,170,,3126,20,0,19,0,130,,3127,20,0,19,0,170,,3128,20,0,19,0,130,,3129,20,0,19,0,170,,3130,20,0,19,0,130,,3131,20,0,19,0,170,,3132,20,0,19,0,130,,3133,20,0,19,0,170,,3134,20,0,19,0
2000001900,'Fête-2-01',444,,3135,20,0,19,0,100,,3136,20,0,19,0,70,,3137,20,0,19,0,100,,3138,20,0,19,0,100,,3139,20,0,19,0,100,,3140,20,0,19,0,96,,3141,20,0,19,0,100,,3142,20,0,19,0,100,,3143,20,0,19,0,100,,3144,20,0,19,0,100,,3145,20,0,19,0,100,,3146,20,0,19,0,100,,3147,20,0,19,0,34,,3148,20,0,19,0,100,,3149,20,0,19,0,96,,3150,20,0,19,0,165,,3151,20,0,19,0,149,,3152,20,0,19,0
2000001900,'Samedi-01',539,,1216,20,0,19,0,170,,1217,20,0,19,0,130,,1218,20,0,19,0,170,,1219,20,0,19,0,130,,1220,20,0,19,0,170,,1221,20,0,19,0,130,,1222,20,0,19,0,170,,1223,20,0,19,0,130,,1224,20,0,19,0,170,,1225,20,0,19,0,130,,1226,20,0,19,0,170,,1227,20,0,19,0
2000001900,'Semaine-01',444,,1228,20,0,19,0,100,,1229,20,0,19,0,70,,1230,20,0,19,0,100,,1231,20,0,19,0,100,,1232,20,0,19,0,100,,1233,20,0,19,0,96,,1234,20,0,19,0,100,,1235,20,0,19,0,100,,1236,20,0,19,0,100,,1237,20,0,19,0,100,,1238,20,0,19,0,100,,1239,20,0,19,0,100,,1240,20,0,19,0,34,,1241,20,0,19,0,100,,1242,20,0,19,0,96,,1243,20,0,19,0,165,,1244,20,0,19,0,149,,1245,20,0,19,0
2000001901,'Dimanche-01',744,,1246,60,0,19,0,170,,1247,60,0,19,0,131,,1248,60,0,19,0,171,,1249,60,0,19,0,130,,1250,60,0,19,0,170,,1251,60,0,19,0,130,,1252,60,0,19,0,170,,1253,60,0,19,0,129,,1254,60,0,19,0,170,,1255,60,0,19,0,130,,1256,60,0,19,0,170,,1257,60,0,19,0
2000001901,'Fête-1-03',744,,3153,60,0,19,0,170,,3154,60,0,19,0,131,,3155,60,0,19,0,171,,3156,60,0,19,0,130,,3157,60,0,19,0,170,,3158,60,0,19,0,130,,3159,60,0,19,0,170,,3160,60,0,19,0,129,,3161,60,0,19,0,170,,3162,60,0,19,0,130,,3163,60,0,19,0,170,,3164,60,0,19,0
2000001901,'Fête-2-01',700,,3165,60,0,19,0,100,,3166,60,0,19,0,30,,3167,60,0,19,0,101,,3168,60,0,19,0,100,,3169,60,0,19,0,95,,3170,60,0,19,0,100,,3171,60,0,19,0,100,,3172,60,0,19,0,100,,3173,60,0,19,0,100,,3174,60,0,19,0,103,,3175,60,0,19,0,101,,3176,60,0,19,0,100,,3177,60,0,19,0,70,,3178,60,0,19,0,56,,3179,60,0,19,0,99,,3180,60,0,19,0,160,,3181,60,0,19,0,139,,3182,60,0,19,0
2000001901,'Samedi-01',744,,1288,60,0,19,0,170,,1289,60,0,19,0,131,,1290,60,0,19,0,171,,1291,60,0,19,0,130,,1292,60,0,19,0,170,,1293,60,0,19,0,130,,1294,60,0,19,0,170,,1295,60,0,19,0,129,,1296,60,0,19,0,170,,1297,60,0,19,0,130,,1298,60,0,19,0,170,,1299,60,0,19,0
2000001901,'Semaine-01',700,,1300,60,0,19,0,100,,1301,60,0,19,0,30,,1302,60,0,19,0,101,,1303,60,0,19,0,100,,1304,60,0,19,0,95,,1305,60,0,19,0,100,,1306,60,0,19,0,100,,1307,60,0,19,0,100,,1308,60,0,19,0,100,,1309,60,0,19,0,103,,1310,60,0,19,0,101,,1311,60,0,19,0,100,,1312,60,0,19,0,70,,1313,60,0,19,0,56,,1314,60,0,19,0,99,,1315,60,0,19,0,160,,1316,60,0,19,0,139,,1317,60,0,19,0
