2400,'Semaine-01',610,,322,220,,,0,22,,323,220,,,0,74,,324,220,,,0,52,,326,220,,,0,74,,327,220,,,0,80,,325,220,,,0
2400,'Semaine-02',554,,2866,220,,,0,78,,2867,220,,,0,81,,2868,220,,,0,42,,2869,220,,,0,82,,2870,220,,,0
2400,'Semaine-03',610,,2871,220,,,0,22,,2872,220,,,0,74,,2873,220,,,0,52,,2875,220,,,0,74,,2876,220,,,0,80,,2874,220,,,0
2500,'Semaine-01',600,,346,260,,,0,34,,343,280,,,0,21,,347,260,,,0,69,,344,280,,,0,26,,348,260,,,0,69,,345,280,,,0
2500,'Semaine-02',600,,2890,260,,,0,34,,2887,280,,,0,21,,2891,260,,,0,72,,2888,280,,,0,23,,2892,260,,,0,69,,2889,280,,,0
2500,'Semaine-03',600,,2896,260,,,0,34,,2893,280,,,0,21,,2897,260,,,0,69,,2894,280,,,0,26,,2898,260,,,0,69,,2895,280,,,0
2700,'Semaine-01',553,,375,180,,,0,80,,376,180,,,0,80,,377,180,,,0,40,,378,180,,,0,80,,379,180,,,0,786,,380,180,,,0,83,,381,180,,,0,46,,382,180,,,0,84,,383,180,,,0,86,,384,180,,,0
2700,'Semaine-02',548,,2915,180,,,0,79,,2916,180,,,0,81,,2917,180,,,0,42,,2918,180,,,0,82,,2919,180,,,0,799,,2920,180,,,0,86,,2921,180,,,0,85,,2922,180,,,0,40,,2923,180,,,0,84,,2924,180,,,0
2700,'Semaine-03',553,,2925,180,,,0,80,,2926,180,,,0,80,,2927,180,,,0,40,,2928,180,,,0,80,,2929,180,,,0,786,,2930,180,,,0,83,,2931,180,,,0,46,,2932,180,,,0,84,,2933,180,,,0,86,,2934,180,,,0
3100,'Dimanche-01',721,,492,320,,,0,218,,493,320,,,0,278,,491,320,,,0,123,,484,320,,,0,160,,485,320,,,0,118,,486,320,,,0,118,,487,320,,,0,119,,488,320,,,0,167,,489,320,,,0,221,,483,320,,,0,215,,490,320,,,0
3100,'Fête-1-01',610,,3034,320,,,0,43,,3045,320,,,0,204,,3046,320,,,0,165,,3043,320,,,0,124,,3033,320,,,0,164,,3044,320,,,0,124,,3035,320,,,0,124,,3036,320,,,0,164,,3037,320,,,0,124,,3038,320,,,0,164,,3039,320,,,0,27,,3040,320,,,0,216,,3041,320,,,0,255,,3042,320,,,0
3100,'Samedi-01',610,,537,320,,,0,43,,548,320,,,0,204,,549,320,,,0,165,,546,320,,,0,124,,536,320,,,0,164,,547,320,,,0,124,,538,320,,,0,124,,539,320,,,0,164,,540,320,,,0,124,,541,320,,,0,164,,542,320,,,0,27,,543,320,,,0,216,,544,320,,,0,255,,545,320,,,0
3100,'Semaine-01',618,,574,320,,,0,40,,550,320,,,0,80,,560,320,,,0,80,,575,320,,,0,40,,569,320,,,0,80,,570,320,,,0,80,,571,320,,,0,41,,577,320,,,0,83,,572,320,,,0,83,,573,320,,,0,83,,551,320,,,0,43,,552,320,,,0,82,,553,320,,,0,82,,554,320,,,0,85,,555,320,,,0,45,,556,320,,,0,86,,557,320,,,0,85,,558,320,,,0,84,,559,320,,,0,42,,561,320,,,0,82,,562,320,,,0,79,,563,320,,,0,40,,564,320,,,0,79,,565,320,,,0,80,,566,320,,,0,40,,567,320,,,0,80,,568,320,,,0,121,,576,320,0,5 6,0
3100,'Semaine-02',612,,3071,320,,,0,41,,3047,320,,,0,81,,3057,320,,,0,82,,3072,320,,,0,42,,3066,320,,,0,82,,3067,320,,,0,82,,3068,320,,,0,82,,3074,320,,,0,45,,3069,320,,,0,83,,3070,320,,,0,83,,3048,320,,,0,43,,3049,320,,,0,83,,3050,320,,,0,84,,3051,320,,,0,86,,3052,320,,,0,48,,3053,320,,,0,86,,3054,320,,,0,85,,3055,320,,,0,81,,3056,320,,,0,40,,3058,320,,,0,81,,3059,320,,,0,80,,3060,320,,,0,41,,3061,320,,,0,80,,3062,320,,,0,80,,3063,320,,,0,40,,3064,320,,,0,80,,3065,320,,,0,111,,3073,320,0,5 6,0
3100,'Semaine-03',618,,3099,320,,,0,40,,3075,320,,,0,80,,3085,320,,,0,80,,3100,320,,,0,40,,3094,320,,,0,80,,3095,320,,,0,80,,3096,320,,,0,41,,3102,320,,,0,83,,3097,320,,,0,83,,3098,320,,,0,83,,3076,320,,,0,43,,3077,320,,,0,82,,3078,320,,,0,82,,3079,320,,,0,85,,3080,320,,,0,45,,3081,320,,,0,86,,3082,320,,,0,85,,3083,320,,,0,84,,3084,320,,,0,42,,3086,320,,,0,82,,3087,320,,,0,79,,3088,320,,,0,40,,3089,320,,,0,79,,3090,320,,,0,80,,3091,320,,,0,40,,3092,320,,,0,80,,3093,320,,,0,121,,3101,320,0,5 6,0
