101,'Dimanche-01',803,,73,640,,,0,206,,74,640,,,0,131,,75,640,,,0,173,,76,640,,,0,127,,77,640,,,0,160,,78,640,,,0,120,,79,640,,,0,120,,80,640,,,0,117,,81,640,,,0,174,,82,640,,,0,114,,83,640,,,0,113,,84,640,,,0
101,'Fête-1-01',803,,2674,640,,,0,206,,2675,640,,,0,131,,2676,640,,,0,173,,2677,640,,,0,127,,2678,640,,,0,160,,2679,640,,,0,120,,2680,640,,,0,120,,2681,640,,,0,117,,2682,640,,,0,174,,2683,640,,,0,114,,2684,640,,,0,113,,2685,640,,,0
101,'Samedi-01',803,,115,640,,,0,206,,116,640,,,0,131,,117,640,,,0,173,,118,640,,,0,127,,119,640,,,0,160,,120,640,,,0,120,,121,640,,,0,120,,122,640,,,0,117,,123,640,,,0,174,,124,640,,,0,114,,125,640,,,0,113,,126,640,,,0
101,'Semaine-01',703,,127,640,,,0,101,,136,640,,,0,30,,138,640,,,0,90,,139,640,,,0,110,,140,640,,,0,105,,141,640,,,0,95,,143,640,,,0,105,,142,640,,,0,106,,144,640,,,0,81,,128,640,,,0,105,,129,640,,,0,96,,130,640,,,0,105,,131,640,,,0,74,,132,640,,,0,103,,133,640,,,0,43,,134,640,,,0,173,,135,640,,,0,134,,137,640,,,0
101,'Semaine-02',658,,2686,640,,,0,101,,2695,640,,,0,70,,2697,640,,,0,100,,2698,640,,,0,105,,2699,640,,,0,95,,2700,640,,,0,100,,2702,640,,,0,100,,2701,640,,,0,111,,2703,640,,,0,86,,2687,640,,,0,110,,2688,640,,,0,91,,2689,640,,,0,105,,2690,640,,,0,69,,2691,640,,,0,29,,2692,640,,,0,108,,2693,640,,,0,182,,2694,640,,,0,189,,2696,640,,,0
101,'Semaine-03',703,,2704,640,,,0,101,,2713,640,,,0,30,,2715,640,,,0,90,,2716,640,,,0,110,,2717,640,,,0,105,,2718,640,,,0,95,,2720,640,,,0,105,,2719,640,,,0,106,,2721,640,,,0,81,,2705,640,,,0,105,,2706,640,,,0,96,,2707,640,,,0,105,,2708,640,,,0,74,,2709,640,,,0,103,,2710,640,,,0,43,,2711,640,,,0,173,,2712,640,,,0,134,,2714,640,,,0
2001,'Dimanche-01',747,,190,380,,,0,164,,191,380,,,0,126,,192,380,,,0,165,,193,380,,,0,125,,194,380,,,0,126,,195,380,,,0,165,,196,380,,,0,125,,197,380,,,0
2001,'Fête-1-01',747,,2752,380,,,0,164,,2753,380,,,0,126,,2754,380,,,0,165,,2755,380,,,0,125,,2756,380,,,0,126,,2757,380,,,0,165,,2758,380,,,0,125,,2759,380,,,0
2001,'Samedi-01',747,,215,380,,,0,164,,216,380,,,0,126,,217,380,,,0,165,,218,380,,,0,125,,219,380,,,0,126,,220,380,,,0,165,,221,380,,,0,125,,222,380,,,0
2001,'Semaine-01',733,,223,380,,,0,126,,224,380,,,0,164,,225,380,,,0,126,,226,380,,,0,166,,227,380,,,0,125,,228,380,,,0,166,,229,380,,,0,126,,230,380,,,0,125,,231,380,,,0
2001,'Semaine-01-0001100',2019,,233,380,,,0,124,,232,380,,,0
2001,'Semaine-02',733,,2760,380,,,0,126,,2761,380,,,0,164,,2762,380,,,0,126,,2763,380,,,0,166,,2764,380,,,0,125,,2765,380,,,0,166,,2766,380,,,0,126,,2767,380,,,0,125,,2768,380,,,0
2001,'Semaine-02-0001100',2019,,2770,380,,,0,124,,2769,380,,,0
2001,'Semaine-03',733,,2771,380,,,0,126,,2772,380,,,0,164,,2773,380,,,0,126,,2774,380,,,0,166,,2775,380,,,0,125,,2776,380,,,0,166,,2777,380,,,0,126,,2778,380,,,0,125,,2779,380,,,0
2001,'Semaine-03-0001100',2019,,2781,380,,,0,124,,2780,380,,,0
