101,'Dimanche-01',745,,73,350,,,0,206,,74,350,,,0,171,,75,350,,,0,133,,76,350,,,0,167,,77,350,,,0,120,,78,350,,,0,160,,79,350,,,0,120,,80,350,,,0,117,,81,350,,,0,174,,82,350,,,0,114,,83,350,,,0,113,,84,350,,,0
101,'Fête-1-01',745,,2674,350,,,0,206,,2675,350,,,0,171,,2676,350,,,0,133,,2677,350,,,0,167,,2678,350,,,0,120,,2679,350,,,0,160,,2680,350,,,0,120,,2681,350,,,0,117,,2682,350,,,0,174,,2683,350,,,0,114,,2684,350,,,0,113,,2685,350,,,0
101,'Samedi-01',745,,115,350,,,0,206,,116,350,,,0,171,,117,350,,,0,133,,118,350,,,0,167,,119,350,,,0,120,,120,350,,,0,160,,121,350,,,0,120,,122,350,,,0,117,,123,350,,,0,174,,124,350,,,0,114,,125,350,,,0,113,,126,350,,,0
101,'Semaine-01',644,,127,350,,,0,101,,136,350,,,0,70,,138,350,,,0,90,,139,350,,,0,111,,140,350,,,0,105,,141,350,,,0,95,,143,350,,,0,104,,142,350,,,0,106,,144,350,,,0,81,,128,350,,,0,103,,129,350,,,0,96,,130,350,,,0,107,,131,350,,,0,34,,132,350,,,0,103,,133,350,,,0,83,,134,350,,,0,173,,135,350,,,0,135,,137,350,,,0
101,'Semaine-02',639,,2686,350,,,0,101,,2695,350,,,0,70,,2697,350,,,0,100,,2698,350,,,0,106,,2699,350,,,0,95,,2700,350,,,0,100,,2702,350,,,0,99,,2701,350,,,0,111,,2703,350,,,0,86,,2687,350,,,0,108,,2688,350,,,0,91,,2689,350,,,0,107,,2690,350,,,0,29,,2691,350,,,0,69,,2692,350,,,0,108,,2693,350,,,0,182,,2694,350,,,0,150,,2696,350,,,0
101,'Semaine-03',644,,2704,350,,,0,101,,2713,350,,,0,70,,2715,350,,,0,90,,2716,350,,,0,111,,2717,350,,,0,105,,2718,350,,,0,95,,2720,350,,,0,104,,2719,350,,,0,106,,2721,350,,,0,81,,2705,350,,,0,103,,2706,350,,,0,96,,2707,350,,,0,107,,2708,350,,,0,34,,2709,350,,,0,103,,2710,350,,,0,83,,2711,350,,,0,173,,2712,350,,,0,135,,2714,350,,,0
3300,'Dimanche-01',554,,682,260,,,0,82,,680,260,,,0,91,,691,260,,,0,81,,701,260,,,0,43,,703,260,,,0,93,,704,260,,,0,80,,705,260,,,0,80,,706,260,,,0,40,,707,260,,,0,80,,683,260,,,0,80,,684,260,,,0,39,,685,260,,,0,80,,686,260,,,0,80,,687,260,,,0,39,,688,260,,,0,79,,689,260,,,0,79,,690,260,,,0,39,,692,260,,,0,79,,693,260,,,0,40,,694,260,,,0,87,,695,260,,,0,85,,696,260,,,0,85,,697,260,,,0,87,,698,260,,,0,46,,699,260,,,0,83,,700,260,,,0,88,,681,260,,,0,83,,702,260,,,0,119,,708,260,0,8 6,0
3300,'Fête-1-01',614,,3181,260,,,0,41,,3179,260,,,0,82,,3190,260,,,0,82,,3200,260,,,0,82,,3202,260,,,0,44,,3203,260,,,0,81,,3204,260,,,0,82,,3205,260,,,0,42,,3206,260,,,0,82,,3182,260,,,0,82,,3183,260,,,0,42,,3184,260,,,0,82,,3185,260,,,0,82,,3186,260,,,0,82,,3187,260,,,0,42,,3188,260,,,0,82,,3189,260,,,0,85,,3191,260,,,0,39,,3192,260,,,0,82,,3193,260,,,0,82,,3194,260,,,0,39,,3195,260,,,0,81,,3196,260,,,0,81,,3197,260,,,0,42,,3198,260,,,0,83,,3199,260,,,0,86,,3201,260,,,0,86,,3180,260,,,0,113,,3207,260,0,8 6,0
3300,'Samedi-01',614,,769,260,,,0,41,,767,260,,,0,82,,778,260,,,0,82,,788,260,,,0,82,,790,260,,,0,44,,791,260,,,0,81,,792,260,,,0,82,,793,260,,,0,42,,794,260,,,0,82,,770,260,,,0,82,,771,260,,,0,42,,772,260,,,0,82,,773,260,,,0,82,,774,260,,,0,82,,775,260,,,0,42,,776,260,,,0,82,,777,260,,,0,85,,779,260,,,0,39,,780,260,,,0,82,,781,260,,,0,82,,782,260,,,0,39,,783,260,,,0,81,,784,260,,,0,81,,785,260,,,0,42,,786,260,,,0,83,,787,260,,,0,86,,789,260,,,0,86,,768,260,,,0,113,,795,260,0,8 6,0
3300,'Semaine-01',622,,796,260,,,0,80,,824,260,,,0,41,,805,260,,,0,80,,815,260,,,0,80,,818,260,,,0,40,,819,260,,,0,80,,820,260,,,0,82,,821,260,,,0,41,,822,260,,,0,83,,797,260,,,0,83,,798,260,,,0,43,,799,260,,,0,82,,800,260,,,0,83,,801,260,,,0,86,,802,260,,,0,45,,803,260,,,0,85,,804,260,,,0,84,,806,260,,,0,82,,807,260,,,0,43,,808,260,,,0,82,,809,260,,,0,80,,810,260,,,0,40,,811,260,,,0,79,,812,260,,,0,80,,813,260,,,0,40,,814,260,,,0,80,,816,260,,,0,80,,817,260,,,0,96,,823,210,0,8 6,0
3300,'Semaine-02',617,,3208,260,,,0,41,,3236,260,,,0,82,,3217,260,,,0,82,,3227,260,,,0,82,,3230,260,,,0,42,,3231,260,,,0,82,,3232,260,,,0,83,,3233,260,,,0,43,,3234,260,,,0,83,,3209,260,,,0,83,,3210,260,,,0,83,,3211,260,,,0,43,,3212,260,,,0,85,,3213,260,,,0,87,,3214,260,,,0,87,,3215,260,,,0,45,,3216,260,,,0,83,,3218,260,,,0,81,,3219,260,,,0,41,,3220,260,,,0,81,,3221,260,,,0,81,,3222,260,,,0,41,,3223,260,,,0,80,,3224,260,,,0,80,,3225,260,,,0,40,,3226,260,,,0,80,,3228,260,,,0,80,,3229,260,,,0,85,,3235,210,0,8 6,0
3300,'Semaine-03',622,,3237,260,,,0,80,,3265,260,,,0,41,,3246,260,,,0,80,,3256,260,,,0,80,,3259,260,,,0,40,,3260,260,,,0,80,,3261,260,,,0,82,,3262,260,,,0,41,,3263,260,,,0,83,,3238,260,,,0,83,,3239,260,,,0,43,,3240,260,,,0,82,,3241,260,,,0,83,,3242,260,,,0,86,,3243,260,,,0,45,,3244,260,,,0,85,,3245,260,,,0,84,,3247,260,,,0,82,,3248,260,,,0,43,,3249,260,,,0,82,,3250,260,,,0,80,,3251,260,,,0,40,,3252,260,,,0,79,,3253,260,,,0,80,,3254,260,,,0,40,,3255,260,,,0,80,,3257,260,,,0,80,,3258,260,,,0,96,,3264,210,0,8 6,0
14001,'Dimanche-01',826,,979,50,,,0,114,,980,50,,,0,115,,981,50,,,0,155,,982,50,,,0,115,,983,50,,,0,115,,984,50,,,0,160,,985,50,,,0,120,,978,50,,,0
14001,'Fête-1-01',826,,3385,50,,,0,114,,3386,50,,,0,115,,3387,50,,,0,155,,3388,50,,,0,115,,3389,50,,,0,115,,3390,50,,,0,160,,3391,50,,,0,120,,3384,50,,,0
14001,'Samedi-01',826,,1010,50,,,0,114,,1011,50,,,0,115,,1012,50,,,0,155,,1013,50,,,0,115,,1014,50,,,0,115,,1015,50,,,0,160,,1016,50,,,0,120,,1009,50,,,0
14001,'Semaine-01',735,,1029,510,,,0,165,,1019,50,,,0,120,,1020,50,,,0,121,,1021,50,,,0,165,,1022,50,,,0,125,,1023,50,,,0,125,,1024,50,,,0,165,,1025,50,,,0,125,,1026,50,,,0,160,,1027,50,,,0,114,,1028,50,,,0
14001,'Semaine-02',735,,3404,510,,,0,165,,3394,50,,,0,120,,3395,50,,,0,121,,3396,50,,,0,165,,3397,50,,,0,125,,3398,50,,,0,125,,3399,50,,,0,165,,3400,50,,,0,125,,3401,50,,,0,160,,3402,50,,,0,114,,3403,50,,,0
14001,'Semaine-03',735,,3417,510,,,0,165,,3407,50,,,0,120,,3408,50,,,0,121,,3409,50,,,0,165,,3410,50,,,0,125,,3411,50,,,0,125,,3412,50,,,0,165,,3413,50,,,0,125,,3414,50,,,0,160,,3415,50,,,0,114,,3416,50,,,0
