101,'Dimanche-01',714,,73,30,,,0,205,,74,30,,,0,130,,75,30,,,0,170,,76,30,,,0,125,,77,30,,,0,160,,78,30,,,0,120,,79,30,,,0,120,,80,30,,,0,160,,81,30,,,0,135,,82,30,,,0,115,,83,30,,,0,155,,84,30,,,0
101,'Fête-1-01',714,,2674,30,,,0,205,,2675,30,,,0,130,,2676,30,,,0,170,,2677,30,,,0,125,,2678,30,,,0,160,,2679,30,,,0,120,,2680,30,,,0,120,,2681,30,,,0,160,,2682,30,,,0,135,,2683,30,,,0,115,,2684,30,,,0,155,,2685,30,,,0
101,'Samedi-01',714,,115,30,,,0,205,,116,30,,,0,130,,117,30,,,0,170,,118,30,,,0,125,,119,30,,,0,160,,120,30,,,0,120,,121,30,,,0,120,,122,30,,,0,160,,123,30,,,0,135,,124,30,,,0,115,,125,30,,,0,155,,126,30,,,0
101,'Semaine-01',609,,127,30,,,0,100,,136,30,,,0,30,,138,30,,,0,90,,139,30,,,0,110,,140,30,,,0,105,,141,30,,,0,95,,143,30,,,0,100,,142,30,,,0,106,,144,30,,,0,80,,128,30,,,0,100,,129,30,,,0,100,,130,30,,,0,109,,131,30,,,0,75,,132,30,,,0,105,,133,30,,,0,45,,134,30,,,0,175,,135,30,,,0,175,,137,30,,,0
101,'Semaine-02',604,,2686,30,,,0,100,,2695,30,,,0,30,,2697,30,,,0,100,,2698,30,,,0,105,,2699,30,,,0,95,,2700,30,,,0,100,,2702,30,,,0,95,,2701,30,,,0,111,,2703,30,,,0,85,,2687,30,,,0,105,,2688,30,,,0,95,,2689,30,,,0,109,,2690,30,,,0,70,,2691,30,,,0,30,,2692,30,,,0,110,,2693,30,,,0,185,,2694,30,,,0,190,,2696,30,,,0
101,'Semaine-03',609,,2704,30,,,0,100,,2713,30,,,0,30,,2715,30,,,0,90,,2716,30,,,0,110,,2717,30,,,0,105,,2718,30,,,0,95,,2720,30,,,0,100,,2719,30,,,0,106,,2721,30,,,0,80,,2705,30,,,0,100,,2706,30,,,0,100,,2707,30,,,0,109,,2708,30,,,0,75,,2709,30,,,0,105,,2710,30,,,0,45,,2711,30,,,0,175,,2712,30,,,0,175,,2714,30,,,0
2101,'Semaine-01',642,,260,30,0,5 6,0,79,,261,30,0,5 6,0,81,,262,30,0,5 6,0,754,,254,30,,,0,63,,255,30,,,0,27,,256,30,,,0,65,,257,30,,,0,25,,258,30,,,0,68,,259,30,,,0
2101,'Semaine-02',637,,2800,30,0,5 6,0,82,,2801,30,0,5 6,0,82,,2802,30,0,5 6,0,756,,2794,30,,,0,65,,2795,30,,,0,24,,2796,30,,,0,65,,2797,30,,,0,25,,2798,30,,,0,68,,2799,30,,,0
2101,'Semaine-03',642,,2809,30,0,5 6,0,79,,2810,30,0,5 6,0,81,,2811,30,0,5 6,0,754,,2803,30,,,0,63,,2804,30,,,0,27,,2805,30,,,0,65,,2806,30,,,0,25,,2807,30,,,0,68,,2808,30,,,0
2301,'Semaine-01',1529,,310,30,,,0,25,,311,30,,,0,70,,312,30,,,0,30,,313,30,,,0,70,,314,30,,,0,30,,315,30,,,0,70,,316,30,,,0
2301,'Semaine-02',1529,,2852,30,,,0,25,,2853,30,,,0,70,,2854,30,,,0,30,,2855,30,,,0,65,,2856,30,,,0,35,,2857,30,,,0,70,,2858,30,,,0
2301,'Semaine-03',1529,,2859,30,,,0,25,,2860,30,,,0,70,,2861,30,,,0,30,,2862,30,,,0,70,,2863,30,,,0,30,,2864,30,,,0,70,,2865,30,,,0
2501,'Semaine-01',1534,,355,30,,,0,80,,356,30,,,0,35,,357,30,,,0,80,,358,30,,,0,80,,359,30,,,0,30,,360,30,,,0
2501,'Semaine-02',1534,,2899,30,,,0,80,,2900,30,,,0,35,,2901,30,,,0,80,,2902,30,,,0,75,,2903,30,,,0,35,,2904,30,,,0
2501,'Semaine-03',1534,,2905,30,,,0,80,,2906,30,,,0,35,,2907,30,,,0,80,,2908,30,,,0,80,,2909,30,,,0,30,,2910,30,,,0
3100,'Dimanche-01',648,,492,30,,,0,255,,493,30,,,0,238,,491,30,,,0,163,,484,30,,,0,120,,485,30,,,0,118,,486,30,,,0,158,,487,30,,,0,119,,488,30,,,0,127,,489,30,,,0,261,,483,30,,,0,216,,490,30,,,0
3100,'Fête-1-01',537,,3034,30,,,0,83,,3045,30,,,0,201,,3046,30,,,0,125,,3043,30,,,0,164,,3033,30,,,0,124,,3044,30,,,0,124,,3035,30,,,0,164,,3036,30,,,0,124,,3037,30,,,0,164,,3038,30,,,0,124,,3039,30,,,0,67,,3040,30,,,0,216,,3041,30,,,0,216,,3042,30,,,0
3100,'Samedi-01',537,,537,30,,,0,83,,548,30,,,0,201,,549,30,,,0,125,,546,30,,,0,164,,536,30,,,0,124,,547,30,,,0,124,,538,30,,,0,164,,539,30,,,0,124,,540,30,,,0,164,,541,30,,,0,124,,542,30,,,0,67,,543,30,,,0,216,,544,30,,,0,216,,545,30,,,0
3100,'Semaine-01',543,,574,30,,,0,80,,550,30,,,0,79,,560,30,,,0,40,,575,30,,,0,80,,569,30,,,0,80,,570,30,,,0,40,,571,30,,,0,81,,577,30,,,0,81,,572,30,,,0,43,,573,30,,,0,83,,551,30,,,0,83,,552,30,,,0,42,,553,30,,,0,82,,554,30,,,0,84,,555,30,,,0,84,,556,30,,,0,45,,557,30,,,0,87,,558,30,,,0,85,,559,30,,,0,85,,561,30,,,0,42,,562,30,,,0,80,,563,30,,,0,80,,564,30,,,0,40,,565,30,,,0,80,,566,30,,,0,80,,567,30,,,0,41,,568,30,,,0,161,,576,30,0,5 6,0
3100,'Semaine-02',535,,3071,30,,,0,81,,3047,30,,,0,40,,3057,30,,,0,82,,3072,30,,,0,82,,3066,30,,,0,82,,3067,30,,,0,42,,3068,30,,,0,82,,3074,30,,,0,83,,3069,30,,,0,43,,3070,30,,,0,83,,3048,30,,,0,83,,3049,30,,,0,83,,3050,30,,,0,43,,3051,30,,,0,85,,3052,30,,,0,87,,3053,30,,,0,86,,3054,30,,,0,47,,3055,30,,,0,82,,3056,30,,,0,83,,3058,30,,,0,41,,3059,30,,,0,81,,3060,30,,,0,81,,3061,30,,,0,41,,3062,30,,,0,80,,3063,30,,,0,80,,3064,30,,,0,40,,3065,30,,,0,151,,3073,30,0,5 6,0
3100,'Semaine-03',543,,3099,30,,,0,80,,3075,30,,,0,79,,3085,30,,,0,40,,3100,30,,,0,80,,3094,30,,,0,80,,3095,30,,,0,40,,3096,30,,,0,81,,3102,30,,,0,81,,3097,30,,,0,43,,3098,30,,,0,83,,3076,30,,,0,83,,3077,30,,,0,42,,3078,30,,,0,82,,3079,30,,,0,84,,3080,30,,,0,84,,3081,30,,,0,45,,3082,30,,,0,87,,3083,30,,,0,85,,3084,30,,,0,85,,3086,30,,,0,42,,3087,30,,,0,80,,3088,30,,,0,80,,3089,30,,,0,40,,3090,30,,,0,80,,3091,30,,,0,80,,3092,30,,,0,41,,3093,30,,,0,161,,3101,30,0,5 6,0
3200,'Dimanche-01',538,,578,30,,,0,214,,583,30,,,0,262,,586,30,,,0,192,,587,30,,,0,119,,579,30,,,0,122,,589,30,,,0,160,,580,30,,,0,119,,582,30,,,0,118,,581,30,,,0,215,,584,30,,,0,256,,585,30,,,0,213,,588,30,0,6,0
3200,'Fête-1-01',650,,3109,30,,,0,77,,3104,30,,,0,120,,3112,30,,,0,162,,3113,30,,,0,124,,3114,30,,,0,124,,3105,30,,,0,164,,3116,30,,,0,124,,3106,30,,,0,168,,3107,30,,,0,120,,3108,30,,,0,276,,3110,30,,,0,216,,3111,30,,,0,212,,3115,30,0,6,0
3200,'Samedi-01',650,,641,30,,,0,77,,636,30,,,0,120,,644,30,,,0,162,,645,30,,,0,124,,646,30,,,0,124,,637,30,,,0,164,,648,30,,,0,124,,638,30,,,0,168,,639,30,,,0,120,,640,30,,,0,276,,642,30,,,0,216,,643,30,,,0,212,,647,30,0,6,0
3200,'Semaine-01',608,,674,30,,,0,38,,649,30,,,0,78,,677,30,,,0,79,,660,30,,,0,40,,668,30,,,0,83,,669,30,,,0,81,,670,30,,,0,41,,671,30,,,0,83,,672,30,,,0,82,,673,30,,,0,43,,650,30,,,0,82,,651,30,,,0,81,,652,30,,,0,84,,676,30,,,0,45,,654,30,,,0,85,,655,30,,,0,86,,656,30,,,0,86,,657,30,,,0,43,,658,30,,,0,84,,659,30,,,0,81,,661,30,,,0,40,,662,30,,,0,80,,663,30,,,0,80,,664,30,,,0,40,,665,30,,,0,83,,666,30,,,0,80,,667,30,,,0,112,,675,30,0,6,0
3200,'Semaine-02',605,,3142,30,,,0,40,,3117,30,,,0,79,,3145,30,,,0,81,,3128,30,,,0,44,,3136,30,,,0,82,,3137,30,,,0,82,,3138,30,,,0,43,,3139,30,,,0,83,,3140,30,,,0,83,,3141,30,,,0,83,,3118,30,,,0,43,,3119,30,,,0,83,,3120,30,,,0,85,,3144,30,,,0,87,,3122,30,,,0,47,,3123,30,,,0,85,,3124,30,,,0,83,,3125,30,,,0,82,,3126,30,,,0,43,,3127,30,,,0,82,,3129,30,,,0,81,,3130,30,,,0,41,,3131,30,,,0,80,,3132,30,,,0,83,,3133,30,,,0,40,,3134,30,,,0,80,,3135,30,,,0,98,,3143,30,0,6,0
3200,'Semaine-03',608,,3173,30,,,0,38,,3148,30,,,0,78,,3176,30,,,0,79,,3159,30,,,0,40,,3167,30,,,0,83,,3168,30,,,0,81,,3169,30,,,0,41,,3170,30,,,0,83,,3171,30,,,0,82,,3172,30,,,0,43,,3149,30,,,0,82,,3150,30,,,0,81,,3151,30,,,0,84,,3175,30,,,0,45,,3153,30,,,0,85,,3154,30,,,0,86,,3155,30,,,0,86,,3156,30,,,0,43,,3157,30,,,0,84,,3158,30,,,0,81,,3160,30,,,0,40,,3161,30,,,0,80,,3162,30,,,0,80,,3163,30,,,0,40,,3164,30,,,0,83,,3165,30,,,0,80,,3166,30,,,0,112,,3174,30,0,6,0
9800,'Semaine-01',720,,843,30,,,0,103,,847,30,,,0,105,,848,30,,,0,505,,849,30,,,0,105,,850,30,,,0,105,,851,30,,,0,105,,852,30,,,0,105,,853,30,,,0,99,,854,30,,,0,100,,844,30,,,0,90,,845,30,,,0,90,,846,30,,,0
9800,'Semaine-02',717,,3266,30,,,0,106,,3270,30,,,0,110,,3271,30,,,0,494,,3272,30,,,0,108,,3273,30,,,0,108,,3274,30,,,0,110,,3275,30,,,0,149,,3276,30,,,0,100,,3277,30,,,0,100,,3267,30,,,0,55,,3268,30,,,0,95,,3269,30,,,0
9800,'Semaine-03',720,,3279,30,,,0,103,,3283,30,,,0,105,,3284,30,,,0,505,,3285,30,,,0,105,,3286,30,,,0,105,,3287,30,,,0,105,,3288,30,,,0,105,,3289,30,,,0,99,,3290,30,,,0,100,,3280,30,,,0,90,,3281,30,,,0,90,,3282,30,,,0
11101,'Dimanche-01',857,,917,30,,,0,187,,916,30,,,0,295,,918,30,,,0,288,,919,30,,,0,304,,920,30,,,0
11101,'Fête-1-01',857,,3338,30,,,0,187,,3337,30,,,0,295,,3339,30,,,0,288,,3340,30,,,0,304,,3341,30,,,0
11101,'Samedi-01',857,,949,30,,,0,187,,948,30,,,0,295,,950,30,,,0,288,,951,30,,,0,304,,952,30,,,0
11101,'Semaine-01',628,,965,30,,,0,95,,972,30,,,0,130,,973,30,,,0,95,,970,30,,,0,191,,975,30,,,0,265,,956,30,,,0,120,,959,30,,,0,110,,967,30,,,0,110,,968,30,,,0,95,,969,30,,,0,75,,958,40,,,0,305,,971,30,,,0
11101,'Semaine-02',703,,3353,40,,,0,107,,3356,40,,,0,101,,3357,40,,,0,12,,3355,30,,,0,226,,3359,30,,,0,205,,3345,30,,,0,180,,3346,40,,,0,25,,3348,40,,,0,70,,3349,40,,,0,30,,3350,40,,,0,70,,3351,40,,,0,30,,3352,40,,,0,90,,3354,40,,,0,65,,3347,40,,,0,305,,3361,30,,,0
11101,'Semaine-03',628,,3371,30,,,0,95,,3378,30,,,0,130,,3379,30,,,0,95,,3376,30,,,0,191,,3381,30,,,0,265,,3362,30,,,0,120,,3365,30,,,0,110,,3373,30,,,0,110,,3374,30,,,0,95,,3375,30,,,0,75,,3364,40,,,0,305,,3377,30,,,0
