101,'Dimanche-01',803,,73,630,,,0,206,,74,630,,,0,131,,75,630,,,0,173,,76,630,,,0,127,,77,630,,,0,160,,78,630,,,0,120,,79,630,,,0,120,,80,630,,,0,117,,81,630,,,0,174,,82,630,,,0,114,,83,630,,,0,113,,84,630,,,0
101,'Fête-1-01',803,,2674,630,,,0,206,,2675,630,,,0,131,,2676,630,,,0,173,,2677,630,,,0,127,,2678,630,,,0,160,,2679,630,,,0,120,,2680,630,,,0,120,,2681,630,,,0,117,,2682,630,,,0,174,,2683,630,,,0,114,,2684,630,,,0,113,,2685,630,,,0
101,'Samedi-01',803,,115,630,,,0,206,,116,630,,,0,131,,117,630,,,0,173,,118,630,,,0,127,,119,630,,,0,160,,120,630,,,0,120,,121,630,,,0,120,,122,630,,,0,117,,123,630,,,0,174,,124,630,,,0,114,,125,630,,,0,113,,126,630,,,0
101,'Semaine-01',703,,127,630,,,0,101,,136,630,,,0,30,,138,630,,,0,90,,139,630,,,0,110,,140,630,,,0,105,,141,630,,,0,95,,143,630,,,0,105,,142,630,,,0,106,,144,630,,,0,81,,128,630,,,0,105,,129,630,,,0,96,,130,630,,,0,105,,131,630,,,0,74,,132,630,,,0,103,,133,630,,,0,43,,134,630,,,0,173,,135,630,,,0,134,,137,630,,,0
101,'Semaine-02',658,,2686,630,,,0,101,,2695,630,,,0,70,,2697,630,,,0,100,,2698,630,,,0,105,,2699,630,,,0,95,,2700,630,,,0,100,,2702,630,,,0,100,,2701,630,,,0,111,,2703,630,,,0,86,,2687,630,,,0,110,,2688,630,,,0,91,,2689,630,,,0,105,,2690,630,,,0,69,,2691,630,,,0,29,,2692,630,,,0,108,,2693,630,,,0,182,,2694,630,,,0,189,,2696,630,,,0
101,'Semaine-03',703,,2704,630,,,0,101,,2713,630,,,0,30,,2715,630,,,0,90,,2716,630,,,0,110,,2717,630,,,0,105,,2718,630,,,0,95,,2720,630,,,0,105,,2719,630,,,0,106,,2721,630,,,0,81,,2705,630,,,0,105,,2706,630,,,0,96,,2707,630,,,0,105,,2708,630,,,0,74,,2709,630,,,0,103,,2710,630,,,0,43,,2711,630,,,0,173,,2712,630,,,0,134,,2714,630,,,0
2001,'Dimanche-01',746,,190,370,,,0,164,,191,370,,,0,126,,192,370,,,0,165,,193,370,,,0,125,,194,370,,,0,126,,195,370,,,0,165,,196,370,,,0,125,,197,370,,,0
2001,'Fête-1-01',746,,2752,370,,,0,164,,2753,370,,,0,126,,2754,370,,,0,165,,2755,370,,,0,125,,2756,370,,,0,126,,2757,370,,,0,165,,2758,370,,,0,125,,2759,370,,,0
2001,'Samedi-01',746,,215,370,,,0,164,,216,370,,,0,126,,217,370,,,0,165,,218,370,,,0,125,,219,370,,,0,126,,220,370,,,0,165,,221,370,,,0,125,,222,370,,,0
2001,'Semaine-01',732,,223,370,,,0,126,,224,370,,,0,164,,225,370,,,0,126,,226,370,,,0,166,,227,370,,,0,125,,228,370,,,0,166,,229,370,,,0,126,,230,370,,,0,125,,231,370,,,0
2001,'Semaine-01-0001100',2019,,233,370,,,0,124,,232,370,,,0
2001,'Semaine-02',732,,2760,370,,,0,126,,2761,370,,,0,164,,2762,370,,,0,126,,2763,370,,,0,166,,2764,370,,,0,125,,2765,370,,,0,166,,2766,370,,,0,126,,2767,370,,,0,125,,2768,370,,,0
2001,'Semaine-02-0001100',2019,,2770,370,,,0,124,,2769,370,,,0
2001,'Semaine-03',732,,2771,370,,,0,126,,2772,370,,,0,164,,2773,370,,,0,126,,2774,370,,,0,166,,2775,370,,,0,125,,2776,370,,,0,166,,2777,370,,,0,126,,2778,370,,,0,125,,2779,370,,,0
2001,'Semaine-03-0001100',2019,,2781,370,,,0,124,,2780,370,,,0
