2000002300,'Dimanche-01',550,,1719,60,,,0,79,,1721,60,,,0,74,,1722,60,,,0,101,,1723,60,,,0,41,,1724,60,,,0,75,,1725,60,,,0,107,,1726,60,,,0,97,,1727,60,,,0,95,,1728,60,,,0,82,,1729,60,,,0,37,,1730,60,,,0,83,,1731,60,,,0,79,,1732,60,,,0,42,,1733,60,,,0,78,,1734,60,,,0,80,,1735,60,,,0,39,,1736,60,,,0,82,,1737,60,,,0,36,,1738,60,,,0,146,,1739,60,,,0,109,,1740,60,,,0,112,,1741,60,,,0,104,,1742,60,,,0,111,,1743,60,,,0,102,,1720,60,,,0
2000002300,'Fête-1-01',552,,3847,60,,,0,83,,3849,60,,,0,81,,3850,60,,,0,35,,3851,60,,,0,87,,3852,60,,,0,84,,3853,60,,,0,81,,3854,60,,,0,53,,3855,60,,,0,90,,3856,60,,,0,85,,3857,60,,,0,79,,3858,60,,,0,41,,3859,60,,,0,83,,3860,60,,,0,85,,3861,60,,,0,39,,3862,60,,,0,85,,3863,60,,,0,83,,3864,60,,,0,80,,3865,60,,,0,40,,3866,60,,,0,85,,3867,60,,,0,87,,3868,60,,,0,104,,3869,60,,,0,80,,3870,60,,,0,32,,3871,60,,,0,104,,3872,60,,,0,111,,3873,60,,,0,96,,3848,60,,,0
2000002300,'Samedi-01',552,,1799,60,,,0,83,,1801,60,,,0,81,,1802,60,,,0,35,,1803,60,,,0,87,,1804,60,,,0,84,,1805,60,,,0,81,,1806,60,,,0,53,,1807,60,,,0,90,,1808,60,,,0,85,,1809,60,,,0,79,,1810,60,,,0,41,,1811,60,,,0,83,,1812,60,,,0,85,,1813,60,,,0,39,,1814,60,,,0,85,,1815,60,,,0,83,,1816,60,,,0,80,,1817,60,,,0,40,,1818,60,,,0,85,,1819,60,,,0,87,,1820,60,,,0,104,,1821,60,,,0,80,,1822,60,,,0,32,,1823,60,,,0,104,,1824,60,,,0,111,,1825,60,,,0,96,,1800,60,,,0
2000002300,'Semaine-01',559,,1826,60,,,0,80,,1827,60,,,0,80,,1851,60,,,0,81,,1852,60,,,0,39,,1828,60,,,0,80,,1850,60,,,0,40,,1848,60,,,0,81,,1847,60,,,0,82,,1849,60,,,0,83,,1846,60,,,0,43,,1843,60,,,0,83,,1845,60,,,0,82,,1844,60,,,0,42,,1842,60,,,0,85,,1841,60,,,0,85,,1840,60,,,0,86,,1839,60,,,0,45,,1838,60,,,0,85,,1837,60,,,0,82,,1836,60,,,0,82,,1835,60,,,0,39,,1834,60,,,0,80,,1833,60,,,0,80,,1832,60,,,0,40,,1831,60,,,0,80,,1830,60,,,0,80,,1829,60,,,0,121,,1853,60,,,0
2000002300,'Semaine-02',559,,3874,60,,,0,80,,3875,60,,,0,80,,3899,60,,,0,81,,3900,60,,,0,39,,3876,60,,,0,80,,3898,60,,,0,40,,3896,60,,,0,81,,3895,60,,,0,82,,3897,60,,,0,83,,3894,60,,,0,43,,3891,60,,,0,83,,3893,60,,,0,82,,3892,60,,,0,42,,3890,60,,,0,85,,3889,60,,,0,85,,3888,60,,,0,86,,3887,60,,,0,45,,3886,60,,,0,85,,3885,60,,,0,82,,3884,60,,,0,82,,3883,60,,,0,39,,3882,60,,,0,80,,3881,60,,,0,80,,3880,60,,,0,40,,3879,60,,,0,80,,3878,60,,,0,80,,3877,60,,,0,121,,3901,60,,,0
2000002300,'Semaine-03',559,,3902,60,,,0,80,,3903,60,,,0,80,,3927,60,,,0,81,,3928,60,,,0,39,,3904,60,,,0,80,,3926,60,,,0,40,,3924,60,,,0,81,,3923,60,,,0,82,,3925,60,,,0,83,,3922,60,,,0,43,,3919,60,,,0,83,,3921,60,,,0,82,,3920,60,,,0,42,,3918,60,,,0,85,,3917,60,,,0,85,,3916,60,,,0,86,,3915,60,,,0,45,,3914,60,,,0,85,,3913,60,,,0,82,,3912,60,,,0,82,,3911,60,,,0,39,,3910,60,,,0,80,,3909,60,,,0,80,,3908,60,,,0,40,,3907,60,,,0,80,,3906,60,,,0,80,,3905,60,,,0,121,,3929,60,,,0
2000002301,'Dimanche-01',612,,1854,60,,,0,34,,1864,60,,,0,80,,1859,60,,,0,101,,1869,60,,,0,76,,1865,60,,,0,40,,1858,60,,,0,107,,1860,60,,,0,97,,1861,60,,,0,95,,1868,60,,,0,75,,1862,60,,,0,84,,1857,60,,,0,38,,1870,60,,,0,84,,1863,60,,,0,77,,1867,60,,,0,43,,1866,60,,,0,79,,1856,60,,,0,80,,1871,60,,,0,37,,1872,60,,,0,81,,1877,60,,,0,106,,1874,60,,,0,109,,1873,60,,,0,112,,1878,60,,,0,104,,1876,60,,,0,151,,1875,60,,,0,102,,1855,60,,,0
2000002301,'Fête-1-01',615,,3930,60,,,0,43,,3940,60,,,0,76,,3935,60,,,0,75,,3946,60,,,0,92,,3941,60,,,0,40,,3934,60,,,0,85,,3943,60,,,0,88,,3936,60,,,0,95,,3937,60,,,0,40,,3945,60,,,0,84,,3938,60,,,0,76,,3933,60,,,0,48,,3947,60,,,0,80,,3939,60,,,0,84,,3944,60,,,0,80,,3942,60,,,0,48,,3932,60,,,0,75,,3948,60,,,0,85,,3949,60,,,0,40,,3954,60,,,0,92,,3951,60,,,0,104,,3950,60,,,0,72,,3955,60,,,0,40,,3956,60,,,0,144,,3953,60,,,0,111,,3952,60,,,0,96,,3931,60,,,0
2000002301,'Samedi-01',615,,1935,60,,,0,43,,1945,60,,,0,76,,1940,60,,,0,75,,1951,60,,,0,92,,1946,60,,,0,40,,1939,60,,,0,85,,1948,60,,,0,88,,1941,60,,,0,95,,1942,60,,,0,40,,1950,60,,,0,84,,1943,60,,,0,76,,1938,60,,,0,48,,1952,60,,,0,80,,1944,60,,,0,84,,1949,60,,,0,80,,1947,60,,,0,48,,1937,60,,,0,75,,1953,60,,,0,85,,1954,60,,,0,40,,1959,60,,,0,92,,1956,60,,,0,104,,1955,60,,,0,72,,1960,60,,,0,40,,1961,60,,,0,144,,1958,60,,,0,111,,1957,60,,,0,96,,1936,60,,,0
2000002301,'Semaine-01',622,,1990,60,,,0,80,,1987,60,,,0,40,,1988,60,,,0,80,,1989,60,,,0,80,,1985,60,,,0,40,,1986,60,,,0,80,,1983,60,,,0,81,,1982,60,,,0,42,,1984,60,,,0,83,,1980,60,,,0,83,,1977,60,,,0,43,,1981,60,,,0,82,,1979,60,,,0,82,,1978,60,,,0,85,,1976,60,,,0,45,,1975,60,,,0,86,,1974,60,,,0,85,,1973,60,,,0,85,,1972,60,,,0,42,,1971,60,,,0,82,,1970,60,,,0,79,,1969,60,,,0,40,,1968,60,,,0,80,,1967,60,,,0,80,,1966,60,,,0,40,,1965,60,,,0,80,,1964,60,,,0,74,,1963,60,,,0,58,,1962,60,,,0
2000002301,'Semaine-02',622,,3985,60,,,0,80,,3982,60,,,0,40,,3983,60,,,0,80,,3984,60,,,0,80,,3980,60,,,0,40,,3981,60,,,0,80,,3978,60,,,0,81,,3977,60,,,0,42,,3979,60,,,0,83,,3975,60,,,0,83,,3972,60,,,0,43,,3976,60,,,0,82,,3974,60,,,0,82,,3973,60,,,0,85,,3971,60,,,0,45,,3970,60,,,0,86,,3969,60,,,0,85,,3968,60,,,0,85,,3967,60,,,0,42,,3966,60,,,0,82,,3965,60,,,0,79,,3964,60,,,0,40,,3963,60,,,0,80,,3962,60,,,0,80,,3961,60,,,0,40,,3960,60,,,0,80,,3959,60,,,0,74,,3958,60,,,0,58,,3957,60,,,0
2000002301,'Semaine-03',622,,4014,60,,,0,80,,4011,60,,,0,40,,4012,60,,,0,80,,4013,60,,,0,80,,4009,60,,,0,40,,4010,60,,,0,80,,4007,60,,,0,81,,4006,60,,,0,42,,4008,60,,,0,83,,4004,60,,,0,83,,4001,60,,,0,43,,4005,60,,,0,82,,4003,60,,,0,82,,4002,60,,,0,85,,4000,60,,,0,45,,3999,60,,,0,86,,3998,60,,,0,85,,3997,60,,,0,85,,3996,60,,,0,42,,3995,60,,,0,82,,3994,60,,,0,79,,3993,60,,,0,40,,3992,60,,,0,80,,3991,60,,,0,80,,3990,60,,,0,40,,3989,60,,,0,80,,3988,60,,,0,74,,3987,60,,,0,58,,3986,60,,,0
