101,'Dimanche-01',715,,73,50,,,0,205,,74,50,,,0,130,,75,50,,,0,171,,76,50,,,0,125,,77,50,,,0,160,,78,50,,,0,120,,79,50,,,0,120,,80,50,,,0,159,,81,50,,,0,135,,82,50,,,0,115,,83,50,,,0,155,,84,50,,,0
101,'Samedi-01',715,,115,50,,,0,205,,116,50,,,0,130,,117,50,,,0,171,,118,50,,,0,125,,119,50,,,0,160,,120,50,,,0,120,,121,50,,,0,120,,122,50,,,0,159,,123,50,,,0,135,,124,50,,,0,115,,125,50,,,0,155,,126,50,,,0
101,'Semaine-01',611,,127,50,,,0,100,,136,50,,,0,30,,138,50,,,0,90,,139,50,,,0,110,,140,50,,,0,105,,141,50,,,0,95,,143,50,,,0,100,,142,50,,,0,106,,144,50,,,0,80,,128,50,,,0,100,,129,50,,,0,100,,130,50,,,0,109,,131,50,,,0,75,,132,50,,,0,105,,133,50,,,0,84,,134,50,,,0,135,,135,50,,,0,175,,137,50,,,0
2101,'Semaine-01',644,,260,50,0,5 6,0,79,,261,50,0,5 6,0,81,,262,50,0,5 6,0,754,,254,50,,,0,63,,255,50,,,0,27,,256,50,,,0,65,,257,50,,,0,25,,258,50,,,0,68,,259,50,,,0
2301,'Semaine-01',1531,,310,50,,,0,25,,311,50,,,0,70,,312,50,,,0,30,,313,50,,,0,70,,314,50,,,0,30,,315,50,,,0,70,,316,50,,,0
2501,'Semaine-01',1536,,355,50,,,0,80,,356,50,,,0,35,,357,50,,,0,80,,358,50,,,0,80,,359,50,,,0,29,,360,50,,,0
3100,'Dimanche-01',650,,492,50,,,0,255,,493,50,,,0,238,,491,50,,,0,163,,484,50,,,0,120,,485,50,,,0,118,,486,50,,,0,158,,487,50,,,0,119,,488,50,,,0,127,,489,50,,,0,261,,483,50,,,0,216,,490,50,,,0
3100,'Samedi-01',539,,537,50,,,0,83,,548,50,,,0,201,,549,50,,,0,125,,546,50,,,0,164,,536,50,,,0,124,,547,50,,,0,164,,538,50,,,0,124,,539,50,,,0,124,,540,50,,,0,164,,541,50,,,0,124,,542,50,,,0,67,,543,50,,,0,216,,544,50,,,0,216,,545,50,,,0
3100,'Semaine-01',545,,574,50,,,0,80,,550,50,,,0,79,,560,50,,,0,40,,575,50,,,0,80,,569,50,,,0,80,,570,50,,,0,40,,571,50,,,0,81,,577,50,,,0,81,,572,50,,,0,43,,573,50,,,0,83,,551,50,,,0,83,,552,50,,,0,42,,553,50,,,0,82,,554,50,,,0,84,,555,50,,,0,84,,556,50,,,0,45,,557,50,,,0,87,,558,50,,,0,85,,559,50,,,0,85,,561,50,,,0,42,,562,50,,,0,80,,563,50,,,0,80,,564,50,,,0,40,,565,50,,,0,80,,566,50,,,0,80,,567,50,,,0,40,,568,50,,,0,161,,576,50,0,5 6,0
3200,'Dimanche-01',540,,578,50,,,0,214,,583,50,,,0,262,,586,50,,,0,192,,587,50,,,0,119,,579,50,,,0,122,,589,50,,,0,160,,580,50,,,0,119,,582,50,,,0,118,,581,50,,,0,255,,584,50,,,0,216,,585,50,,,0,213,,588,50,0,6,0
3200,'Samedi-01',652,,641,50,,,0,77,,636,50,,,0,120,,644,50,,,0,162,,645,50,,,0,124,,646,50,,,0,124,,637,50,,,0,164,,648,50,,,0,124,,638,50,,,0,168,,639,50,,,0,120,,640,50,,,0,276,,642,50,,,0,216,,643,50,,,0,212,,647,50,0,6,0
3200,'Semaine-01',609,,674,50,,,0,39,,649,50,,,0,78,,677,50,,,0,79,,660,50,,,0,40,,668,50,,,0,83,,669,50,,,0,81,,670,50,,,0,41,,671,50,,,0,83,,672,50,,,0,82,,673,50,,,0,43,,650,50,,,0,82,,651,50,,,0,81,,652,50,,,0,84,,676,50,,,0,45,,654,50,,,0,85,,655,50,,,0,86,,656,50,,,0,86,,657,50,,,0,43,,658,50,,,0,84,,659,50,,,0,81,,661,50,,,0,40,,662,50,,,0,80,,663,50,,,0,80,,664,50,,,0,40,,665,50,,,0,82,,666,50,,,0,80,,667,50,,,0,112,,675,50,0,6,0
9800,'Semaine-01',722,,843,50,,,0,102,,847,50,,,0,105,,848,50,,,0,506,,849,50,,,0,105,,850,50,,,0,105,,851,50,,,0,105,,852,50,,,0,104,,853,50,,,0,99,,854,50,,,0,100,,844,50,,,0,90,,845,50,,,0,90,,846,50,,,0
11101,'Dimanche-01',859,,917,50,,,0,187,,916,50,,,0,295,,918,50,,,0,288,,919,50,,,0,304,,920,50,,,0
11101,'Samedi-01',859,,949,50,,,0,187,,948,50,,,0,295,,950,50,,,0,288,,951,50,,,0,304,,952,50,,,0
11101,'Semaine-01',630,,965,50,,,0,95,,972,50,,,0,130,,973,50,,,0,95,,970,50,,,0,191,,975,50,,,0,265,,956,60,,,0,120,,959,60,,,0,110,,967,60,,,0,110,,968,60,,,0,95,,969,60,,,0,75,,958,60,,,0,305,,971,50,,,0
