100,'Dimanche-01',608,,12,240,,,0,200,,1,240,,,0,125,,2,240,,,0,170,,3,240,,,0,125,,4,240,,,0,124,,5,240,,,0,160,,6,240,,,0,120,,7,240,,,0,124,,8,240,,,0,175,,9,240,,,0,115,,10,240,,,0,155,,11,240,,,0
100,'Fête-1-01',608,,24,240,,,0,200,,13,240,,,0,125,,14,240,,,0,170,,15,240,,,0,125,,16,240,,,0,124,,17,240,,,0,160,,18,240,,,0,120,,19,240,,,0,124,,20,240,,,0,175,,21,240,,,0,115,,22,240,,,0,155,,23,240,,,0
100,'Fête-2-02',452,,25,240,,,0,103,,26,240,,,0,65,,27,240,,,0,81,,28,240,,,0,119,,29,240,,,0,104,,32,240,,,0,95,,41,240,,,0,100,,33,240,,,0,101,,42,240,,,0,80,,34,240,,,0,100,,35,240,,,0,100,,39,240,,,0,110,,36,240,,,0,35,,37,240,,,0,108,,30,240,,,0,95,,31,240,,,0,173,,40,240,,,0,185,,38,240,,,0
100,'Samedi-01',608,,54,240,,,0,200,,43,240,,,0,125,,44,240,,,0,170,,45,240,,,0,125,,46,240,,,0,124,,47,240,,,0,160,,48,240,,,0,120,,49,240,,,0,124,,50,240,,,0,175,,51,240,,,0,115,,52,240,,,0,155,,53,240,,,0
100,'Semaine-01',452,,55,240,,,0,103,,56,240,,,0,65,,57,240,,,0,81,,58,240,,,0,119,,59,240,,,0,105,,62,240,,,0,94,,71,240,,,0,101,,63,240,,,0,100,,72,240,,,0,38,,64,240,,,0,142,,65,240,,,0,100,,69,240,,,0,110,,66,240,,,0,35,,67,240,,,0,108,,60,240,,,0,95,,61,240,,,0,173,,70,240,,,0,185,,68,240,,,0
2000,'Dimanche-01',718,,146,520,,,0,124,,147,520,,,0,166,,148,520,,,0,125,,149,520,,,0,125,,150,520,,,0,164,,151,520,,,0,125,,152,520,,,0,165,,153,520,,,0
2000,'Fête-1-01',718,,154,520,,,0,124,,155,520,,,0,166,,156,520,,,0,125,,157,520,,,0,125,,158,520,,,0,164,,159,520,,,0,125,,160,520,,,0,165,,161,520,,,0
2000,'Fête-2-02',702,,162,510,,,0,125,,163,510,,,0,125,,164,510,,,0,166,,165,510,,,0,126,,166,510,,,0,165,,167,510,,,0,126,,168,510,,,0,166,,169,510,,,0,126,,170,510,,,0
2000,'Samedi-01',718,,171,520,,,0,124,,172,520,,,0,166,,173,520,,,0,125,,174,520,,,0,125,,175,520,,,0,164,,176,520,,,0,125,,177,520,,,0,165,,178,520,,,0
2000,'Semaine-01',702,,179,510,,,0,125,,180,510,,,0,125,,181,510,,,0,166,,182,510,,,0,126,,183,510,,,0,165,,184,510,,,0,126,,185,510,,,0,166,,186,510,,,0,126,,187,510,,,0
2000,'Semaine-01-0001100',1952,,189,510,,,0,164,,188,510,,,0
2800,'Fête-2-02',533,,404,70,,,0,80,,403,90,,,0,20,,405,70,,,0
2800,'Semaine-01',533,,414,70,,,0,80,,413,90,,,0,16,,415,70,,,0
