100,'Dimanche-01',541,,12,40,,,0,200,,1,40,,,0,165,,2,40,,,0,130,,3,40,,,0,165,,4,40,,,0,125,,5,40,,,0,120,,6,40,,,0,160,,7,40,,,0,124,,8,40,,,0,175,,9,40,,,0,115,,10,40,,,0,115,,11,40,,,0
100,'Fête-1-01',541,,24,40,,,0,200,,13,40,,,0,165,,14,40,,,0,130,,15,40,,,0,165,,16,40,,,0,125,,17,40,,,0,120,,18,40,,,0,160,,19,40,,,0,124,,20,40,,,0,175,,21,40,,,0,115,,22,40,,,0,115,,23,40,,,0
100,'Fête-2-02',423,,25,40,,,0,103,,26,40,,,0,25,,27,40,,,0,81,,28,40,,,0,120,,29,40,,,0,105,,32,40,,,0,95,,41,40,,,0,100,,33,40,,,0,100,,42,40,,,0,80,,34,40,,,0,100,,35,40,,,0,100,,39,40,,,0,110,,36,40,,,0,75,,37,40,,,0,109,,30,40,,,0,95,,31,40,,,0,135,,40,40,,,0,185,,38,40,,,0
100,'Samedi-01',541,,54,40,,,0,200,,43,40,,,0,165,,44,40,,,0,130,,45,40,,,0,165,,46,40,,,0,125,,47,40,,,0,120,,48,40,,,0,160,,49,40,,,0,124,,50,40,,,0,175,,51,40,,,0,115,,52,40,,,0,115,,53,40,,,0
100,'Semaine-01',423,,55,40,,,0,103,,56,40,,,0,25,,57,40,,,0,81,,58,40,,,0,120,,59,40,,,0,106,,62,40,,,0,94,,71,40,,,0,101,,63,40,,,0,99,,72,40,,,0,78,,64,40,,,0,102,,65,40,,,0,100,,69,40,,,0,110,,66,40,,,0,75,,67,40,,,0,109,,60,40,,,0,95,,61,40,,,0,135,,70,40,,,0,185,,68,40,,,0
101,'Dimanche-01',830,,73,770,4,,0,206,,74,770,4,,0,171,,75,770,4,,0,133,,76,770,4,,0,167,,77,770,4,,0,120,,78,770,4,,0,120,,79,770,4,,0,160,,80,770,4,,0,117,,81,770,4,,0,134,,82,770,4,,0,154,,83,770,4,,0,113,,84,770,4,,0
101,'Fête-1-01',830,,85,770,4,,0,206,,86,770,4,,0,171,,87,770,4,,0,133,,88,770,4,,0,167,,89,770,4,,0,120,,90,770,4,,0,120,,91,770,4,,0,160,,92,770,4,,0,117,,93,770,4,,0,134,,94,770,4,,0,154,,95,770,4,,0,113,,96,770,4,,0
101,'Fête-2-02',731,,97,770,4,,0,101,,106,770,4,,0,70,,108,770,4,,0,50,,109,770,4,,0,150,,110,770,4,,0,105,,111,770,4,,0,95,,113,770,4,,0,105,,112,770,4,,0,106,,114,770,4,,0,41,,98,770,4,,0,105,,99,770,4,,0,96,,100,770,4,,0,104,,101,770,4,,0,74,,102,770,4,,0,103,,103,770,4,,0,83,,104,770,4,,0,132,,105,770,4,,0,173,,107,770,4,,0
101,'Samedi-01',830,,115,770,4,,0,206,,116,770,4,,0,171,,117,770,4,,0,133,,118,770,4,,0,167,,119,770,4,,0,120,,120,770,4,,0,120,,121,770,4,,0,160,,122,770,4,,0,117,,123,770,4,,0,134,,124,770,4,,0,154,,125,770,4,,0,113,,126,770,4,,0
101,'Semaine-01',731,,127,770,4,,0,6,,145,640,4,,0,95,,136,770,4,,0,70,,138,770,4,,0,50,,139,770,4,,0,150,,140,770,4,,0,105,,141,770,4,,0,95,,143,770,4,,0,105,,142,770,4,,0,106,,144,770,4,,0,41,,128,770,4,,0,105,,129,770,4,,0,96,,130,770,4,,0,104,,131,770,4,,0,74,,132,770,4,,0,103,,133,770,4,,0,83,,134,770,4,,0,132,,135,770,4,,0,173,,137,770,4,,0
