100,'Dimanche-01',539,,12,30,,,0,200,,1,30,,,0,165,,2,30,,,0,130,,3,30,,,0,125,,4,30,,,0,165,,5,30,,,0,120,,6,30,,,0,160,,7,30,,,0,124,,8,30,,,0,175,,9,30,,,0,115,,10,30,,,0,115,,11,30,,,0
100,'Fête-1-01',539,,2637,30,,,0,200,,2626,30,,,0,165,,2627,30,,,0,130,,2628,30,,,0,125,,2629,30,,,0,165,,2630,30,,,0,120,,2631,30,,,0,160,,2632,30,,,0,124,,2633,30,,,0,175,,2634,30,,,0,115,,2635,30,,,0,115,,2636,30,,,0
100,'Samedi-01',539,,54,30,,,0,200,,43,30,,,0,165,,44,30,,,0,130,,45,30,,,0,125,,46,30,,,0,165,,47,30,,,0,120,,48,30,,,0,160,,49,30,,,0,124,,50,30,,,0,175,,51,30,,,0,115,,52,30,,,0,115,,53,30,,,0
100,'Semaine-01',421,,55,30,,,0,103,,56,30,,,0,25,,57,30,,,0,81,,58,30,,,0,120,,59,30,,,0,106,,62,30,,,0,94,,71,30,,,0,101,,63,30,,,0,99,,72,30,,,0,78,,64,30,,,0,102,,65,30,,,0,100,,69,30,,,0,110,,66,30,,,0,75,,67,30,,,0,109,,60,30,,,0,95,,61,30,,,0,135,,70,30,,,0,185,,68,30,,,0
100,'Semaine-02',419,,2638,30,,,0,100,,2639,30,,,0,30,,2640,30,,,0,81,,2641,30,,,0,170,,2642,30,,,0,100,,2645,30,,,0,30,,2654,30,,,0,100,,2646,30,,,0,105,,2655,30,,,0,95,,2647,30,,,0,100,,2648,30,,,0,100,,2652,30,,,0,110,,2649,30,,,0,90,,2650,30,,,0,114,,2643,30,,,0,90,,2644,30,,,0,105,,2653,30,,,0,197,,2651,30,,,0
100,'Semaine-03',421,,2656,30,,,0,103,,2657,30,,,0,25,,2658,30,,,0,81,,2659,30,,,0,120,,2660,30,,,0,106,,2663,30,,,0,94,,2672,30,,,0,101,,2664,30,,,0,99,,2673,30,,,0,78,,2665,30,,,0,102,,2666,30,,,0,100,,2670,30,,,0,110,,2667,30,,,0,75,,2668,30,,,0,109,,2661,30,,,0,95,,2662,30,,,0,135,,2671,30,,,0,185,,2669,30,,,0
101,'Dimanche-01',828,,73,760,4,,0,206,,74,760,4,,0,171,,75,760,4,,0,133,,76,760,4,,0,167,,77,760,4,,0,120,,78,760,4,,0,120,,79,760,4,,0,160,,80,760,4,,0,117,,81,760,4,,0,134,,82,760,4,,0,154,,83,760,4,,0,113,,84,760,4,,0
101,'Fête-1-01',828,,2674,760,4,,0,206,,2675,760,4,,0,171,,2676,760,4,,0,133,,2677,760,4,,0,167,,2678,760,4,,0,120,,2679,760,4,,0,120,,2680,760,4,,0,160,,2681,760,4,,0,117,,2682,760,4,,0,134,,2683,760,4,,0,154,,2684,760,4,,0,113,,2685,760,4,,0
101,'Samedi-01',828,,115,760,4,,0,206,,116,760,4,,0,171,,117,760,4,,0,133,,118,760,4,,0,167,,119,760,4,,0,120,,120,760,4,,0,120,,121,760,4,,0,160,,122,760,4,,0,117,,123,760,4,,0,134,,124,760,4,,0,154,,125,760,4,,0,113,,126,760,4,,0
101,'Semaine-01',729,,127,760,4,,0,101,,136,760,4,,0,70,,138,760,4,,0,50,,139,760,4,,0,150,,140,760,4,,0,105,,141,760,4,,0,95,,143,760,4,,0,105,,142,760,4,,0,106,,144,760,4,,0,41,,128,760,4,,0,105,,129,760,4,,0,96,,130,760,4,,0,104,,131,760,4,,0,74,,132,760,4,,0,103,,133,760,4,,0,83,,134,760,4,,0,132,,135,760,4,,0,173,,137,760,4,,0
101,'Semaine-02',724,,2686,760,4,,0,101,,2695,760,4,,0,30,,2697,760,4,,0,100,,2698,760,4,,0,145,,2699,760,4,,0,55,,2700,760,4,,0,100,,2702,760,4,,0,100,,2701,760,4,,0,151,,2703,760,4,,0,46,,2687,760,4,,0,150,,2688,760,4,,0,51,,2689,760,4,,0,104,,2690,760,4,,0,69,,2691,760,4,,0,29,,2692,760,4,,0,148,,2693,760,4,,0,141,,2694,760,4,,0,188,,2696,760,4,,0
101,'Semaine-03',729,,2704,760,4,,0,101,,2713,760,4,,0,70,,2715,760,4,,0,50,,2716,760,4,,0,150,,2717,760,4,,0,105,,2718,760,4,,0,95,,2720,760,4,,0,105,,2719,760,4,,0,106,,2721,760,4,,0,41,,2705,760,4,,0,105,,2706,760,4,,0,96,,2707,760,4,,0,104,,2708,760,4,,0,74,,2709,760,4,,0,103,,2710,760,4,,0,83,,2711,760,4,,0,132,,2712,760,4,,0,173,,2714,760,4,,0
