101,'Dimanche-01',809,,73,710,,,0,206,,74,710,,,0,131,,75,710,,,0,173,,76,710,,,0,127,,77,710,,,0,160,,78,710,,,0,120,,79,710,,,0,120,,80,710,,,0,157,,81,710,,,0,134,,82,710,,,0,114,,83,710,,,0,153,,84,710,,,0
101,'Fête-1-01',809,,2674,710,,,0,206,,2675,710,,,0,131,,2676,710,,,0,173,,2677,710,,,0,127,,2678,710,,,0,160,,2679,710,,,0,120,,2680,710,,,0,120,,2681,710,,,0,157,,2682,710,,,0,134,,2683,710,,,0,114,,2684,710,,,0,153,,2685,710,,,0
101,'Samedi-01',809,,115,710,,,0,206,,116,710,,,0,131,,117,710,,,0,173,,118,710,,,0,127,,119,710,,,0,160,,120,710,,,0,120,,121,710,,,0,120,,122,710,,,0,157,,123,710,,,0,134,,124,710,,,0,114,,125,710,,,0,153,,126,710,,,0
101,'Semaine-01',709,,127,710,,,0,101,,136,710,,,0,30,,138,710,,,0,90,,139,710,,,0,110,,140,710,,,0,105,,141,710,,,0,95,,143,710,,,0,105,,142,710,,,0,106,,144,710,,,0,81,,128,710,,,0,105,,129,710,,,0,96,,130,710,,,0,105,,131,710,,,0,74,,132,710,,,0,103,,133,710,,,0,43,,134,710,,,0,173,,135,710,,,0,173,,137,710,,,0
101,'Semaine-02',704,,2686,710,,,0,101,,2695,710,,,0,30,,2697,710,,,0,100,,2698,710,,,0,105,,2699,710,,,0,95,,2700,710,,,0,100,,2702,710,,,0,100,,2701,710,,,0,111,,2703,710,,,0,86,,2687,710,,,0,110,,2688,710,,,0,91,,2689,710,,,0,105,,2690,710,,,0,69,,2691,710,,,0,29,,2692,710,,,0,108,,2693,710,,,0,182,,2694,710,,,0,188,,2696,710,,,0
101,'Semaine-03',709,,2704,710,,,0,101,,2713,710,,,0,30,,2715,710,,,0,90,,2716,710,,,0,110,,2717,710,,,0,105,,2718,710,,,0,95,,2720,710,,,0,105,,2719,710,,,0,106,,2721,710,,,0,81,,2705,710,,,0,105,,2706,710,,,0,96,,2707,710,,,0,105,,2708,710,,,0,74,,2709,710,,,0,103,,2710,710,,,0,43,,2711,710,,,0,173,,2712,710,,,0,173,,2714,710,,,0
2001,'Dimanche-01',801,,190,540,,,0,124,,191,540,,,0,126,,192,540,,,0,165,,193,540,,,0,125,,194,540,,,0,165,,195,540,,,0,125,,196,540,,,0,125,,197,540,,,0
2001,'Fête-1-01',801,,2752,540,,,0,124,,2753,540,,,0,126,,2754,540,,,0,165,,2755,540,,,0,125,,2756,540,,,0,165,,2757,540,,,0,125,,2758,540,,,0,125,,2759,540,,,0
2001,'Samedi-01',801,,215,540,,,0,124,,216,540,,,0,126,,217,540,,,0,165,,218,540,,,0,125,,219,540,,,0,165,,220,540,,,0,125,,221,540,,,0,125,,222,540,,,0
2001,'Semaine-01',747,,223,530,,,0,166,,224,530,,,0,124,,225,530,,,0,166,,226,530,,,0,126,,227,530,,,0,125,,228,530,,,0,166,,229,530,,,0,126,,230,530,,,0,164,,231,530,,,0
2001,'Semaine-01-0001100',2032,,233,530,,,0,124,,232,530,,,0
2001,'Semaine-02',747,,2760,530,,,0,166,,2761,530,,,0,124,,2762,530,,,0,166,,2763,530,,,0,126,,2764,530,,,0,125,,2765,530,,,0,166,,2766,530,,,0,126,,2767,530,,,0,164,,2768,530,,,0
2001,'Semaine-02-0001100',2032,,2770,530,,,0,124,,2769,530,,,0
2001,'Semaine-03',747,,2771,530,,,0,166,,2772,530,,,0,124,,2773,530,,,0,166,,2774,530,,,0,126,,2775,530,,,0,125,,2776,530,,,0,166,,2777,530,,,0,126,,2778,530,,,0,164,,2779,530,,,0
2001,'Semaine-03-0001100',2032,,2781,530,,,0,124,,2780,530,,,0
