100,78652,1,0
100,78648,2,0
100,78443,3,0
100,78712,4,0
100,78662,5,0
100,78655,6,0
100,78713,7,0
100,78714,8,0
100,78663,9,0
100,78715,10,0
100,78664,11,0
100,78432,12,0
100,78650,13,0
100,78413,14,0
100,78409,15,0
100,78716,16,0
100,78415,17,0
100,78417,18,0
100,78419,19,0
100,78717,20,0
100,78421,21,0
100,78423,22,0
100,78427,23,0
100,78718,24,0
100,78435,25,0
100,78383,26,0
100,78640,27,0
100,78719,28,0
100,78407,29,0
100,78366,30,0
100,78368,31,0
100,78395,32,0
100,78822,33,0
100,78755,34,0
100,78642,35,0
100,78370,36,0
100,78372,37,0
100,78374,38,0
100,78376,39,0
100,78378,40,0
100,78720,41,0
100,78381,42,0
100,78380,43,0
100,78397,44,0
100,78389,45,0
100,78644,46,0
100,78391,47,0
100,78393,48,0
100,78399,49,0
100,78324,50,0
100,78326,51,0
100,78328,52,0
100,78330,53,0
100,78332,54,0
100,78334,55,0
100,78336,56,0
100,78338,57,0
100,78322,58,0
100,78318,59,0
100,78320,60,0
100,78448,61,0
100,78721,62,0
100,78722,63,0
100,78724,64,0
100,78725,65,0
100,78726,66,0
100,78002,67,0
100,78356,68,0
100,78342,69,0
100,78350,70,0
100,78352,71,0
100,78354,72,0
100,78344,73,0
100,78358,74,0
100,78360,75,0
100,78362,76,0
100,78340,77,0
100,78290,78,0
100,78292,79,0
100,78284,80,0
100,78608,81,0
100,78296,82,0
100,78282,83,0
100,78298,84,0
100,78300,85,0
100,78729,86,0
100,78245,87,0
100,78244,88,0
100,78243,89,0
100,78217,90,0
100,78145,91,0
100,78024,92,0
100,78131,93,0
100,78162,94,0
100,78172,95,0
100,78176,96,0
100,78157,97,0
100,78124,98,0
100,78171,99,0
100,78178,100,0
100,78160,101,0
100,78132,102,0
100,78179,103,0
100,78136,104,0
100,78125,105,0
100,78730,106,0
100,78731,107,0
100,78734,108,0
100,78275,109,0
100,78274,110,0
100,77655,111,0
100,77501,112,0
100,77657,113,0
100,77503,114,0
100,77504,115,0
100,77505,116,0
100,77506,117,0
100,77509,118,0
100,77507,119,0
100,77508,120,0
100,78364,121,1
101,78364,1,0
101,78561,2,0
101,78564,3,0
101,78568,4,0
101,78565,5,0
101,78567,6,0
101,78559,7,0
101,78569,8,0
101,78563,9,0
101,76557,10,0
101,78315,11,0
101,78606,12,0
101,78898,13,0
101,78126,14,0
101,78135,15,0
101,78180,16,0
101,78137,17,0
101,78138,18,0
101,78177,19,0
101,78120,20,0
101,78123,21,0
101,78155,22,0
101,78174,23,0
101,78158,24,0
101,78173,25,0
101,78184,26,0
101,78130,27,0
101,78023,28,0
101,78144,29,0
101,78215,30,0
101,78216,31,0
101,78233,32,0
101,78245,33,0
101,78244,34,0
101,78285,35,0
101,78611,36,0
101,78607,37,0
101,78297,38,0
101,78299,39,0
101,78295,40,0
101,78294,41,0
101,78283,42,0
101,78291,43,0
101,78289,44,0
101,78339,45,0
101,78361,46,0
101,78347,47,0
101,78357,48,0
101,78355,49,0
101,78343,50,0
101,78353,51,0
101,78351,52,0
101,78341,53,0
101,78345,54,0
101,78588,55,0
101,78586,56,0
101,78700,57,0
101,78587,58,0
101,78701,59,0
101,78702,60,0
101,78623,61,0
101,78319,62,0
101,78317,63,0
101,78321,64,0
101,78337,65,0
101,78335,66,0
101,78333,67,0
101,78331,68,0
101,78329,69,0
101,78327,70,0
101,78325,71,0
101,78323,72,0
101,78398,73,0
101,78392,74,0
101,78390,75,0
101,78643,76,0
101,78388,77,0
101,78396,78,0
101,78379,79,0
101,78400,80,0
101,78704,81,0
101,78377,82,0
101,78375,83,0
101,78373,84,0
101,78371,85,0
101,78369,86,0
101,78641,87,0
101,78754,88,0
101,78821,89,0
101,78394,90,0
101,78367,91,0
101,78365,92,0
101,78406,93,0
101,78705,94,0
101,78639,95,0
101,78382,96,0
101,78386,97,0
101,78659,98,0
101,78660,99,0
101,78434,100,0
101,78706,101,0
101,78426,102,0
101,78422,103,0
101,78661,104,0
101,78418,105,0
101,78416,106,0
101,78414,107,0
101,78651,108,0
101,78707,109,0
101,78708,110,0
101,78709,111,0
101,78652,112,0
101,78646,113,0
101,78605,114,0
101,78710,115,0
101,78711,116,0
101,78647,117,0
101,78648,118,0
101,78443,119,0
101,78712,120,0
101,78662,121,0
101,78655,122,0
101,78713,123,0
101,78714,124,0
101,78663,125,0
101,78715,126,0
101,78664,127,0
101,78432,128,1
2000,78324,1,0
2000,78326,2,0
2000,78328,3,0
2000,78330,4,0
2000,78332,5,0
2000,78334,6,0
2000,78336,7,0
2000,78596,8,0
2000,78530,9,0
2000,78598,10,0
2000,78599,11,0
2000,78600,12,0
2000,78601,13,0
2000,78602,14,0
2000,78448,15,0
2000,78721,16,0
2000,78722,17,0
2000,78724,18,0
2000,78725,19,0
2000,78726,20,0
2000,78002,21,0
2000,78356,22,0
2000,78509,23,0
2000,78510,24,0
2000,78511,25,0
2000,78512,26,0
2000,78513,27,0
2000,78514,28,0
2000,78515,29,0
2000,78516,30,0
2000,78517,31,0
2000,78518,32,0
2000,78519,33,0
2000,78520,34,0
2000,78521,35,0
2000,78522,36,0
2000,78523,37,0
2000,78524,38,0
2000,78525,39,0
2000,78526,40,0
2000,78527,41,0
2000,78528,42,0
2000,78529,43,0
2000,78342,44,0
2000,78350,45,0
2000,78352,46,0
2000,78354,47,0
2000,78344,48,0
2000,78358,49,0
2000,78570,50,0
2000,78571,51,0
2000,78572,52,0
2000,78573,53,0
2000,78574,54,0
2000,78575,55,1
2001,78531,1,0
2001,78532,2,0
2001,78533,3,0
2001,78534,4,0
2001,78535,5,0
2001,78536,6,0
2001,78537,7,0
2001,78357,8,0
2001,78355,9,0
2001,78343,10,0
2001,78353,11,0
2001,78351,12,0
2001,78341,13,0
2001,78345,14,0
2001,78588,15,0
2001,78586,16,0
2001,78700,17,0
2001,78587,18,0
2001,78538,19,0
2001,78539,20,0
2001,78540,21,0
2001,78541,22,0
2001,78546,23,0
2001,78547,24,0
2001,78521,25,0
2001,78522,26,0
2001,78523,27,0
2001,78524,28,0
2001,78548,29,0
2001,78549,30,0
2001,78550,31,0
2001,78551,32,0
2001,78552,33,0
2001,78553,34,0
2001,78554,35,0
2001,78555,36,0
2001,78556,37,0
2001,78557,38,0
2001,78558,39,0
2001,78560,40,0
2001,78701,41,0
2001,78702,42,0
2001,78623,43,0
2001,78589,44,0
2001,78590,45,0
2001,78591,46,0
2001,78592,47,0
2001,78593,48,0
2001,78594,49,0
2001,78595,50,0
2001,78335,51,0
2001,78333,52,0
2001,78331,53,0
2001,78329,54,0
2001,78327,55,0
2001,78325,56,0
2001,78323,57,1
2100,78753,1,0
2100,78156,2,0
2100,78543,3,0
2100,78545,4,0
2100,78109,5,0
2100,78147,6,0
2100,78149,7,0
2100,78107,8,0
2100,78105,9,0
2100,78103,10,0
2100,78076,11,0
2100,78101,12,0
2100,78115,13,0
2100,78057,14,0
2100,78116,15,0
2100,78117,16,0
2100,78045,17,0
2100,78046,18,0
2100,78132,19,0
2100,78179,20,0
2100,78136,21,0
2100,78125,22,0
2100,78730,23,0
2100,78731,24,0
2100,78734,25,0
2100,78275,26,0
2100,78274,27,0
2100,77655,28,0
2100,77501,29,0
2100,77657,30,0
2100,77503,31,0
2100,77504,32,0
2100,77505,33,0
2100,77506,34,0
2100,77509,35,0
2100,77507,36,0
2100,77508,37,0
2100,78364,38,1
2101,78364,1,0
2101,78561,2,0
2101,78564,3,0
2101,78568,4,0
2101,78565,5,0
2101,78567,6,0
2101,78559,7,0
2101,78569,8,0
2101,78563,9,0
2101,76557,10,0
2101,78315,11,0
2101,78606,12,0
2101,78898,13,0
2101,78126,14,0
2101,78135,15,0
2101,78180,16,0
2101,78445,17,0
2101,78087,18,0
2101,78088,19,0
2101,78056,20,0
2101,78099,21,0
2101,78100,22,0
2101,78075,23,0
2101,78102,24,0
2101,78104,25,0
2101,78106,26,0
2101,78148,27,0
2101,78146,28,0
2101,78108,29,0
2101,78544,30,0
2101,78542,31,0
2101,78159,32,0
2101,78886,33,1
2200,78055,1,0
2200,78042,2,0
2200,78151,3,0
2200,78040,4,0
2200,78038,5,0
2200,78036,6,0
2200,78033,7,0
2200,78031,8,0
2200,78029,9,0
2200,78028,10,0
2200,78025,11,0
2200,78020,12,0
2200,78018,13,0
2200,78016,14,0
2200,78014,15,0
2200,78013,16,0
2200,78508,17,0
2200,78136,18,0
2200,78125,19,0
2200,78730,20,0
2200,78731,21,0
2200,78734,22,0
2200,78275,23,0
2200,78274,24,0
2200,77655,25,0
2200,77501,26,0
2200,77657,27,0
2200,77503,28,0
2200,77504,29,0
2200,77505,30,0
2200,77506,31,0
2200,77509,32,0
2200,77507,33,0
2200,77508,34,0
2200,78364,35,1
2201,78364,1,0
2201,78561,2,0
2201,78564,3,0
2201,78568,4,0
2201,78565,5,0
2201,78567,6,0
2201,78559,7,0
2201,78569,8,0
2201,78563,9,0
2201,76557,10,0
2201,78315,11,0
2201,78606,12,0
2201,78898,13,0
2201,78126,14,0
2201,78135,15,0
2201,78152,16,0
2201,78015,17,0
2201,78017,18,0
2201,78019,19,0
2201,78021,20,0
2201,78026,21,0
2201,78027,22,0
2201,78030,23,0
2201,78032,24,0
2201,78034,25,0
2201,78035,26,0
2201,78037,27,0
2201,78039,28,0
2201,78150,29,0
2201,78041,30,0
2201,78055,31,1
2300,78047,1,0
2300,78048,2,0
2300,78050,3,0
2300,78269,4,0
2300,78052,5,0
2300,78054,6,0
2300,78059,7,0
2300,78061,8,0
2300,78063,9,0
2300,78065,10,0
2300,78153,11,0
2300,78068,12,0
2300,78232,13,0
2300,78070,14,0
2300,78217,15,0
2300,78145,16,0
2300,78024,17,0
2300,78131,18,0
2300,78162,19,0
2300,78172,20,0
2300,78176,21,0
2300,78157,22,0
2300,78071,23,0
2300,78202,24,0
2300,78074,25,0
2300,78078,26,0
2300,78080,27,0
2300,78081,28,0
2300,78083,29,0
2300,78085,30,0
2300,78127,31,0
2300,78730,32,0
2300,78731,33,0
2300,78734,34,0
2300,78275,35,0
2300,78274,36,0
2300,77655,37,0
2300,77501,38,0
2300,77657,39,0
2300,77503,40,0
2300,77504,41,0
2300,77505,42,0
2300,77506,43,0
2300,77509,44,0
2300,77507,45,0
2300,77508,46,0
2300,78364,47,1
2301,78364,1,0
2301,78561,2,0
2301,78564,3,0
2301,78568,4,0
2301,78565,5,0
2301,78567,6,0
2301,78559,7,0
2301,78569,8,0
2301,78563,9,0
2301,76557,10,0
2301,78315,11,0
2301,78606,12,0
2301,78898,13,0
2301,78128,14,0
2301,78089,15,0
2301,78084,16,0
2301,78082,17,0
2301,78079,18,0
2301,78077,19,0
2301,78073,20,0
2301,78203,21,0
2301,78072,22,0
2301,78155,23,0
2301,78174,24,0
2301,78158,25,0
2301,78173,26,0
2301,78184,27,0
2301,78130,28,0
2301,78023,29,0
2301,78144,30,0
2301,78215,31,0
2301,78216,32,0
2301,78069,33,0
2301,78233,34,0
2301,78067,35,0
2301,78154,36,0
2301,78066,37,0
2301,78064,38,0
2301,78062,39,0
2301,78060,40,0
2301,78058,41,0
2301,78053,42,0
2301,78270,43,0
2301,78051,44,0
2301,78049,45,0
2301,78254,46,1
2400,78239,1,0
2400,78447,2,0
2400,78242,3,0
2400,78185,4,0
2400,78246,5,0
2400,78879,6,0
2400,78197,7,0
2400,78199,8,0
2400,78201,9,0
2400,78250,10,0
2400,78897,11,0
2400,78251,12,0
2400,78024,13,0
2400,78131,14,0
2400,78162,15,0
2400,78172,16,0
2400,78176,17,0
2400,78157,18,0
2400,78071,19,0
2400,78202,20,0
2400,78183,21,0
2400,78142,22,0
2400,78122,23,0
2400,78092,24,0
2400,78086,25,0
2400,78127,26,0
2400,78730,27,0
2400,78731,28,0
2400,78734,29,0
2400,78275,30,0
2400,78274,31,0
2400,77655,32,0
2400,77501,33,0
2400,77657,34,0
2400,77503,35,0
2400,77504,36,0
2400,77505,37,0
2400,77506,38,0
2400,77509,39,0
2400,77507,40,0
2400,77508,41,0
2400,78364,42,1
2401,78364,1,0
2401,78561,2,0
2401,78564,3,0
2401,78568,4,0
2401,78565,5,0
2401,78567,6,0
2401,78559,7,0
2401,78569,8,0
2401,78563,9,0
2401,76557,10,0
2401,78315,11,0
2401,78606,12,0
2401,78898,13,0
2401,78128,14,0
2401,78089,15,0
2401,78091,16,0
2401,78090,17,0
2401,78141,18,0
2401,78181,19,0
2401,78204,20,0
2401,78072,21,0
2401,78155,22,0
2401,78174,23,0
2401,78158,24,0
2401,78173,25,0
2401,78184,26,0
2401,78130,27,0
2401,78023,28,0
2401,78144,29,0
2401,78249,30,0
2401,78248,31,0
2401,78198,32,0
2401,78247,33,0
2401,78505,34,0
2401,78871,35,0
2401,78872,36,0
2401,78873,37,0
2401,78874,38,1
2500,78874,1,0
2500,78875,2,0
2500,78876,3,0
2500,78752,4,0
2500,78235,5,0
2500,78234,6,0
2500,78229,7,0
2500,78258,8,0
2500,78231,9,0
2500,78256,10,0
2500,78140,11,0
2500,78190,12,0
2500,78098,13,0
2500,78096,14,0
2500,78094,15,0
2500,78267,16,0
2500,78265,17,0
2500,78183,18,0
2500,78142,19,0
2500,78122,20,0
2500,78092,21,0
2500,78086,22,0
2500,78127,23,0
2500,78730,24,0
2500,78731,25,0
2500,78734,26,0
2500,78275,27,0
2500,78274,28,0
2500,77655,29,0
2500,77501,30,0
2500,77657,31,0
2500,77503,32,0
2500,77504,33,0
2500,77505,34,0
2500,77506,35,0
2500,77509,36,0
2500,77507,37,0
2500,77508,38,0
2500,78364,39,1
2501,78364,1,0
2501,78561,2,0
2501,78564,3,0
2501,78568,4,0
2501,78565,5,0
2501,78567,6,0
2501,78559,7,0
2501,78569,8,0
2501,78563,9,0
2501,76557,10,0
2501,78315,11,0
2501,78606,12,0
2501,78898,13,0
2501,78128,14,0
2501,78089,15,0
2501,78091,16,0
2501,78090,17,0
2501,78141,18,0
2501,78181,19,0
2501,78264,20,0
2501,78266,21,0
2501,78093,22,0
2501,78095,23,0
2501,78097,24,0
2501,78189,25,0
2501,78139,26,0
2501,78255,27,0
2501,78230,28,0
2501,78257,29,0
2501,78228,30,0
2501,78235,31,0
2501,78234,32,0
2501,78877,33,0
2501,78193,34,0
2501,78194,35,0
2501,78239,36,0
2501,78447,37,0
2501,78242,38,0
2501,78185,39,0
2501,78246,40,0
2501,78879,41,0
2501,78197,42,0
2501,78199,43,0
2501,78201,44,0
2501,78250,45,0
2501,78897,46,0
2501,78251,47,1
2600,78235,1,0
2600,78234,2,0
2600,78163,3,0
2600,78237,4,0
2600,78186,5,0
2600,78239,6,0
2600,78447,7,0
2600,78242,8,0
2600,78185,9,0
2600,78246,10,0
2600,78879,11,0
2600,78197,12,0
2600,78199,13,0
2600,78201,14,0
2600,78250,15,0
2600,78897,16,0
2600,78251,17,0
2600,78024,18,0
2600,78131,19,0
2600,78162,20,0
2600,78200,21,0
2600,78112,22,0
2600,78252,23,0
2600,78253,24,0
2600,78191,25,0
2600,78139,26,0
2600,78255,27,0
2600,78230,28,0
2600,78257,29,0
2600,78259,30,0
2600,78209,31,0
2600,78206,32,0
2600,78261,33,0
2600,78263,34,0
2600,78182,35,0
2600,78264,36,0
2600,78266,37,0
2600,78268,38,0
2600,78005,39,0
2600,78006,40,0
2600,78175,41,0
2600,78157,42,0
2600,78124,43,0
2600,78171,44,0
2600,78178,45,0
2600,78132,46,0
2600,78179,47,0
2600,78136,48,0
2600,78125,49,0
2600,78730,50,0
2600,78731,51,0
2600,78734,52,0
2600,78275,53,0
2600,78274,54,0
2600,77655,55,0
2600,77501,56,0
2600,77657,57,0
2600,77503,58,0
2600,77504,59,0
2600,77505,60,0
2600,77506,61,0
2600,77509,62,0
2600,77507,63,0
2600,77508,64,0
2600,78364,65,1
2700,78223,1,0
2700,78225,2,0
2700,78221,3,0
2700,78008,4,0
2700,78227,5,0
2700,78229,6,0
2700,78881,7,0
2700,78213,8,0
2700,78165,9,0
2700,78010,10,0
2700,78211,11,0
2700,78012,12,0
2700,78208,13,0
2700,78206,14,0
2700,78261,15,0
2700,78263,16,0
2700,78182,17,0
2700,78136,18,1
2701,78136,1,0
2701,78181,2,0
2701,78262,3,0
2701,78260,4,0
2701,78205,5,0
2701,78207,6,0
2701,78011,7,0
2701,78210,8,0
2701,78009,9,0
2701,78164,10,0
2701,78212,11,0
2701,78867,12,0
2701,78228,13,0
2701,78226,14,0
2701,78007,15,0
2701,78143,16,0
2701,78224,17,0
2701,78223,18,1
2800,78432,1,0
2800,78435,2,0
2800,78640,3,0
2800,78368,4,0
2800,78755,5,0
2800,78374,6,0
2800,78380,7,0
2800,78326,8,0
2800,78320,9,0
2800,78724,10,0
2800,78725,11,0
2800,78726,12,0
2800,78002,13,0
2800,78356,14,0
2800,78342,15,0
2800,78350,16,0
2800,78352,17,0
2800,78354,18,0
2800,78344,19,0
2800,78358,20,0
2800,78360,21,0
2800,78362,22,0
2800,78340,23,0
2800,78290,24,0
2800,78292,25,0
2800,78284,26,0
2800,78608,27,0
2800,78296,28,0
2800,78282,29,0
2800,78298,30,0
2800,78300,31,0
2800,78729,32,0
2800,78214,33,0
2800,78145,34,0
2800,78024,35,0
2800,78131,36,0
2800,78162,37,0
2800,78172,38,0
2800,78176,39,0
2800,78157,40,0
2800,78124,41,0
2800,78171,42,0
2800,78178,43,0
2800,78160,44,0
2800,78132,45,0
2800,78179,46,0
2800,78168,47,0
2800,78125,48,0
2800,78730,49,0
2800,78731,50,0
2800,78734,51,0
2800,78275,52,0
2800,78274,53,0
2800,16000,54,1
2801,16000,1,0
2801,78606,2,0
2801,78898,3,0
2801,78126,4,0
2801,78168,5,0
2801,78180,6,0
2801,78137,7,0
2801,78138,8,0
2801,78177,9,0
2801,78120,10,0
2801,78123,11,0
2801,78155,12,0
2801,78174,13,0
2801,78158,14,0
2801,78173,15,0
2801,78184,16,0
2801,78130,17,0
2801,78023,18,0
2801,78144,19,0
2801,78215,20,0
2801,78285,21,0
2801,78611,22,0
2801,78607,23,0
2801,78297,24,0
2801,78299,25,0
2801,78295,26,0
2801,78294,27,0
2801,78283,28,0
2801,78291,29,0
2801,78289,30,0
2801,78339,31,0
2801,78361,32,0
2801,78347,33,0
2801,78357,34,0
2801,78355,35,0
2801,78343,36,0
2801,78353,37,0
2801,78351,38,0
2801,78341,39,0
2801,78345,40,0
2801,78588,41,0
2801,78586,42,0
2801,78700,43,0
2801,78587,44,0
2801,78319,45,0
2801,78325,46,0
2801,78379,47,0
2801,78373,48,0
2801,78754,49,0
2801,78367,50,0
2801,78639,51,0
2801,78434,52,0
2801,78432,53,1
2900,78856,1,0
2900,78857,2,0
2900,78858,3,0
2900,78859,4,0
2900,78860,5,0
2900,78861,6,0
2900,78862,7,0
2900,78863,8,0
2900,78864,9,0
2900,78865,10,0
2900,78866,11,0
2900,78678,12,0
2900,78679,13,0
2900,78680,14,0
2900,78681,15,0
2900,78682,16,0
2900,78869,17,0
2900,78125,18,0
2900,78730,19,0
2900,78731,20,0
2900,78734,21,0
2900,78275,22,0
2900,78274,23,0
2900,77655,24,0
2900,77501,25,0
2900,77657,26,0
2900,77503,27,0
2900,77504,28,0
2900,77505,29,0
2900,77506,30,0
2900,77509,31,0
2900,77507,32,0
2900,77508,33,0
2900,78364,34,1
2901,78364,1,0
2901,78561,2,0
2901,78564,3,0
2901,78568,4,0
2901,78565,5,0
2901,78567,6,0
2901,78559,7,0
2901,78569,8,0
2901,78563,9,0
2901,76557,10,0
2901,78315,11,0
2901,78606,12,0
2901,78898,13,0
2901,78856,14,0
2901,78857,15,0
2901,78858,16,0
2901,78859,17,0
2901,78860,18,0
2901,78861,19,0
2901,78862,20,0
2901,78863,21,0
2901,78864,22,0
2901,78865,23,0
2901,78866,24,0
2901,78678,25,0
2901,78679,26,0
2901,78680,27,0
2901,78681,28,0
2901,78682,29,0
2901,78869,30,1
3100,78364,1,0
3100,78561,2,0
3100,78564,3,0
3100,78568,4,0
3100,78565,5,0
3100,78567,6,0
3100,78559,7,0
3100,78569,8,0
3100,78563,9,0
3100,76557,10,0
3100,78315,11,0
3100,78606,12,0
3100,78898,13,0
3100,78126,14,0
3100,78135,15,0
3100,78180,16,0
3100,78445,17,0
3100,78087,18,0
3100,78088,19,0
3100,78056,20,0
3100,78099,21,0
3100,78100,22,0
3100,78075,23,0
3100,78169,24,0
3100,78113,25,0
3100,78118,26,0
3100,78133,27,0
3100,78043,28,1
3101,78043,1,0
3101,78120,2,0
3101,78123,3,0
3101,78071,4,0
3101,78202,5,0
3101,78183,6,0
3101,78142,7,0
3101,78122,8,0
3101,78092,9,0
3101,78086,10,0
3101,78127,11,0
3101,78730,12,0
3101,78731,13,0
3101,78734,14,0
3101,78275,15,0
3101,78274,16,0
3101,77655,17,0
3101,77501,18,0
3101,77657,19,0
3101,77503,20,0
3101,77504,21,0
3101,77505,22,0
3101,77506,23,0
3101,77509,24,0
3101,77507,25,0
3101,77508,26,0
3101,78364,27,1
3200,78364,1,0
3200,78561,2,0
3200,78564,3,0
3200,78568,4,0
3200,78565,5,0
3200,78567,6,0
3200,78559,7,0
3200,78569,8,0
3200,78563,9,0
3200,76557,10,0
3200,78315,11,0
3200,78606,12,0
3200,78898,13,0
3200,78128,14,0
3200,78089,15,0
3200,78091,16,0
3200,78090,17,0
3200,78141,18,0
3200,78181,19,0
3200,78204,20,0
3200,78072,21,0
3200,78171,22,1
3201,78171,1,0
3201,78044,2,0
3201,78134,3,0
3201,78119,4,0
3201,78114,5,0
3201,78170,6,0
3201,78076,7,0
3201,78101,8,0
3201,78115,9,0
3201,78057,10,0
3201,78116,11,0
3201,78117,12,0
3201,78045,13,0
3201,78046,14,0
3201,78132,15,0
3201,78179,16,0
3201,78136,17,0
3201,78125,18,0
3201,78730,19,0
3201,78731,20,0
3201,78734,21,0
3201,78275,22,0
3201,78274,23,0
3201,77655,24,0
3201,77501,25,0
3201,77657,26,0
3201,77503,27,0
3201,77504,28,0
3201,77505,29,0
3201,77506,30,0
3201,77509,31,0
3201,77507,32,0
3201,77508,33,0
3201,78364,34,1
3300,78885,1,0
3300,78003,2,0
3300,78047,3,0
3300,78048,4,0
3300,78050,5,0
3300,78269,6,0
3300,78052,7,0
3300,78054,8,0
3300,78022,9,0
3300,78131,10,0
3300,78162,11,0
3300,78172,12,0
3300,78176,13,0
3300,78157,14,0
3300,78161,15,0
3300,78893,16,0
3300,78043,17,1
3301,78043,1,0
3301,78120,2,0
3301,78123,3,0
3301,78155,4,0
3301,78174,5,0
3301,78158,6,0
3301,78173,7,0
3301,78184,8,0
3301,78130,9,0
3301,78023,10,0
3301,78144,11,0
3301,78215,12,0
3301,78506,13,0
3301,78507,14,0
3301,78216,15,0
3301,78069,16,0
3301,78233,17,0
3301,78245,18,0
3301,78244,19,0
3301,78885,20,1
9000,78217,1,0
9000,78145,2,0
9000,78024,3,0
9000,78131,4,0
9000,78162,5,0
9000,78172,6,0
9000,78176,7,0
9000,78157,8,0
9000,78124,9,0
9000,78171,10,0
9000,78178,11,0
9000,78132,12,0
9000,78179,13,0
9000,78136,14,0
9000,78125,15,0
9000,78730,16,0
9000,78731,17,0
9000,78734,18,0
9000,78275,19,0
9000,78274,20,0
9000,78896,21,1
9001,78896,1,0
9001,78606,2,0
9001,78898,3,0
9001,78126,4,0
9001,78135,5,0
9001,78180,6,0
9001,78137,7,0
9001,78138,8,0
9001,78177,9,0
9001,78120,10,0
9001,78123,11,0
9001,78155,12,0
9001,78174,13,0
9001,78158,14,0
9001,78173,15,0
9001,78184,16,0
9001,78130,17,0
9001,78023,18,0
9001,78144,19,0
9001,78215,20,1
9700,78823,1,0
9700,78794,2,0
9700,78795,3,0
9700,78796,4,0
9700,78824,5,0
9700,78825,6,0
9700,78826,7,0
9700,78818,8,0
9700,78797,9,0
9700,78798,10,0
9700,78799,11,0
9700,78800,12,0
9700,78819,13,0
9700,78801,14,0
9700,78820,15,0
9700,78802,16,0
9700,78827,17,0
9700,78803,18,0
9700,78804,19,0
9700,78805,20,0
9700,78806,21,0
9700,78807,22,0
9700,78808,23,0
9700,78809,24,0
9700,78810,25,0
9700,78811,26,0
9700,78812,27,0
9700,78813,28,0
9700,78814,29,0
9700,78847,30,0
9700,78773,31,0
9700,78763,32,0
9700,78605,33,0
9700,78711,34,0
9700,78647,35,0
9700,78648,36,0
9700,78443,37,0
9700,78712,38,0
9700,78662,39,0
9700,78655,40,0
9700,78713,41,0
9700,78714,42,0
9700,78663,43,0
9700,78715,44,0
9700,78664,45,0
9700,78433,46,1
9701,78433,1,0
9701,78843,2,0
9701,78830,3,0
9701,78814,4,0
9701,78813,5,0
9701,78833,6,0
9701,78834,7,0
9701,78835,8,0
9701,78836,9,0
9701,78837,10,0
9701,78838,11,0
9701,78839,12,0
9701,78840,13,0
9701,78841,14,0
9701,78842,15,0
9701,78829,16,0
9701,78785,17,0
9701,78815,18,0
9701,78786,19,0
9701,78816,20,0
9701,78787,21,0
9701,78788,22,0
9701,78789,23,0
9701,78790,24,0
9701,78817,25,0
9701,78846,26,0
9701,78845,27,0
9701,78844,28,0
9701,78791,29,0
9701,78792,30,0
9701,78793,31,0
9701,78823,32,0
9701,78763,33,0
9701,78605,34,0
9701,78711,35,0
9701,78647,36,0
9701,78648,37,0
9701,78443,38,0
9701,78712,39,0
9701,78662,40,1
9900,78433,1,0
9900,78650,2,0
9900,78756,3,0
9900,78757,4,0
9900,78758,5,0
9900,78759,6,0
9900,78760,7,0
9900,78761,8,0
9900,78829,9,0
9900,78762,10,1
9901,78762,1,0
9901,78827,2,0
9901,78763,3,0
9901,78605,4,0
9901,78711,5,0
9901,78647,6,0
9901,78648,7,0
9901,78443,8,0
9901,78712,9,0
9901,78662,10,0
9901,78655,11,0
9901,78713,12,0
9901,78714,13,0
9901,78663,14,0
9901,78715,15,0
9901,78664,16,0
9901,78432,17,1
